role,rank,pid,phase,batch_id,id,operator,items,input_shapes,input_dtypes,inputs,cpu_range_ns,gpu_kernel_ns,gpu_kernel_count
cloud,0,9274,prefill,2b19945777114854b82d6cd44b40f27b,optrace:9274:1,aten.lift_fresh.default,"[{""request_id"": ""c4f28400bfd54f3bbb86f843f6fb61f5"", ""position"": 0, ""query_len"": 4096}]",[[4096]],"[""torch.int64""]","[{""argument"": ""args[0]"", ""shape"": [4096], ""dtype"": ""torch.int64"", ""device"": ""cuda:0"", ""stride"": [1]}]",15303,0,0
cloud,0,9274,prefill,2b19945777114854b82d6cd44b40f27b,optrace:9274:2,aten.detach_.default,"[{""request_id"": ""c4f28400bfd54f3bbb86f843f6fb61f5"", ""position"": 0, ""query_len"": 4096}]",[[4096]],"[""torch.int64""]","[{""argument"": ""args[0]"", ""shape"": [4096], ""dtype"": ""torch.int64"", ""device"": ""cuda:0"", ""stride"": [1]}]",13989,0,0
cloud,0,9274,prefill,2b19945777114854b82d6cd44b40f27b,optrace:9274:3,aten.lift_fresh.default,"[{""request_id"": ""c4f28400bfd54f3bbb86f843f6fb61f5"", ""position"": 0, ""query_len"": 4096}]",[[1]],"[""torch.int32""]","[{""argument"": ""args[0]"", ""shape"": [1], ""dtype"": ""torch.int32"", ""device"": ""cuda:0"", ""stride"": [1]}]",5381,0,0
cloud,0,9274,prefill,2b19945777114854b82d6cd44b40f27b,optrace:9274:4,aten.detach_.default,"[{""request_id"": ""c4f28400bfd54f3bbb86f843f6fb61f5"", ""position"": 0, ""query_len"": 4096}]",[[1]],"[""torch.int32""]","[{""argument"": ""args[0]"", ""shape"": [1], ""dtype"": ""torch.int32"", ""device"": ""cuda:0"", ""stride"": [1]}]",3430,0,0
cloud,0,9274,prefill,2b19945777114854b82d6cd44b40f27b,optrace:9274:5,aten.lift_fresh.default,"[{""request_id"": ""c4f28400bfd54f3bbb86f843f6fb61f5"", ""position"": 0, ""query_len"": 4096}]",[[1]],"[""torch.int32""]","[{""argument"": ""args[0]"", ""shape"": [1], ""dtype"": ""torch.int32"", ""device"": ""cuda:0"", ""stride"": [1]}]",9839,0,0
cloud,0,9274,prefill,2b19945777114854b82d6cd44b40f27b,optrace:9274:6,aten.detach_.default,"[{""request_id"": ""c4f28400bfd54f3bbb86f843f6fb61f5"", ""position"": 0, ""query_len"": 4096}]",[[1]],"[""torch.int32""]","[{""argument"": ""args[0]"", ""shape"": [1], ""dtype"": ""torch.int32"", ""device"": ""cuda:0"", ""stride"": [1]}]",3763,0,0
cloud,0,9274,prefill,2b19945777114854b82d6cd44b40f27b,optrace:9274:7,aten.empty.memory_format,"[{""request_id"": ""c4f28400bfd54f3bbb86f843f6fb61f5"", ""position"": 0, ""query_len"": 4096}]",[],[],[],39498,0,0
cloud,0,9274,prefill,2b19945777114854b82d6cd44b40f27b,optrace:9274:8,aten.lift_fresh.default,"[{""request_id"": ""c4f28400bfd54f3bbb86f843f6fb61f5"", ""position"": 0, ""query_len"": 4096}]",[[2]],"[""torch.int32""]","[{""argument"": ""args[0]"", ""shape"": [2], ""dtype"": ""torch.int32"", ""device"": ""cuda:0"", ""stride"": [1]}]",7353,0,0
cloud,0,9274,prefill,2b19945777114854b82d6cd44b40f27b,optrace:9274:9,aten.detach_.default,"[{""request_id"": ""c4f28400bfd54f3bbb86f843f6fb61f5"", ""position"": 0, ""query_len"": 4096}]",[[2]],"[""torch.int32""]","[{""argument"": ""args[0]"", ""shape"": [2], ""dtype"": ""torch.int32"", ""device"": ""cuda:0"", ""stride"": [1]}]",3774,0,0
cloud,0,9274,prefill,2b19945777114854b82d6cd44b40f27b,optrace:9274:10,aten.lift_fresh.default,"[{""request_id"": ""c4f28400bfd54f3bbb86f843f6fb61f5"", ""position"": 0, ""query_len"": 4096}]",[[2]],"[""torch.int32""]","[{""argument"": ""args[0]"", ""shape"": [2], ""dtype"": ""torch.int32"", ""device"": ""cuda:0"", ""stride"": [1]}]",5170,0,0
cloud,0,9274,prefill,2b19945777114854b82d6cd44b40f27b,optrace:9274:11,aten.detach_.default,"[{""request_id"": ""c4f28400bfd54f3bbb86f843f6fb61f5"", ""position"": 0, ""query_len"": 4096}]",[[2]],"[""torch.int32""]","[{""argument"": ""args[0]"", ""shape"": [2], ""dtype"": ""torch.int32"", ""device"": ""cuda:0"", ""stride"": [1]}]",3149,0,0
cloud,0,9274,prefill,2b19945777114854b82d6cd44b40f27b,optrace:9274:12,aten.lift_fresh.default,"[{""request_id"": ""c4f28400bfd54f3bbb86f843f6fb61f5"", ""position"": 0, ""query_len"": 4096}]",[[4096]],"[""torch.int64""]","[{""argument"": ""args[0]"", ""shape"": [4096], ""dtype"": ""torch.int64"", ""device"": ""cuda:0"", ""stride"": [1]}]",5927,0,0
cloud,0,9274,prefill,2b19945777114854b82d6cd44b40f27b,optrace:9274:13,aten.detach_.default,"[{""request_id"": ""c4f28400bfd54f3bbb86f843f6fb61f5"", ""position"": 0, ""query_len"": 4096}]",[[4096]],"[""torch.int64""]","[{""argument"": ""args[0]"", ""shape"": [4096], ""dtype"": ""torch.int64"", ""device"": ""cuda:0"", ""stride"": [1]}]",3223,0,0
cloud,0,9274,prefill,2b19945777114854b82d6cd44b40f27b,optrace:9274:14,aten.lift_fresh.default,"[{""request_id"": ""c4f28400bfd54f3bbb86f843f6fb61f5"", ""position"": 0, ""query_len"": 4096}]","[[4096, 2048]]","[""torch.float16""]","[{""argument"": ""args[0]"", ""shape"": [4096, 2048], ""dtype"": ""torch.float16"", ""device"": ""cpu"", ""stride"": [2048, 1]}]",6396,0,0
cloud,0,9274,prefill,2b19945777114854b82d6cd44b40f27b,optrace:9274:15,aten.to.dtype_layout,"[{""request_id"": ""c4f28400bfd54f3bbb86f843f6fb61f5"", ""position"": 0, ""query_len"": 4096}]","[[4096, 2048]]","[""torch.float16""]","[{""argument"": ""args[0]"", ""shape"": [4096, 2048], ""dtype"": ""torch.float16"", ""device"": ""cpu"", ""stride"": [2048, 1]}]",1507342,0,0
cloud,0,9274,prefill,2b19945777114854b82d6cd44b40f27b,optrace:9274:16,c10d.broadcast_.default,"[{""request_id"": ""c4f28400bfd54f3bbb86f843f6fb61f5"", ""position"": 0, ""query_len"": 4096}]","[[4096, 2048]]","[""torch.float16""]","[{""argument"": ""args[0][0]"", ""shape"": [4096, 2048], ""dtype"": ""torch.float16"", ""device"": ""cuda:0"", ""stride"": [2048, 1]}]",320267,663741,1
cloud,0,9274,prefill,2b19945777114854b82d6cd44b40f27b,optrace:9274:17,aten.lift_fresh.default,"[{""request_id"": ""c4f28400bfd54f3bbb86f843f6fb61f5"", ""position"": 0, ""query_len"": 4096}]","[[4096, 2048]]","[""torch.float16""]","[{""argument"": ""args[0]"", ""shape"": [4096, 2048], ""dtype"": ""torch.float16"", ""device"": ""cpu"", ""stride"": [2048, 1]}]",17868,0,0
cloud,0,9274,prefill,2b19945777114854b82d6cd44b40f27b,optrace:9274:18,aten.to.dtype_layout,"[{""request_id"": ""c4f28400bfd54f3bbb86f843f6fb61f5"", ""position"": 0, ""query_len"": 4096}]","[[4096, 2048]]","[""torch.float16""]","[{""argument"": ""args[0]"", ""shape"": [4096, 2048], ""dtype"": ""torch.float16"", ""device"": ""cpu"", ""stride"": [2048, 1]}]",1847633,0,0
cloud,0,9274,prefill,2b19945777114854b82d6cd44b40f27b,optrace:9274:19,c10d.broadcast_.default,"[{""request_id"": ""c4f28400bfd54f3bbb86f843f6fb61f5"", ""position"": 0, ""query_len"": 4096}]","[[4096, 2048]]","[""torch.float16""]","[{""argument"": ""args[0][0]"", ""shape"": [4096, 2048], ""dtype"": ""torch.float16"", ""device"": ""cuda:0"", ""stride"": [2048, 1]}]",168499,661469,1
cloud,0,9274,prefill,2b19945777114854b82d6cd44b40f27b,optrace:9274:20,aten.detach.default,"[{""request_id"": ""c4f28400bfd54f3bbb86f843f6fb61f5"", ""position"": 0, ""query_len"": 4096}]",[[2048]],"[""torch.float16""]","[{""argument"": ""args[0]"", ""shape"": [2048], ""dtype"": ""torch.float16"", ""device"": ""cuda:0"", ""stride"": [1]}]",16508,0,0
cloud,0,9274,prefill,2b19945777114854b82d6cd44b40f27b,optrace:9274:21,_C.fused_add_rms_norm.default,"[{""request_id"": ""c4f28400bfd54f3bbb86f843f6fb61f5"", ""position"": 0, ""query_len"": 4096}]","[[4096, 2048], [4096, 2048], [2048]]","[""torch.float16"", ""torch.float16"", ""torch.float16""]","[{""argument"": ""args[0]"", ""shape"": [4096, 2048], ""dtype"": ""torch.float16"", ""device"": ""cuda:0"", ""stride"": [2048, 1]}, {""argument"": ""args[1]"", ""shape"": [4096, 2048], ""dtype"": ""torch.float16"", ""device"": ""cuda:0"", ""stride"": [2048, 1]}, {""argument"": ""args[2]"", ""shape"": [2048], ""dtype"": ""torch.float16"", ""device"": ""cuda:0"", ""stride"": [1]}]",34115,133503,1
cloud,0,9274,prefill,2b19945777114854b82d6cd44b40f27b,optrace:9274:22,aten.linear.default,"[{""request_id"": ""c4f28400bfd54f3bbb86f843f6fb61f5"", ""position"": 0, ""query_len"": 4096}]","[[4096, 2048], [1280, 2048], [1280]]","[""torch.float16"", ""torch.float16"", ""torch.float16""]","[{""argument"": ""args[0]"", ""shape"": [4096, 2048], ""dtype"": ""torch.float16"", ""device"": ""cuda:0"", ""stride"": [2048, 1]}, {""argument"": ""args[1]"", ""shape"": [1280, 2048], ""dtype"": ""torch.float16"", ""device"": ""cuda:0"", ""stride"": [2048, 1]}, {""argument"": ""args[2]"", ""shape"": [1280], ""dtype"": ""torch.float16"", ""device"": ""cuda:0"", ""stride"": [1]}]",159764,291582,1
cloud,0,9274,prefill,2b19945777114854b82d6cd44b40f27b,optrace:9274:23,aten.split_with_sizes.default,"[{""request_id"": ""c4f28400bfd54f3bbb86f843f6fb61f5"", ""position"": 0, ""query_len"": 4096}]","[[4096, 1280]]","[""torch.float16""]","[{""argument"": ""args[0]"", ""shape"": [4096, 1280], ""dtype"": ""torch.float16"", ""device"": ""cuda:0"", ""stride"": [1280, 1]}]",23181,0,0
cloud,0,9274,prefill,2b19945777114854b82d6cd44b40f27b,optrace:9274:24,_C.rotary_embedding.default,"[{""request_id"": ""c4f28400bfd54f3bbb86f843f6fb61f5"", ""position"": 0, ""query_len"": 4096}]","[[4096], [4096, 1024], [4096, 128], [32768, 128]]","[""torch.int64"", ""torch.float16"", ""torch.float16"", ""torch.float16""]","[{""argument"": ""args[0]"", ""shape"": [4096], ""dtype"": ""torch.int64"", ""device"": ""cuda:0"", ""stride"": [1]}, {""argument"": ""args[1]"", ""shape"": [4096, 1024], ""dtype"": ""torch.float16"", ""device"": ""cuda:0"", ""stride"": [1280, 1]}, {""argument"": ""args[2]"", ""shape"": [4096, 128], ""dtype"": ""torch.float16"", ""device"": ""cuda:0"", ""stride"": [1280, 1]}, {""argument"": ""args[4]"", ""shape"": [32768, 128], ""dtype"": ""torch.float16"", ""device"": ""cuda:0"", ""stride"": [128, 1]}]",31680,46624,1
cloud,0,9274,prefill,2b19945777114854b82d6cd44b40f27b,optrace:9274:25,aten.zeros.default,"[{""request_id"": ""c4f28400bfd54f3bbb86f843f6fb61f5"", ""position"": 0, ""query_len"": 4096}]",[],[],[],54465,17632,1
cloud,0,9274,prefill,2b19945777114854b82d6cd44b40f27b,optrace:9274:26,aten.view.default,"[{""request_id"": ""c4f28400bfd54f3bbb86f843f6fb61f5"", ""position"": 0, ""query_len"": 4096}]","[[4096, 1024]]","[""torch.float16""]","[{""argument"": ""args[0]"", ""shape"": [4096, 1024], ""dtype"": ""torch.float16"", ""device"": ""cuda:0"", ""stride"": [1280, 1]}]",21782,0,0
cloud,0,9274,prefill,2b19945777114854b82d6cd44b40f27b,optrace:9274:27,aten.view.default,"[{""request_id"": ""c4f28400bfd54f3bbb86f843f6fb61f5"", ""position"": 0, ""query_len"": 4096}]","[[4096, 1024]]","[""torch.float16""]","[{""argument"": ""args[0]"", ""shape"": [4096, 1024], ""dtype"": ""torch.float16"", ""device"": ""cuda:0"", ""stride"": [1024, 1]}]",8434,0,0
cloud,0,9274,prefill,2b19945777114854b82d6cd44b40f27b,optrace:9274:28,aten.view.default,"[{""request_id"": ""c4f28400bfd54f3bbb86f843f6fb61f5"", ""position"": 0, ""query_len"": 4096}]","[[4096, 128]]","[""torch.float16""]","[{""argument"": ""args[0]"", ""shape"": [4096, 128], ""dtype"": ""torch.float16"", ""device"": ""cuda:0"", ""stride"": [1280, 1]}]",5389,0,0
cloud,0,9274,prefill,2b19945777114854b82d6cd44b40f27b,optrace:9274:29,aten.view.default,"[{""request_id"": ""c4f28400bfd54f3bbb86f843f6fb61f5"", ""position"": 0, ""query_len"": 4096}]","[[4096, 128]]","[""torch.float16""]","[{""argument"": ""args[0]"", ""shape"": [4096, 128], ""dtype"": ""torch.float16"", ""device"": ""cuda:0"", ""stride"": [1280, 1]}]",5076,0,0
cloud,0,9274,prefill,2b19945777114854b82d6cd44b40f27b,optrace:9274:30,vllm.unified_attention_with_output.default,"[{""request_id"": ""c4f28400bfd54f3bbb86f843f6fb61f5"", ""position"": 0, ""query_len"": 4096}]","[[4096, 8, 128], [4096, 1, 128], [4096, 1, 128], [4096, 8, 128]]","[""torch.float16"", ""torch.float16"", ""torch.float16"", ""torch.float16""]","[{""argument"": ""args[0]"", ""shape"": [4096, 8, 128], ""dtype"": ""torch.float16"", ""device"": ""cuda:0"", ""stride"": [1280, 128, 1]}, {""argument"": ""args[1]"", ""shape"": [4096, 1, 128], ""dtype"": ""torch.float16"", ""device"": ""cuda:0"", ""stride"": [1280, 128, 1]}, {""argument"": ""args[2]"", ""shape"": [4096, 1, 128], ""dtype"": ""torch.float16"", ""device"": ""cuda:0"", ""stride"": [1280, 128, 1]}, {""argument"": ""args[3]"", ""shape"": [4096, 8, 128], ""dtype"": ""torch.float16"", ""device"": ""cuda:0"", ""stride"": [1024, 128, 1]}]",284635,490526,2
cloud,0,9274,prefill,2b19945777114854b82d6cd44b40f27b,optrace:9274:31,aten.view.default,"[{""request_id"": ""c4f28400bfd54f3bbb86f843f6fb61f5"", ""position"": 0, ""query_len"": 4096}]","[[4096, 8, 128]]","[""torch.float16""]","[{""argument"": ""args[0]"", ""shape"": [4096, 8, 128], ""dtype"": ""torch.float16"", ""device"": ""cuda:0"", ""stride"": [1024, 128, 1]}]",9729,0,0
cloud,0,9274,prefill,2b19945777114854b82d6cd44b40f27b,optrace:9274:32,aten.linear.default,"[{""request_id"": ""c4f28400bfd54f3bbb86f843f6fb61f5"", ""position"": 0, ""query_len"": 4096}]","[[4096, 1024], [2048, 1024]]","[""torch.float16"", ""torch.float16""]","[{""argument"": ""args[0]"", ""shape"": [4096, 1024], ""dtype"": ""torch.float16"", ""device"": ""cuda:0"", ""stride"": [1024, 1]}, {""argument"": ""args[1]"", ""shape"": [2048, 1024], ""dtype"": ""torch.float16"", ""device"": ""cuda:0"", ""stride"": [1024, 1]}]",83460,196703,1
cloud,0,9274,prefill,2b19945777114854b82d6cd44b40f27b,optrace:9274:33,vllm.all_reduce.default,"[{""request_id"": ""c4f28400bfd54f3bbb86f843f6fb61f5"", ""position"": 0, ""query_len"": 4096}]","[[4096, 2048]]","[""torch.float16""]","[{""argument"": ""args[0]"", ""shape"": [4096, 2048], ""dtype"": ""torch.float16"", ""device"": ""cuda:0"", ""stride"": [2048, 1]}]",113115,0,0
cloud,0,9274,prefill,2b19945777114854b82d6cd44b40f27b,optrace:9274:34,pynccl.all_reduce,"[{""request_id"": ""c4f28400bfd54f3bbb86f843f6fb61f5"", ""position"": 0, ""query_len"": 4096}]","[[4096, 2048]]","[""torch.float16""]","[{""argument"": ""args[0]"", ""shape"": [4096, 2048], ""dtype"": ""torch.float16"", ""device"": ""cuda:0"", ""stride"": [2048, 1]}]",89565,1298043,1
cloud,0,9274,prefill,2b19945777114854b82d6cd44b40f27b,optrace:9274:35,aten.detach.default,"[{""request_id"": ""c4f28400bfd54f3bbb86f843f6fb61f5"", ""position"": 0, ""query_len"": 4096}]",[[2048]],"[""torch.float16""]","[{""argument"": ""args[0]"", ""shape"": [2048], ""dtype"": ""torch.float16"", ""device"": ""cuda:0"", ""stride"": [1]}]",8599,0,0
cloud,0,9274,prefill,2b19945777114854b82d6cd44b40f27b,optrace:9274:36,_C.fused_add_rms_norm.default,"[{""request_id"": ""c4f28400bfd54f3bbb86f843f6fb61f5"", ""position"": 0, ""query_len"": 4096}]","[[4096, 2048], [4096, 2048], [2048]]","[""torch.float16"", ""torch.float16"", ""torch.float16""]","[{""argument"": ""args[0]"", ""shape"": [4096, 2048], ""dtype"": ""torch.float16"", ""device"": ""cuda:0"", ""stride"": [2048, 1]}, {""argument"": ""args[1]"", ""shape"": [4096, 2048], ""dtype"": ""torch.float16"", ""device"": ""cuda:0"", ""stride"": [2048, 1]}, {""argument"": ""args[2]"", ""shape"": [2048], ""dtype"": ""torch.float16"", ""device"": ""cuda:0"", ""stride"": [1]}]",25123,138687,1
cloud,0,9274,prefill,2b19945777114854b82d6cd44b40f27b,optrace:9274:37,aten.linear.default,"[{""request_id"": ""c4f28400bfd54f3bbb86f843f6fb61f5"", ""position"": 0, ""query_len"": 4096}]","[[4096, 2048], [11008, 2048]]","[""torch.float16"", ""torch.float16""]","[{""argument"": ""args[0]"", ""shape"": [4096, 2048], ""dtype"": ""torch.float16"", ""device"": ""cuda:0"", ""stride"": [2048, 1]}, {""argument"": ""args[1]"", ""shape"": [11008, 2048], ""dtype"": ""torch.float16"", ""device"": ""cuda:0"", ""stride"": [2048, 1]}]",69844,2082775,1
cloud,0,9274,prefill,2b19945777114854b82d6cd44b40f27b,optrace:9274:38,aten.empty.memory_format,"[{""request_id"": ""c4f28400bfd54f3bbb86f843f6fb61f5"", ""position"": 0, ""query_len"": 4096}]",[],[],[],36061,0,0
cloud,0,9274,prefill,2b19945777114854b82d6cd44b40f27b,optrace:9274:39,_C.silu_and_mul.default,"[{""request_id"": ""c4f28400bfd54f3bbb86f843f6fb61f5"", ""position"": 0, ""query_len"": 4096}]","[[4096, 5504], [4096, 11008]]","[""torch.float16"", ""torch.float16""]","[{""argument"": ""args[0]"", ""shape"": [4096, 5504], ""dtype"": ""torch.float16"", ""device"": ""cuda:0"", ""stride"": [5504, 1]}, {""argument"": ""args[1]"", ""shape"": [4096, 11008], ""dtype"": ""torch.float16"", ""device"": ""cuda:0"", ""stride"": [11008, 1]}]",23350,292447,1
cloud,0,9274,prefill,2b19945777114854b82d6cd44b40f27b,optrace:9274:40,aten.linear.default,"[{""request_id"": ""c4f28400bfd54f3bbb86f843f6fb61f5"", ""position"": 0, ""query_len"": 4096}]","[[4096, 5504], [2048, 5504]]","[""torch.float16"", ""torch.float16""]","[{""argument"": ""args[0]"", ""shape"": [4096, 5504], ""dtype"": ""torch.float16"", ""device"": ""cuda:0"", ""stride"": [5504, 1]}, {""argument"": ""args[1]"", ""shape"": [2048, 5504], ""dtype"": ""torch.float16"", ""device"": ""cuda:0"", ""stride"": [5504, 1]}]",53820,962396,1
cloud,0,9274,prefill,2b19945777114854b82d6cd44b40f27b,optrace:9274:41,vllm.all_reduce.default,"[{""request_id"": ""c4f28400bfd54f3bbb86f843f6fb61f5"", ""position"": 0, ""query_len"": 4096}]","[[4096, 2048]]","[""torch.float16""]","[{""argument"": ""args[0]"", ""shape"": [4096, 2048], ""dtype"": ""torch.float16"", ""device"": ""cuda:0"", ""stride"": [2048, 1]}]",110273,0,0
cloud,0,9274,prefill,2b19945777114854b82d6cd44b40f27b,optrace:9274:42,pynccl.all_reduce,"[{""request_id"": ""c4f28400bfd54f3bbb86f843f6fb61f5"", ""position"": 0, ""query_len"": 4096}]","[[4096, 2048]]","[""torch.float16""]","[{""argument"": ""args[0]"", ""shape"": [4096, 2048], ""dtype"": ""torch.float16"", ""device"": ""cuda:0"", ""stride"": [2048, 1]}]",76775,1270714,1
cloud,0,9274,prefill,2b19945777114854b82d6cd44b40f27b,optrace:9274:43,aten.detach.default,"[{""request_id"": ""c4f28400bfd54f3bbb86f843f6fb61f5"", ""position"": 0, ""query_len"": 4096}]",[[2048]],"[""torch.float16""]","[{""argument"": ""args[0]"", ""shape"": [2048], ""dtype"": ""torch.float16"", ""device"": ""cuda:0"", ""stride"": [1]}]",8243,0,0
cloud,0,9274,prefill,2b19945777114854b82d6cd44b40f27b,optrace:9274:44,_C.fused_add_rms_norm.default,"[{""request_id"": ""c4f28400bfd54f3bbb86f843f6fb61f5"", ""position"": 0, ""query_len"": 4096}]","[[4096, 2048], [4096, 2048], [2048]]","[""torch.float16"", ""torch.float16"", ""torch.float16""]","[{""argument"": ""args[0]"", ""shape"": [4096, 2048], ""dtype"": ""torch.float16"", ""device"": ""cuda:0"", ""stride"": [2048, 1]}, {""argument"": ""args[1]"", ""shape"": [4096, 2048], ""dtype"": ""torch.float16"", ""device"": ""cuda:0"", ""stride"": [2048, 1]}, {""argument"": ""args[2]"", ""shape"": [2048], ""dtype"": ""torch.float16"", ""device"": ""cuda:0"", ""stride"": [1]}]",20357,139104,1
cloud,0,9274,prefill,2b19945777114854b82d6cd44b40f27b,optrace:9274:45,aten.linear.default,"[{""request_id"": ""c4f28400bfd54f3bbb86f843f6fb61f5"", ""position"": 0, ""query_len"": 4096}]","[[4096, 2048], [1280, 2048], [1280]]","[""torch.float16"", ""torch.float16"", ""torch.float16""]","[{""argument"": ""args[0]"", ""shape"": [4096, 2048], ""dtype"": ""torch.float16"", ""device"": ""cuda:0"", ""stride"": [2048, 1]}, {""argument"": ""args[1]"", ""shape"": [1280, 2048], ""dtype"": ""torch.float16"", ""device"": ""cuda:0"", ""stride"": [2048, 1]}, {""argument"": ""args[2]"", ""shape"": [1280], ""dtype"": ""torch.float16"", ""device"": ""cuda:0"", ""stride"": [1]}]",71079,290591,1
cloud,0,9274,prefill,2b19945777114854b82d6cd44b40f27b,optrace:9274:46,aten.split_with_sizes.default,"[{""request_id"": ""c4f28400bfd54f3bbb86f843f6fb61f5"", ""position"": 0, ""query_len"": 4096}]","[[4096, 1280]]","[""torch.float16""]","[{""argument"": ""args[0]"", ""shape"": [4096, 1280], ""dtype"": ""torch.float16"", ""device"": ""cuda:0"", ""stride"": [1280, 1]}]",16277,0,0
cloud,0,9274,prefill,2b19945777114854b82d6cd44b40f27b,optrace:9274:47,_C.rotary_embedding.default,"[{""request_id"": ""c4f28400bfd54f3bbb86f843f6fb61f5"", ""position"": 0, ""query_len"": 4096}]","[[4096], [4096, 1024], [4096, 128], [32768, 128]]","[""torch.int64"", ""torch.float16"", ""torch.float16"", ""torch.float16""]","[{""argument"": ""args[0]"", ""shape"": [4096], ""dtype"": ""torch.int64"", ""device"": ""cuda:0"", ""stride"": [1]}, {""argument"": ""args[1]"", ""shape"": [4096, 1024], ""dtype"": ""torch.float16"", ""device"": ""cuda:0"", ""stride"": [1280, 1]}, {""argument"": ""args[2]"", ""shape"": [4096, 128], ""dtype"": ""torch.float16"", ""device"": ""cuda:0"", ""stride"": [1280, 1]}, {""argument"": ""args[4]"", ""shape"": [32768, 128], ""dtype"": ""torch.float16"", ""device"": ""cuda:0"", ""stride"": [128, 1]}]",22289,46751,1
cloud,0,9274,prefill,2b19945777114854b82d6cd44b40f27b,optrace:9274:48,aten.zeros.default,"[{""request_id"": ""c4f28400bfd54f3bbb86f843f6fb61f5"", ""position"": 0, ""query_len"": 4096}]",[],[],[],40789,17888,1
cloud,0,9274,prefill,2b19945777114854b82d6cd44b40f27b,optrace:9274:49,aten.view.default,"[{""request_id"": ""c4f28400bfd54f3bbb86f843f6fb61f5"", ""position"": 0, ""query_len"": 4096}]","[[4096, 1024]]","[""torch.float16""]","[{""argument"": ""args[0]"", ""shape"": [4096, 1024], ""dtype"": ""torch.float16"", ""device"": ""cuda:0"", ""stride"": [1280, 1]}]",8985,0,0
cloud,0,9274,prefill,2b19945777114854b82d6cd44b40f27b,optrace:9274:50,aten.view.default,"[{""request_id"": ""c4f28400bfd54f3bbb86f843f6fb61f5"", ""position"": 0, ""query_len"": 4096}]","[[4096, 1024]]","[""torch.float16""]","[{""argument"": ""args[0]"", ""shape"": [4096, 1024], ""dtype"": ""torch.float16"", ""device"": ""cuda:0"", ""stride"": [1024, 1]}]",5316,0,0
cloud,0,9274,prefill,2b19945777114854b82d6cd44b40f27b,optrace:9274:51,aten.view.default,"[{""request_id"": ""c4f28400bfd54f3bbb86f843f6fb61f5"", ""position"": 0, ""query_len"": 4096}]","[[4096, 128]]","[""torch.float16""]","[{""argument"": ""args[0]"", ""shape"": [4096, 128], ""dtype"": ""torch.float16"", ""device"": ""cuda:0"", ""stride"": [1280, 1]}]",8616,0,0
cloud,0,9274,prefill,2b19945777114854b82d6cd44b40f27b,optrace:9274:52,aten.view.default,"[{""request_id"": ""c4f28400bfd54f3bbb86f843f6fb61f5"", ""position"": 0, ""query_len"": 4096}]","[[4096, 128]]","[""torch.float16""]","[{""argument"": ""args[0]"", ""shape"": [4096, 128], ""dtype"": ""torch.float16"", ""device"": ""cuda:0"", ""stride"": [1280, 1]}]",5078,0,0
cloud,0,9274,prefill,2b19945777114854b82d6cd44b40f27b,optrace:9274:53,vllm.unified_attention_with_output.default,"[{""request_id"": ""c4f28400bfd54f3bbb86f843f6fb61f5"", ""position"": 0, ""query_len"": 4096}]","[[4096, 8, 128], [4096, 1, 128], [4096, 1, 128], [4096, 8, 128]]","[""torch.float16"", ""torch.float16"", ""torch.float16"", ""torch.float16""]","[{""argument"": ""args[0]"", ""shape"": [4096, 8, 128], ""dtype"": ""torch.float16"", ""device"": ""cuda:0"", ""stride"": [1280, 128, 1]}, {""argument"": ""args[1]"", ""shape"": [4096, 1, 128], ""dtype"": ""torch.float16"", ""device"": ""cuda:0"", ""stride"": [1280, 128, 1]}, {""argument"": ""args[2]"", ""shape"": [4096, 1, 128], ""dtype"": ""torch.float16"", ""device"": ""cuda:0"", ""stride"": [1280, 128, 1]}, {""argument"": ""args[3]"", ""shape"": [4096, 8, 128], ""dtype"": ""torch.float16"", ""device"": ""cuda:0"", ""stride"": [1024, 128, 1]}]",199157,490174,2
cloud,0,9274,prefill,2b19945777114854b82d6cd44b40f27b,optrace:9274:54,aten.view.default,"[{""request_id"": ""c4f28400bfd54f3bbb86f843f6fb61f5"", ""position"": 0, ""query_len"": 4096}]","[[4096, 8, 128]]","[""torch.float16""]","[{""argument"": ""args[0]"", ""shape"": [4096, 8, 128], ""dtype"": ""torch.float16"", ""device"": ""cuda:0"", ""stride"": [1024, 128, 1]}]",9048,0,0
cloud,0,9274,prefill,2b19945777114854b82d6cd44b40f27b,optrace:9274:55,aten.linear.default,"[{""request_id"": ""c4f28400bfd54f3bbb86f843f6fb61f5"", ""position"": 0, ""query_len"": 4096}]","[[4096, 1024], [2048, 1024]]","[""torch.float16"", ""torch.float16""]","[{""argument"": ""args[0]"", ""shape"": [4096, 1024], ""dtype"": ""torch.float16"", ""device"": ""cuda:0"", ""stride"": [1024, 1]}, {""argument"": ""args[1]"", ""shape"": [2048, 1024], ""dtype"": ""torch.float16"", ""device"": ""cuda:0"", ""stride"": [1024, 1]}]",54858,197695,1
cloud,0,9274,prefill,2b19945777114854b82d6cd44b40f27b,optrace:9274:56,vllm.all_reduce.default,"[{""request_id"": ""c4f28400bfd54f3bbb86f843f6fb61f5"", ""position"": 0, ""query_len"": 4096}]","[[4096, 2048]]","[""torch.float16""]","[{""argument"": ""args[0]"", ""shape"": [4096, 2048], ""dtype"": ""torch.float16"", ""device"": ""cuda:0"", ""stride"": [2048, 1]}]",87378,0,0
cloud,0,9274,prefill,2b19945777114854b82d6cd44b40f27b,optrace:9274:57,pynccl.all_reduce,"[{""request_id"": ""c4f28400bfd54f3bbb86f843f6fb61f5"", ""position"": 0, ""query_len"": 4096}]","[[4096, 2048]]","[""torch.float16""]","[{""argument"": ""args[0]"", ""shape"": [4096, 2048], ""dtype"": ""torch.float16"", ""device"": ""cuda:0"", ""stride"": [2048, 1]}]",64746,1239259,1
cloud,0,9274,prefill,2b19945777114854b82d6cd44b40f27b,optrace:9274:58,aten.detach.default,"[{""request_id"": ""c4f28400bfd54f3bbb86f843f6fb61f5"", ""position"": 0, ""query_len"": 4096}]",[[2048]],"[""torch.float16""]","[{""argument"": ""args[0]"", ""shape"": [2048], ""dtype"": ""torch.float16"", ""device"": ""cuda:0"", ""stride"": [1]}]",7577,0,0
cloud,0,9274,prefill,2b19945777114854b82d6cd44b40f27b,optrace:9274:59,_C.fused_add_rms_norm.default,"[{""request_id"": ""c4f28400bfd54f3bbb86f843f6fb61f5"", ""position"": 0, ""query_len"": 4096}]","[[4096, 2048], [4096, 2048], [2048]]","[""torch.float16"", ""torch.float16"", ""torch.float16""]","[{""argument"": ""args[0]"", ""shape"": [4096, 2048], ""dtype"": ""torch.float16"", ""device"": ""cuda:0"", ""stride"": [2048, 1]}, {""argument"": ""args[1]"", ""shape"": [4096, 2048], ""dtype"": ""torch.float16"", ""device"": ""cuda:0"", ""stride"": [2048, 1]}, {""argument"": ""args[2]"", ""shape"": [2048], ""dtype"": ""torch.float16"", ""device"": ""cuda:0"", ""stride"": [1]}]",19226,138783,1
cloud,0,9274,prefill,2b19945777114854b82d6cd44b40f27b,optrace:9274:60,aten.linear.default,"[{""request_id"": ""c4f28400bfd54f3bbb86f843f6fb61f5"", ""position"": 0, ""query_len"": 4096}]","[[4096, 2048], [11008, 2048]]","[""torch.float16"", ""torch.float16""]","[{""argument"": ""args[0]"", ""shape"": [4096, 2048], ""dtype"": ""torch.float16"", ""device"": ""cuda:0"", ""stride"": [2048, 1]}, {""argument"": ""args[1]"", ""shape"": [11008, 2048], ""dtype"": ""torch.float16"", ""device"": ""cuda:0"", ""stride"": [2048, 1]}]",69202,2104120,1
cloud,0,9274,prefill,2b19945777114854b82d6cd44b40f27b,optrace:9274:61,aten.empty.memory_format,"[{""request_id"": ""c4f28400bfd54f3bbb86f843f6fb61f5"", ""position"": 0, ""query_len"": 4096}]",[],[],[],22432,0,0
cloud,0,9274,prefill,2b19945777114854b82d6cd44b40f27b,optrace:9274:62,_C.silu_and_mul.default,"[{""request_id"": ""c4f28400bfd54f3bbb86f843f6fb61f5"", ""position"": 0, ""query_len"": 4096}]","[[4096, 5504], [4096, 11008]]","[""torch.float16"", ""torch.float16""]","[{""argument"": ""args[0]"", ""shape"": [4096, 5504], ""dtype"": ""torch.float16"", ""device"": ""cuda:0"", ""stride"": [5504, 1]}, {""argument"": ""args[1]"", ""shape"": [4096, 11008], ""dtype"": ""torch.float16"", ""device"": ""cuda:0"", ""stride"": [11008, 1]}]",24098,291486,1
cloud,0,9274,prefill,2b19945777114854b82d6cd44b40f27b,optrace:9274:63,aten.linear.default,"[{""request_id"": ""c4f28400bfd54f3bbb86f843f6fb61f5"", ""position"": 0, ""query_len"": 4096}]","[[4096, 5504], [2048, 5504]]","[""torch.float16"", ""torch.float16""]","[{""argument"": ""args[0]"", ""shape"": [4096, 5504], ""dtype"": ""torch.float16"", ""device"": ""cuda:0"", ""stride"": [5504, 1]}, {""argument"": ""args[1]"", ""shape"": [2048, 5504], ""dtype"": ""torch.float16"", ""device"": ""cuda:0"", ""stride"": [5504, 1]}]",46757,963452,1
cloud,0,9274,prefill,2b19945777114854b82d6cd44b40f27b,optrace:9274:64,vllm.all_reduce.default,"[{""request_id"": ""c4f28400bfd54f3bbb86f843f6fb61f5"", ""position"": 0, ""query_len"": 4096}]","[[4096, 2048]]","[""torch.float16""]","[{""argument"": ""args[0]"", ""shape"": [4096, 2048], ""dtype"": ""torch.float16"", ""device"": ""cuda:0"", ""stride"": [2048, 1]}]",82005,0,0
cloud,0,9274,prefill,2b19945777114854b82d6cd44b40f27b,optrace:9274:65,pynccl.all_reduce,"[{""request_id"": ""c4f28400bfd54f3bbb86f843f6fb61f5"", ""position"": 0, ""query_len"": 4096}]","[[4096, 2048]]","[""torch.float16""]","[{""argument"": ""args[0]"", ""shape"": [4096, 2048], ""dtype"": ""torch.float16"", ""device"": ""cuda:0"", ""stride"": [2048, 1]}]",63372,1234811,1
cloud,0,9274,prefill,2b19945777114854b82d6cd44b40f27b,optrace:9274:66,aten.detach.default,"[{""request_id"": ""c4f28400bfd54f3bbb86f843f6fb61f5"", ""position"": 0, ""query_len"": 4096}]",[[2048]],"[""torch.float16""]","[{""argument"": ""args[0]"", ""shape"": [2048], ""dtype"": ""torch.float16"", ""device"": ""cuda:0"", ""stride"": [1]}]",7684,0,0
cloud,0,9274,prefill,2b19945777114854b82d6cd44b40f27b,optrace:9274:67,_C.fused_add_rms_norm.default,"[{""request_id"": ""c4f28400bfd54f3bbb86f843f6fb61f5"", ""position"": 0, ""query_len"": 4096}]","[[4096, 2048], [4096, 2048], [2048]]","[""torch.float16"", ""torch.float16"", ""torch.float16""]","[{""argument"": ""args[0]"", ""shape"": [4096, 2048], ""dtype"": ""torch.float16"", ""device"": ""cuda:0"", ""stride"": [2048, 1]}, {""argument"": ""args[1]"", ""shape"": [4096, 2048], ""dtype"": ""torch.float16"", ""device"": ""cuda:0"", ""stride"": [2048, 1]}, {""argument"": ""args[2]"", ""shape"": [2048], ""dtype"": ""torch.float16"", ""device"": ""cuda:0"", ""stride"": [1]}]",19168,138975,1
cloud,0,9274,prefill,2b19945777114854b82d6cd44b40f27b,optrace:9274:68,aten.linear.default,"[{""request_id"": ""c4f28400bfd54f3bbb86f843f6fb61f5"", ""position"": 0, ""query_len"": 4096}]","[[4096, 2048], [1280, 2048], [1280]]","[""torch.float16"", ""torch.float16"", ""torch.float16""]","[{""argument"": ""args[0]"", ""shape"": [4096, 2048], ""dtype"": ""torch.float16"", ""device"": ""cuda:0"", ""stride"": [2048, 1]}, {""argument"": ""args[1]"", ""shape"": [1280, 2048], ""dtype"": ""torch.float16"", ""device"": ""cuda:0"", ""stride"": [2048, 1]}, {""argument"": ""args[2]"", ""shape"": [1280], ""dtype"": ""torch.float16"", ""device"": ""cuda:0"", ""stride"": [1]}]",63918,291391,1
cloud,0,9274,prefill,2b19945777114854b82d6cd44b40f27b,optrace:9274:69,aten.split_with_sizes.default,"[{""request_id"": ""c4f28400bfd54f3bbb86f843f6fb61f5"", ""position"": 0, ""query_len"": 4096}]","[[4096, 1280]]","[""torch.float16""]","[{""argument"": ""args[0]"", ""shape"": [4096, 1280], ""dtype"": ""torch.float16"", ""device"": ""cuda:0"", ""stride"": [1280, 1]}]",14873,0,0
cloud,0,9274,prefill,2b19945777114854b82d6cd44b40f27b,optrace:9274:70,_C.rotary_embedding.default,"[{""request_id"": ""c4f28400bfd54f3bbb86f843f6fb61f5"", ""position"": 0, ""query_len"": 4096}]","[[4096], [4096, 1024], [4096, 128], [32768, 128]]","[""torch.int64"", ""torch.float16"", ""torch.float16"", ""torch.float16""]","[{""argument"": ""args[0]"", ""shape"": [4096], ""dtype"": ""torch.int64"", ""device"": ""cuda:0"", ""stride"": [1]}, {""argument"": ""args[1]"", ""shape"": [4096, 1024], ""dtype"": ""torch.float16"", ""device"": ""cuda:0"", ""stride"": [1280, 1]}, {""argument"": ""args[2]"", ""shape"": [4096, 128], ""dtype"": ""torch.float16"", ""device"": ""cuda:0"", ""stride"": [1280, 1]}, {""argument"": ""args[4]"", ""shape"": [32768, 128], ""dtype"": ""torch.float16"", ""device"": ""cuda:0"", ""stride"": [128, 1]}]",21209,46912,1
cloud,0,9274,prefill,2b19945777114854b82d6cd44b40f27b,optrace:9274:71,aten.zeros.default,"[{""request_id"": ""c4f28400bfd54f3bbb86f843f6fb61f5"", ""position"": 0, ""query_len"": 4096}]",[],[],[],52268,17696,1
cloud,0,9274,prefill,2b19945777114854b82d6cd44b40f27b,optrace:9274:72,aten.view.default,"[{""request_id"": ""c4f28400bfd54f3bbb86f843f6fb61f5"", ""position"": 0, ""query_len"": 4096}]","[[4096, 1024]]","[""torch.float16""]","[{""argument"": ""args[0]"", ""shape"": [4096, 1024], ""dtype"": ""torch.float16"", ""device"": ""cuda:0"", ""stride"": [1280, 1]}]",9373,0,0
cloud,0,9274,prefill,2b19945777114854b82d6cd44b40f27b,optrace:9274:73,aten.view.default,"[{""request_id"": ""c4f28400bfd54f3bbb86f843f6fb61f5"", ""position"": 0, ""query_len"": 4096}]","[[4096, 1024]]","[""torch.float16""]","[{""argument"": ""args[0]"", ""shape"": [4096, 1024], ""dtype"": ""torch.float16"", ""device"": ""cuda:0"", ""stride"": [1024, 1]}]",5807,0,0
cloud,0,9274,prefill,2b19945777114854b82d6cd44b40f27b,optrace:9274:74,aten.view.default,"[{""request_id"": ""c4f28400bfd54f3bbb86f843f6fb61f5"", ""position"": 0, ""query_len"": 4096}]","[[4096, 128]]","[""torch.float16""]","[{""argument"": ""args[0]"", ""shape"": [4096, 128], ""dtype"": ""torch.float16"", ""device"": ""cuda:0"", ""stride"": [1280, 1]}]",5637,0,0
cloud,0,9274,prefill,2b19945777114854b82d6cd44b40f27b,optrace:9274:75,aten.view.default,"[{""request_id"": ""c4f28400bfd54f3bbb86f843f6fb61f5"", ""position"": 0, ""query_len"": 4096}]","[[4096, 128]]","[""torch.float16""]","[{""argument"": ""args[0]"", ""shape"": [4096, 128], ""dtype"": ""torch.float16"", ""device"": ""cuda:0"", ""stride"": [1280, 1]}]",5550,0,0
cloud,0,9274,prefill,2b19945777114854b82d6cd44b40f27b,optrace:9274:76,vllm.unified_attention_with_output.default,"[{""request_id"": ""c4f28400bfd54f3bbb86f843f6fb61f5"", ""position"": 0, ""query_len"": 4096}]","[[4096, 8, 128], [4096, 1, 128], [4096, 1, 128], [4096, 8, 128]]","[""torch.float16"", ""torch.float16"", ""torch.float16"", ""torch.float16""]","[{""argument"": ""args[0]"", ""shape"": [4096, 8, 128], ""dtype"": ""torch.float16"", ""device"": ""cuda:0"", ""stride"": [1280, 128, 1]}, {""argument"": ""args[1]"", ""shape"": [4096, 1, 128], ""dtype"": ""torch.float16"", ""device"": ""cuda:0"", ""stride"": [1280, 128, 1]}, {""argument"": ""args[2]"", ""shape"": [4096, 1, 128], ""dtype"": ""torch.float16"", ""device"": ""cuda:0"", ""stride"": [1280, 128, 1]}, {""argument"": ""args[3]"", ""shape"": [4096, 8, 128], ""dtype"": ""torch.float16"", ""device"": ""cuda:0"", ""stride"": [1024, 128, 1]}]",236519,498174,2
cloud,0,9274,prefill,2b19945777114854b82d6cd44b40f27b,optrace:9274:77,aten.view.default,"[{""request_id"": ""c4f28400bfd54f3bbb86f843f6fb61f5"", ""position"": 0, ""query_len"": 4096}]","[[4096, 8, 128]]","[""torch.float16""]","[{""argument"": ""args[0]"", ""shape"": [4096, 8, 128], ""dtype"": ""torch.float16"", ""device"": ""cuda:0"", ""stride"": [1024, 128, 1]}]",9347,0,0
cloud,0,9274,prefill,2b19945777114854b82d6cd44b40f27b,optrace:9274:78,aten.linear.default,"[{""request_id"": ""c4f28400bfd54f3bbb86f843f6fb61f5"", ""position"": 0, ""query_len"": 4096}]","[[4096, 1024], [2048, 1024]]","[""torch.float16"", ""torch.float16""]","[{""argument"": ""args[0]"", ""shape"": [4096, 1024], ""dtype"": ""torch.float16"", ""device"": ""cuda:0"", ""stride"": [1024, 1]}, {""argument"": ""args[1]"", ""shape"": [2048, 1024], ""dtype"": ""torch.float16"", ""device"": ""cuda:0"", ""stride"": [1024, 1]}]",53264,196575,1
cloud,0,9274,prefill,2b19945777114854b82d6cd44b40f27b,optrace:9274:79,vllm.all_reduce.default,"[{""request_id"": ""c4f28400bfd54f3bbb86f843f6fb61f5"", ""position"": 0, ""query_len"": 4096}]","[[4096, 2048]]","[""torch.float16""]","[{""argument"": ""args[0]"", ""shape"": [4096, 2048], ""dtype"": ""torch.float16"", ""device"": ""cuda:0"", ""stride"": [2048, 1]}]",83263,0,0
cloud,0,9274,prefill,2b19945777114854b82d6cd44b40f27b,optrace:9274:80,pynccl.all_reduce,"[{""request_id"": ""c4f28400bfd54f3bbb86f843f6fb61f5"", ""position"": 0, ""query_len"": 4096}]","[[4096, 2048]]","[""torch.float16""]","[{""argument"": ""args[0]"", ""shape"": [4096, 2048], ""dtype"": ""torch.float16"", ""device"": ""cuda:0"", ""stride"": [2048, 1]}]",64729,1256955,1
cloud,0,9274,prefill,2b19945777114854b82d6cd44b40f27b,optrace:9274:81,aten.detach.default,"[{""request_id"": ""c4f28400bfd54f3bbb86f843f6fb61f5"", ""position"": 0, ""query_len"": 4096}]",[[2048]],"[""torch.float16""]","[{""argument"": ""args[0]"", ""shape"": [2048], ""dtype"": ""torch.float16"", ""device"": ""cuda:0"", ""stride"": [1]}]",7189,0,0
cloud,0,9274,prefill,2b19945777114854b82d6cd44b40f27b,optrace:9274:82,_C.fused_add_rms_norm.default,"[{""request_id"": ""c4f28400bfd54f3bbb86f843f6fb61f5"", ""position"": 0, ""query_len"": 4096}]","[[4096, 2048], [4096, 2048], [2048]]","[""torch.float16"", ""torch.float16"", ""torch.float16""]","[{""argument"": ""args[0]"", ""shape"": [4096, 2048], ""dtype"": ""torch.float16"", ""device"": ""cuda:0"", ""stride"": [2048, 1]}, {""argument"": ""args[1]"", ""shape"": [4096, 2048], ""dtype"": ""torch.float16"", ""device"": ""cuda:0"", ""stride"": [2048, 1]}, {""argument"": ""args[2]"", ""shape"": [2048], ""dtype"": ""torch.float16"", ""device"": ""cuda:0"", ""stride"": [1]}]",29578,138880,1
cloud,0,9274,prefill,2b19945777114854b82d6cd44b40f27b,optrace:9274:83,aten.linear.default,"[{""request_id"": ""c4f28400bfd54f3bbb86f843f6fb61f5"", ""position"": 0, ""query_len"": 4096}]","[[4096, 2048], [11008, 2048]]","[""torch.float16"", ""torch.float16""]","[{""argument"": ""args[0]"", ""shape"": [4096, 2048], ""dtype"": ""torch.float16"", ""device"": ""cuda:0"", ""stride"": [2048, 1]}, {""argument"": ""args[1]"", ""shape"": [11008, 2048], ""dtype"": ""torch.float16"", ""device"": ""cuda:0"", ""stride"": [2048, 1]}]",62759,2068599,1
cloud,0,9274,prefill,2b19945777114854b82d6cd44b40f27b,optrace:9274:84,aten.empty.memory_format,"[{""request_id"": ""c4f28400bfd54f3bbb86f843f6fb61f5"", ""position"": 0, ""query_len"": 4096}]",[],[],[],25945,0,0
cloud,0,9274,prefill,2b19945777114854b82d6cd44b40f27b,optrace:9274:85,_C.silu_and_mul.default,"[{""request_id"": ""c4f28400bfd54f3bbb86f843f6fb61f5"", ""position"": 0, ""query_len"": 4096}]","[[4096, 5504], [4096, 11008]]","[""torch.float16"", ""torch.float16""]","[{""argument"": ""args[0]"", ""shape"": [4096, 5504], ""dtype"": ""torch.float16"", ""device"": ""cuda:0"", ""stride"": [5504, 1]}, {""argument"": ""args[1]"", ""shape"": [4096, 11008], ""dtype"": ""torch.float16"", ""device"": ""cuda:0"", ""stride"": [11008, 1]}]",16760,291839,1
cloud,0,9274,prefill,2b19945777114854b82d6cd44b40f27b,optrace:9274:86,aten.linear.default,"[{""request_id"": ""c4f28400bfd54f3bbb86f843f6fb61f5"", ""position"": 0, ""query_len"": 4096}]","[[4096, 5504], [2048, 5504]]","[""torch.float16"", ""torch.float16""]","[{""argument"": ""args[0]"", ""shape"": [4096, 5504], ""dtype"": ""torch.float16"", ""device"": ""cuda:0"", ""stride"": [5504, 1]}, {""argument"": ""args[1]"", ""shape"": [2048, 5504], ""dtype"": ""torch.float16"", ""device"": ""cuda:0"", ""stride"": [5504, 1]}]",58918,964476,1
cloud,0,9274,prefill,2b19945777114854b82d6cd44b40f27b,optrace:9274:87,vllm.all_reduce.default,"[{""request_id"": ""c4f28400bfd54f3bbb86f843f6fb61f5"", ""position"": 0, ""query_len"": 4096}]","[[4096, 2048]]","[""torch.float16""]","[{""argument"": ""args[0]"", ""shape"": [4096, 2048], ""dtype"": ""torch.float16"", ""device"": ""cuda:0"", ""stride"": [2048, 1]}]",79444,0,0
cloud,0,9274,prefill,2b19945777114854b82d6cd44b40f27b,optrace:9274:88,pynccl.all_reduce,"[{""request_id"": ""c4f28400bfd54f3bbb86f843f6fb61f5"", ""position"": 0, ""query_len"": 4096}]","[[4096, 2048]]","[""torch.float16""]","[{""argument"": ""args[0]"", ""shape"": [4096, 2048], ""dtype"": ""torch.float16"", ""device"": ""cuda:0"", ""stride"": [2048, 1]}]",59457,1288922,1
cloud,0,9274,prefill,2b19945777114854b82d6cd44b40f27b,optrace:9274:89,aten.detach.default,"[{""request_id"": ""c4f28400bfd54f3bbb86f843f6fb61f5"", ""position"": 0, ""query_len"": 4096}]",[[2048]],"[""torch.float16""]","[{""argument"": ""args[0]"", ""shape"": [2048], ""dtype"": ""torch.float16"", ""device"": ""cuda:0"", ""stride"": [1]}]",7702,0,0
cloud,0,9274,prefill,2b19945777114854b82d6cd44b40f27b,optrace:9274:90,_C.fused_add_rms_norm.default,"[{""request_id"": ""c4f28400bfd54f3bbb86f843f6fb61f5"", ""position"": 0, ""query_len"": 4096}]","[[4096, 2048], [4096, 2048], [2048]]","[""torch.float16"", ""torch.float16"", ""torch.float16""]","[{""argument"": ""args[0]"", ""shape"": [4096, 2048], ""dtype"": ""torch.float16"", ""device"": ""cuda:0"", ""stride"": [2048, 1]}, {""argument"": ""args[1]"", ""shape"": [4096, 2048], ""dtype"": ""torch.float16"", ""device"": ""cuda:0"", ""stride"": [2048, 1]}, {""argument"": ""args[2]"", ""shape"": [2048], ""dtype"": ""torch.float16"", ""device"": ""cuda:0"", ""stride"": [1]}]",18943,137760,1
cloud,0,9274,prefill,2b19945777114854b82d6cd44b40f27b,optrace:9274:91,aten.linear.default,"[{""request_id"": ""c4f28400bfd54f3bbb86f843f6fb61f5"", ""position"": 0, ""query_len"": 4096}]","[[4096, 2048], [1280, 2048], [1280]]","[""torch.float16"", ""torch.float16"", ""torch.float16""]","[{""argument"": ""args[0]"", ""shape"": [4096, 2048], ""dtype"": ""torch.float16"", ""device"": ""cuda:0"", ""stride"": [2048, 1]}, {""argument"": ""args[1]"", ""shape"": [1280, 2048], ""dtype"": ""torch.float16"", ""device"": ""cuda:0"", ""stride"": [2048, 1]}, {""argument"": ""args[2]"", ""shape"": [1280], ""dtype"": ""torch.float16"", ""device"": ""cuda:0"", ""stride"": [1]}]",63071,291422,1
cloud,0,9274,prefill,2b19945777114854b82d6cd44b40f27b,optrace:9274:92,aten.split_with_sizes.default,"[{""request_id"": ""c4f28400bfd54f3bbb86f843f6fb61f5"", ""position"": 0, ""query_len"": 4096}]","[[4096, 1280]]","[""torch.float16""]","[{""argument"": ""args[0]"", ""shape"": [4096, 1280], ""dtype"": ""torch.float16"", ""device"": ""cuda:0"", ""stride"": [1280, 1]}]",14830,0,0
cloud,0,9274,prefill,2b19945777114854b82d6cd44b40f27b,optrace:9274:93,_C.rotary_embedding.default,"[{""request_id"": ""c4f28400bfd54f3bbb86f843f6fb61f5"", ""position"": 0, ""query_len"": 4096}]","[[4096], [4096, 1024], [4096, 128], [32768, 128]]","[""torch.int64"", ""torch.float16"", ""torch.float16"", ""torch.float16""]","[{""argument"": ""args[0]"", ""shape"": [4096], ""dtype"": ""torch.int64"", ""device"": ""cuda:0"", ""stride"": [1]}, {""argument"": ""args[1]"", ""shape"": [4096, 1024], ""dtype"": ""torch.float16"", ""device"": ""cuda:0"", ""stride"": [1280, 1]}, {""argument"": ""args[2]"", ""shape"": [4096, 128], ""dtype"": ""torch.float16"", ""device"": ""cuda:0"", ""stride"": [1280, 1]}, {""argument"": ""args[4]"", ""shape"": [32768, 128], ""dtype"": ""torch.float16"", ""device"": ""cuda:0"", ""stride"": [128, 1]}]",24414,46944,1
cloud,0,9274,prefill,2b19945777114854b82d6cd44b40f27b,optrace:9274:94,aten.zeros.default,"[{""request_id"": ""c4f28400bfd54f3bbb86f843f6fb61f5"", ""position"": 0, ""query_len"": 4096}]",[],[],[],39454,17600,1
cloud,0,9274,prefill,2b19945777114854b82d6cd44b40f27b,optrace:9274:95,aten.view.default,"[{""request_id"": ""c4f28400bfd54f3bbb86f843f6fb61f5"", ""position"": 0, ""query_len"": 4096}]","[[4096, 1024]]","[""torch.float16""]","[{""argument"": ""args[0]"", ""shape"": [4096, 1024], ""dtype"": ""torch.float16"", ""device"": ""cuda:0"", ""stride"": [1280, 1]}]",8689,0,0
cloud,0,9274,prefill,2b19945777114854b82d6cd44b40f27b,optrace:9274:96,aten.view.default,"[{""request_id"": ""c4f28400bfd54f3bbb86f843f6fb61f5"", ""position"": 0, ""query_len"": 4096}]","[[4096, 1024]]","[""torch.float16""]","[{""argument"": ""args[0]"", ""shape"": [4096, 1024], ""dtype"": ""torch.float16"", ""device"": ""cuda:0"", ""stride"": [1024, 1]}]",5282,0,0
cloud,0,9274,prefill,2b19945777114854b82d6cd44b40f27b,optrace:9274:97,aten.view.default,"[{""request_id"": ""c4f28400bfd54f3bbb86f843f6fb61f5"", ""position"": 0, ""query_len"": 4096}]","[[4096, 128]]","[""torch.float16""]","[{""argument"": ""args[0]"", ""shape"": [4096, 128], ""dtype"": ""torch.float16"", ""device"": ""cuda:0"", ""stride"": [1280, 1]}]",5265,0,0
cloud,0,9274,prefill,2b19945777114854b82d6cd44b40f27b,optrace:9274:98,aten.view.default,"[{""request_id"": ""c4f28400bfd54f3bbb86f843f6fb61f5"", ""position"": 0, ""query_len"": 4096}]","[[4096, 128]]","[""torch.float16""]","[{""argument"": ""args[0]"", ""shape"": [4096, 128], ""dtype"": ""torch.float16"", ""device"": ""cuda:0"", ""stride"": [1280, 1]}]",5782,0,0
cloud,0,9274,prefill,2b19945777114854b82d6cd44b40f27b,optrace:9274:99,vllm.unified_attention_with_output.default,"[{""request_id"": ""c4f28400bfd54f3bbb86f843f6fb61f5"", ""position"": 0, ""query_len"": 4096}]","[[4096, 8, 128], [4096, 1, 128], [4096, 1, 128], [4096, 8, 128]]","[""torch.float16"", ""torch.float16"", ""torch.float16"", ""torch.float16""]","[{""argument"": ""args[0]"", ""shape"": [4096, 8, 128], ""dtype"": ""torch.float16"", ""device"": ""cuda:0"", ""stride"": [1280, 128, 1]}, {""argument"": ""args[1]"", ""shape"": [4096, 1, 128], ""dtype"": ""torch.float16"", ""device"": ""cuda:0"", ""stride"": [1280, 128, 1]}, {""argument"": ""args[2]"", ""shape"": [4096, 1, 128], ""dtype"": ""torch.float16"", ""device"": ""cuda:0"", ""stride"": [1280, 128, 1]}, {""argument"": ""args[3]"", ""shape"": [4096, 8, 128], ""dtype"": ""torch.float16"", ""device"": ""cuda:0"", ""stride"": [1024, 128, 1]}]",191805,502878,2
cloud,0,9274,prefill,2b19945777114854b82d6cd44b40f27b,optrace:9274:100,aten.view.default,"[{""request_id"": ""c4f28400bfd54f3bbb86f843f6fb61f5"", ""position"": 0, ""query_len"": 4096}]","[[4096, 8, 128]]","[""torch.float16""]","[{""argument"": ""args[0]"", ""shape"": [4096, 8, 128], ""dtype"": ""torch.float16"", ""device"": ""cuda:0"", ""stride"": [1024, 128, 1]}]",9112,0,0
cloud,0,9274,prefill,2b19945777114854b82d6cd44b40f27b,optrace:9274:101,aten.linear.default,"[{""request_id"": ""c4f28400bfd54f3bbb86f843f6fb61f5"", ""position"": 0, ""query_len"": 4096}]","[[4096, 1024], [2048, 1024]]","[""torch.float16"", ""torch.float16""]","[{""argument"": ""args[0]"", ""shape"": [4096, 1024], ""dtype"": ""torch.float16"", ""device"": ""cuda:0"", ""stride"": [1024, 1]}, {""argument"": ""args[1]"", ""shape"": [2048, 1024], ""dtype"": ""torch.float16"", ""device"": ""cuda:0"", ""stride"": [1024, 1]}]",81517,197375,1
cloud,0,9274,prefill,2b19945777114854b82d6cd44b40f27b,optrace:9274:102,vllm.all_reduce.default,"[{""request_id"": ""c4f28400bfd54f3bbb86f843f6fb61f5"", ""position"": 0, ""query_len"": 4096}]","[[4096, 2048]]","[""torch.float16""]","[{""argument"": ""args[0]"", ""shape"": [4096, 2048], ""dtype"": ""torch.float16"", ""device"": ""cuda:0"", ""stride"": [2048, 1]}]",91902,0,0
cloud,0,9274,prefill,2b19945777114854b82d6cd44b40f27b,optrace:9274:103,pynccl.all_reduce,"[{""request_id"": ""c4f28400bfd54f3bbb86f843f6fb61f5"", ""position"": 0, ""query_len"": 4096}]","[[4096, 2048]]","[""torch.float16""]","[{""argument"": ""args[0]"", ""shape"": [4096, 2048], ""dtype"": ""torch.float16"", ""device"": ""cuda:0"", ""stride"": [2048, 1]}]",67267,1241403,1
cloud,0,9274,prefill,2b19945777114854b82d6cd44b40f27b,optrace:9274:104,aten.detach.default,"[{""request_id"": ""c4f28400bfd54f3bbb86f843f6fb61f5"", ""position"": 0, ""query_len"": 4096}]",[[2048]],"[""torch.float16""]","[{""argument"": ""args[0]"", ""shape"": [2048], ""dtype"": ""torch.float16"", ""device"": ""cuda:0"", ""stride"": [1]}]",9814,0,0
cloud,0,9274,prefill,2b19945777114854b82d6cd44b40f27b,optrace:9274:105,_C.fused_add_rms_norm.default,"[{""request_id"": ""c4f28400bfd54f3bbb86f843f6fb61f5"", ""position"": 0, ""query_len"": 4096}]","[[4096, 2048], [4096, 2048], [2048]]","[""torch.float16"", ""torch.float16"", ""torch.float16""]","[{""argument"": ""args[0]"", ""shape"": [4096, 2048], ""dtype"": ""torch.float16"", ""device"": ""cuda:0"", ""stride"": [2048, 1]}, {""argument"": ""args[1]"", ""shape"": [4096, 2048], ""dtype"": ""torch.float16"", ""device"": ""cuda:0"", ""stride"": [2048, 1]}, {""argument"": ""args[2]"", ""shape"": [2048], ""dtype"": ""torch.float16"", ""device"": ""cuda:0"", ""stride"": [1]}]",20276,137535,1
cloud,0,9274,prefill,2b19945777114854b82d6cd44b40f27b,optrace:9274:106,aten.linear.default,"[{""request_id"": ""c4f28400bfd54f3bbb86f843f6fb61f5"", ""position"": 0, ""query_len"": 4096}]","[[4096, 2048], [11008, 2048]]","[""torch.float16"", ""torch.float16""]","[{""argument"": ""args[0]"", ""shape"": [4096, 2048], ""dtype"": ""torch.float16"", ""device"": ""cuda:0"", ""stride"": [2048, 1]}, {""argument"": ""args[1]"", ""shape"": [11008, 2048], ""dtype"": ""torch.float16"", ""device"": ""cuda:0"", ""stride"": [2048, 1]}]",62763,2097175,1
cloud,0,9274,prefill,2b19945777114854b82d6cd44b40f27b,optrace:9274:107,aten.empty.memory_format,"[{""request_id"": ""c4f28400bfd54f3bbb86f843f6fb61f5"", ""position"": 0, ""query_len"": 4096}]",[],[],[],22318,0,0
cloud,0,9274,prefill,2b19945777114854b82d6cd44b40f27b,optrace:9274:108,_C.silu_and_mul.default,"[{""request_id"": ""c4f28400bfd54f3bbb86f843f6fb61f5"", ""position"": 0, ""query_len"": 4096}]","[[4096, 5504], [4096, 11008]]","[""torch.float16"", ""torch.float16""]","[{""argument"": ""args[0]"", ""shape"": [4096, 5504], ""dtype"": ""torch.float16"", ""device"": ""cuda:0"", ""stride"": [5504, 1]}, {""argument"": ""args[1]"", ""shape"": [4096, 11008], ""dtype"": ""torch.float16"", ""device"": ""cuda:0"", ""stride"": [11008, 1]}]",20679,291487,1
cloud,0,9274,prefill,2b19945777114854b82d6cd44b40f27b,optrace:9274:109,aten.linear.default,"[{""request_id"": ""c4f28400bfd54f3bbb86f843f6fb61f5"", ""position"": 0, ""query_len"": 4096}]","[[4096, 5504], [2048, 5504]]","[""torch.float16"", ""torch.float16""]","[{""argument"": ""args[0]"", ""shape"": [4096, 5504], ""dtype"": ""torch.float16"", ""device"": ""cuda:0"", ""stride"": [5504, 1]}, {""argument"": ""args[1]"", ""shape"": [2048, 5504], ""dtype"": ""torch.float16"", ""device"": ""cuda:0"", ""stride"": [5504, 1]}]",44808,966428,1
cloud,0,9274,prefill,2b19945777114854b82d6cd44b40f27b,optrace:9274:110,vllm.all_reduce.default,"[{""request_id"": ""c4f28400bfd54f3bbb86f843f6fb61f5"", ""position"": 0, ""query_len"": 4096}]","[[4096, 2048]]","[""torch.float16""]","[{""argument"": ""args[0]"", ""shape"": [4096, 2048], ""dtype"": ""torch.float16"", ""device"": ""cuda:0"", ""stride"": [2048, 1]}]",79331,0,0
cloud,0,9274,prefill,2b19945777114854b82d6cd44b40f27b,optrace:9274:111,pynccl.all_reduce,"[{""request_id"": ""c4f28400bfd54f3bbb86f843f6fb61f5"", ""position"": 0, ""query_len"": 4096}]","[[4096, 2048]]","[""torch.float16""]","[{""argument"": ""args[0]"", ""shape"": [4096, 2048], ""dtype"": ""torch.float16"", ""device"": ""cuda:0"", ""stride"": [2048, 1]}]",59205,1265787,1
cloud,0,9274,prefill,2b19945777114854b82d6cd44b40f27b,optrace:9274:112,aten.detach.default,"[{""request_id"": ""c4f28400bfd54f3bbb86f843f6fb61f5"", ""position"": 0, ""query_len"": 4096}]",[[2048]],"[""torch.float16""]","[{""argument"": ""args[0]"", ""shape"": [2048], ""dtype"": ""torch.float16"", ""device"": ""cuda:0"", ""stride"": [1]}]",10634,0,0
cloud,0,9274,prefill,2b19945777114854b82d6cd44b40f27b,optrace:9274:113,_C.fused_add_rms_norm.default,"[{""request_id"": ""c4f28400bfd54f3bbb86f843f6fb61f5"", ""position"": 0, ""query_len"": 4096}]","[[4096, 2048], [4096, 2048], [2048]]","[""torch.float16"", ""torch.float16"", ""torch.float16""]","[{""argument"": ""args[0]"", ""shape"": [4096, 2048], ""dtype"": ""torch.float16"", ""device"": ""cuda:0"", ""stride"": [2048, 1]}, {""argument"": ""args[1]"", ""shape"": [4096, 2048], ""dtype"": ""torch.float16"", ""device"": ""cuda:0"", ""stride"": [2048, 1]}, {""argument"": ""args[2]"", ""shape"": [2048], ""dtype"": ""torch.float16"", ""device"": ""cuda:0"", ""stride"": [1]}]",35629,139423,1
cloud,0,9274,prefill,2b19945777114854b82d6cd44b40f27b,optrace:9274:114,aten.linear.default,"[{""request_id"": ""c4f28400bfd54f3bbb86f843f6fb61f5"", ""position"": 0, ""query_len"": 4096}]","[[4096, 2048], [1280, 2048], [1280]]","[""torch.float16"", ""torch.float16"", ""torch.float16""]","[{""argument"": ""args[0]"", ""shape"": [4096, 2048], ""dtype"": ""torch.float16"", ""device"": ""cuda:0"", ""stride"": [2048, 1]}, {""argument"": ""args[1]"", ""shape"": [1280, 2048], ""dtype"": ""torch.float16"", ""device"": ""cuda:0"", ""stride"": [2048, 1]}, {""argument"": ""args[2]"", ""shape"": [1280], ""dtype"": ""torch.float16"", ""device"": ""cuda:0"", ""stride"": [1]}]",64100,291903,1
cloud,0,9274,prefill,2b19945777114854b82d6cd44b40f27b,optrace:9274:115,aten.split_with_sizes.default,"[{""request_id"": ""c4f28400bfd54f3bbb86f843f6fb61f5"", ""position"": 0, ""query_len"": 4096}]","[[4096, 1280]]","[""torch.float16""]","[{""argument"": ""args[0]"", ""shape"": [4096, 1280], ""dtype"": ""torch.float16"", ""device"": ""cuda:0"", ""stride"": [1280, 1]}]",15153,0,0
cloud,0,9274,prefill,2b19945777114854b82d6cd44b40f27b,optrace:9274:116,_C.rotary_embedding.default,"[{""request_id"": ""c4f28400bfd54f3bbb86f843f6fb61f5"", ""position"": 0, ""query_len"": 4096}]","[[4096], [4096, 1024], [4096, 128], [32768, 128]]","[""torch.int64"", ""torch.float16"", ""torch.float16"", ""torch.float16""]","[{""argument"": ""args[0]"", ""shape"": [4096], ""dtype"": ""torch.int64"", ""device"": ""cuda:0"", ""stride"": [1]}, {""argument"": ""args[1]"", ""shape"": [4096, 1024], ""dtype"": ""torch.float16"", ""device"": ""cuda:0"", ""stride"": [1280, 1]}, {""argument"": ""args[2]"", ""shape"": [4096, 128], ""dtype"": ""torch.float16"", ""device"": ""cuda:0"", ""stride"": [1280, 1]}, {""argument"": ""args[4]"", ""shape"": [32768, 128], ""dtype"": ""torch.float16"", ""device"": ""cuda:0"", ""stride"": [128, 1]}]",30228,46688,1
cloud,0,9274,prefill,2b19945777114854b82d6cd44b40f27b,optrace:9274:117,aten.zeros.default,"[{""request_id"": ""c4f28400bfd54f3bbb86f843f6fb61f5"", ""position"": 0, ""query_len"": 4096}]",[],[],[],45853,17632,1
cloud,0,9274,prefill,2b19945777114854b82d6cd44b40f27b,optrace:9274:118,aten.view.default,"[{""request_id"": ""c4f28400bfd54f3bbb86f843f6fb61f5"", ""position"": 0, ""query_len"": 4096}]","[[4096, 1024]]","[""torch.float16""]","[{""argument"": ""args[0]"", ""shape"": [4096, 1024], ""dtype"": ""torch.float16"", ""device"": ""cuda:0"", ""stride"": [1280, 1]}]",8772,0,0
cloud,0,9274,prefill,2b19945777114854b82d6cd44b40f27b,optrace:9274:119,aten.view.default,"[{""request_id"": ""c4f28400bfd54f3bbb86f843f6fb61f5"", ""position"": 0, ""query_len"": 4096}]","[[4096, 1024]]","[""torch.float16""]","[{""argument"": ""args[0]"", ""shape"": [4096, 1024], ""dtype"": ""torch.float16"", ""device"": ""cuda:0"", ""stride"": [1024, 1]}]",5264,0,0
cloud,0,9274,prefill,2b19945777114854b82d6cd44b40f27b,optrace:9274:120,aten.view.default,"[{""request_id"": ""c4f28400bfd54f3bbb86f843f6fb61f5"", ""position"": 0, ""query_len"": 4096}]","[[4096, 128]]","[""torch.float16""]","[{""argument"": ""args[0]"", ""shape"": [4096, 128], ""dtype"": ""torch.float16"", ""device"": ""cuda:0"", ""stride"": [1280, 1]}]",5033,0,0
cloud,0,9274,prefill,2b19945777114854b82d6cd44b40f27b,optrace:9274:121,aten.view.default,"[{""request_id"": ""c4f28400bfd54f3bbb86f843f6fb61f5"", ""position"": 0, ""query_len"": 4096}]","[[4096, 128]]","[""torch.float16""]","[{""argument"": ""args[0]"", ""shape"": [4096, 128], ""dtype"": ""torch.float16"", ""device"": ""cuda:0"", ""stride"": [1280, 1]}]",9526,0,0
cloud,0,9274,prefill,2b19945777114854b82d6cd44b40f27b,optrace:9274:122,vllm.unified_attention_with_output.default,"[{""request_id"": ""c4f28400bfd54f3bbb86f843f6fb61f5"", ""position"": 0, ""query_len"": 4096}]","[[4096, 8, 128], [4096, 1, 128], [4096, 1, 128], [4096, 8, 128]]","[""torch.float16"", ""torch.float16"", ""torch.float16"", ""torch.float16""]","[{""argument"": ""args[0]"", ""shape"": [4096, 8, 128], ""dtype"": ""torch.float16"", ""device"": ""cuda:0"", ""stride"": [1280, 128, 1]}, {""argument"": ""args[1]"", ""shape"": [4096, 1, 128], ""dtype"": ""torch.float16"", ""device"": ""cuda:0"", ""stride"": [1280, 128, 1]}, {""argument"": ""args[2]"", ""shape"": [4096, 1, 128], ""dtype"": ""torch.float16"", ""device"": ""cuda:0"", ""stride"": [1280, 128, 1]}, {""argument"": ""args[3]"", ""shape"": [4096, 8, 128], ""dtype"": ""torch.float16"", ""device"": ""cuda:0"", ""stride"": [1024, 128, 1]}]",174731,493789,2
cloud,0,9274,prefill,2b19945777114854b82d6cd44b40f27b,optrace:9274:123,aten.view.default,"[{""request_id"": ""c4f28400bfd54f3bbb86f843f6fb61f5"", ""position"": 0, ""query_len"": 4096}]","[[4096, 8, 128]]","[""torch.float16""]","[{""argument"": ""args[0]"", ""shape"": [4096, 8, 128], ""dtype"": ""torch.float16"", ""device"": ""cuda:0"", ""stride"": [1024, 128, 1]}]",8649,0,0
cloud,0,9274,prefill,2b19945777114854b82d6cd44b40f27b,optrace:9274:124,aten.linear.default,"[{""request_id"": ""c4f28400bfd54f3bbb86f843f6fb61f5"", ""position"": 0, ""query_len"": 4096}]","[[4096, 1024], [2048, 1024]]","[""torch.float16"", ""torch.float16""]","[{""argument"": ""args[0]"", ""shape"": [4096, 1024], ""dtype"": ""torch.float16"", ""device"": ""cuda:0"", ""stride"": [1024, 1]}, {""argument"": ""args[1]"", ""shape"": [2048, 1024], ""dtype"": ""torch.float16"", ""device"": ""cuda:0"", ""stride"": [1024, 1]}]",52565,197248,1
cloud,0,9274,prefill,2b19945777114854b82d6cd44b40f27b,optrace:9274:125,vllm.all_reduce.default,"[{""request_id"": ""c4f28400bfd54f3bbb86f843f6fb61f5"", ""position"": 0, ""query_len"": 4096}]","[[4096, 2048]]","[""torch.float16""]","[{""argument"": ""args[0]"", ""shape"": [4096, 2048], ""dtype"": ""torch.float16"", ""device"": ""cuda:0"", ""stride"": [2048, 1]}]",82070,0,0
cloud,0,9274,prefill,2b19945777114854b82d6cd44b40f27b,optrace:9274:126,pynccl.all_reduce,"[{""request_id"": ""c4f28400bfd54f3bbb86f843f6fb61f5"", ""position"": 0, ""query_len"": 4096}]","[[4096, 2048]]","[""torch.float16""]","[{""argument"": ""args[0]"", ""shape"": [4096, 2048], ""dtype"": ""torch.float16"", ""device"": ""cuda:0"", ""stride"": [2048, 1]}]",64284,1273178,1
cloud,0,9274,prefill,2b19945777114854b82d6cd44b40f27b,optrace:9274:127,aten.detach.default,"[{""request_id"": ""c4f28400bfd54f3bbb86f843f6fb61f5"", ""position"": 0, ""query_len"": 4096}]",[[2048]],"[""torch.float16""]","[{""argument"": ""args[0]"", ""shape"": [2048], ""dtype"": ""torch.float16"", ""device"": ""cuda:0"", ""stride"": [1]}]",11542,0,0
cloud,0,9274,prefill,2b19945777114854b82d6cd44b40f27b,optrace:9274:128,_C.fused_add_rms_norm.default,"[{""request_id"": ""c4f28400bfd54f3bbb86f843f6fb61f5"", ""position"": 0, ""query_len"": 4096}]","[[4096, 2048], [4096, 2048], [2048]]","[""torch.float16"", ""torch.float16"", ""torch.float16""]","[{""argument"": ""args[0]"", ""shape"": [4096, 2048], ""dtype"": ""torch.float16"", ""device"": ""cuda:0"", ""stride"": [2048, 1]}, {""argument"": ""args[1]"", ""shape"": [4096, 2048], ""dtype"": ""torch.float16"", ""device"": ""cuda:0"", ""stride"": [2048, 1]}, {""argument"": ""args[2]"", ""shape"": [2048], ""dtype"": ""torch.float16"", ""device"": ""cuda:0"", ""stride"": [1]}]",27499,138720,1
cloud,0,9274,prefill,2b19945777114854b82d6cd44b40f27b,optrace:9274:129,aten.linear.default,"[{""request_id"": ""c4f28400bfd54f3bbb86f843f6fb61f5"", ""position"": 0, ""query_len"": 4096}]","[[4096, 2048], [11008, 2048]]","[""torch.float16"", ""torch.float16""]","[{""argument"": ""args[0]"", ""shape"": [4096, 2048], ""dtype"": ""torch.float16"", ""device"": ""cuda:0"", ""stride"": [2048, 1]}, {""argument"": ""args[1]"", ""shape"": [11008, 2048], ""dtype"": ""torch.float16"", ""device"": ""cuda:0"", ""stride"": [2048, 1]}]",64090,2084887,1
cloud,0,9274,prefill,2b19945777114854b82d6cd44b40f27b,optrace:9274:130,aten.empty.memory_format,"[{""request_id"": ""c4f28400bfd54f3bbb86f843f6fb61f5"", ""position"": 0, ""query_len"": 4096}]",[],[],[],21871,0,0
cloud,0,9274,prefill,2b19945777114854b82d6cd44b40f27b,optrace:9274:131,_C.silu_and_mul.default,"[{""request_id"": ""c4f28400bfd54f3bbb86f843f6fb61f5"", ""position"": 0, ""query_len"": 4096}]","[[4096, 5504], [4096, 11008]]","[""torch.float16"", ""torch.float16""]","[{""argument"": ""args[0]"", ""shape"": [4096, 5504], ""dtype"": ""torch.float16"", ""device"": ""cuda:0"", ""stride"": [5504, 1]}, {""argument"": ""args[1]"", ""shape"": [4096, 11008], ""dtype"": ""torch.float16"", ""device"": ""cuda:0"", ""stride"": [11008, 1]}]",17131,293950,1
cloud,0,9274,prefill,2b19945777114854b82d6cd44b40f27b,optrace:9274:132,aten.linear.default,"[{""request_id"": ""c4f28400bfd54f3bbb86f843f6fb61f5"", ""position"": 0, ""query_len"": 4096}]","[[4096, 5504], [2048, 5504]]","[""torch.float16"", ""torch.float16""]","[{""argument"": ""args[0]"", ""shape"": [4096, 5504], ""dtype"": ""torch.float16"", ""device"": ""cuda:0"", ""stride"": [5504, 1]}, {""argument"": ""args[1]"", ""shape"": [2048, 5504], ""dtype"": ""torch.float16"", ""device"": ""cuda:0"", ""stride"": [5504, 1]}]",58879,978972,1
cloud,0,9274,prefill,2b19945777114854b82d6cd44b40f27b,optrace:9274:133,vllm.all_reduce.default,"[{""request_id"": ""c4f28400bfd54f3bbb86f843f6fb61f5"", ""position"": 0, ""query_len"": 4096}]","[[4096, 2048]]","[""torch.float16""]","[{""argument"": ""args[0]"", ""shape"": [4096, 2048], ""dtype"": ""torch.float16"", ""device"": ""cuda:0"", ""stride"": [2048, 1]}]",81319,0,0
cloud,0,9274,prefill,2b19945777114854b82d6cd44b40f27b,optrace:9274:134,pynccl.all_reduce,"[{""request_id"": ""c4f28400bfd54f3bbb86f843f6fb61f5"", ""position"": 0, ""query_len"": 4096}]","[[4096, 2048]]","[""torch.float16""]","[{""argument"": ""args[0]"", ""shape"": [4096, 2048], ""dtype"": ""torch.float16"", ""device"": ""cuda:0"", ""stride"": [2048, 1]}]",58734,1243867,1
cloud,0,9274,prefill,2b19945777114854b82d6cd44b40f27b,optrace:9274:135,aten.detach.default,"[{""request_id"": ""c4f28400bfd54f3bbb86f843f6fb61f5"", ""position"": 0, ""query_len"": 4096}]",[[2048]],"[""torch.float16""]","[{""argument"": ""args[0]"", ""shape"": [2048], ""dtype"": ""torch.float16"", ""device"": ""cuda:0"", ""stride"": [1]}]",7903,0,0
cloud,0,9274,prefill,2b19945777114854b82d6cd44b40f27b,optrace:9274:136,_C.fused_add_rms_norm.default,"[{""request_id"": ""c4f28400bfd54f3bbb86f843f6fb61f5"", ""position"": 0, ""query_len"": 4096}]","[[4096, 2048], [4096, 2048], [2048]]","[""torch.float16"", ""torch.float16"", ""torch.float16""]","[{""argument"": ""args[0]"", ""shape"": [4096, 2048], ""dtype"": ""torch.float16"", ""device"": ""cuda:0"", ""stride"": [2048, 1]}, {""argument"": ""args[1]"", ""shape"": [4096, 2048], ""dtype"": ""torch.float16"", ""device"": ""cuda:0"", ""stride"": [2048, 1]}, {""argument"": ""args[2]"", ""shape"": [2048], ""dtype"": ""torch.float16"", ""device"": ""cuda:0"", ""stride"": [1]}]",24544,138847,1
cloud,0,9274,prefill,2b19945777114854b82d6cd44b40f27b,optrace:9274:137,aten.linear.default,"[{""request_id"": ""c4f28400bfd54f3bbb86f843f6fb61f5"", ""position"": 0, ""query_len"": 4096}]","[[4096, 2048], [1280, 2048], [1280]]","[""torch.float16"", ""torch.float16"", ""torch.float16""]","[{""argument"": ""args[0]"", ""shape"": [4096, 2048], ""dtype"": ""torch.float16"", ""device"": ""cuda:0"", ""stride"": [2048, 1]}, {""argument"": ""args[1]"", ""shape"": [1280, 2048], ""dtype"": ""torch.float16"", ""device"": ""cuda:0"", ""stride"": [2048, 1]}, {""argument"": ""args[2]"", ""shape"": [1280], ""dtype"": ""torch.float16"", ""device"": ""cuda:0"", ""stride"": [1]}]",63884,296287,1
cloud,0,9274,prefill,2b19945777114854b82d6cd44b40f27b,optrace:9274:138,aten.split_with_sizes.default,"[{""request_id"": ""c4f28400bfd54f3bbb86f843f6fb61f5"", ""position"": 0, ""query_len"": 4096}]","[[4096, 1280]]","[""torch.float16""]","[{""argument"": ""args[0]"", ""shape"": [4096, 1280], ""dtype"": ""torch.float16"", ""device"": ""cuda:0"", ""stride"": [1280, 1]}]",14626,0,0
cloud,0,9274,prefill,2b19945777114854b82d6cd44b40f27b,optrace:9274:139,_C.rotary_embedding.default,"[{""request_id"": ""c4f28400bfd54f3bbb86f843f6fb61f5"", ""position"": 0, ""query_len"": 4096}]","[[4096], [4096, 1024], [4096, 128], [32768, 128]]","[""torch.int64"", ""torch.float16"", ""torch.float16"", ""torch.float16""]","[{""argument"": ""args[0]"", ""shape"": [4096], ""dtype"": ""torch.int64"", ""device"": ""cuda:0"", ""stride"": [1]}, {""argument"": ""args[1]"", ""shape"": [4096, 1024], ""dtype"": ""torch.float16"", ""device"": ""cuda:0"", ""stride"": [1280, 1]}, {""argument"": ""args[2]"", ""shape"": [4096, 128], ""dtype"": ""torch.float16"", ""device"": ""cuda:0"", ""stride"": [1280, 1]}, {""argument"": ""args[4]"", ""shape"": [32768, 128], ""dtype"": ""torch.float16"", ""device"": ""cuda:0"", ""stride"": [128, 1]}]",21063,47616,1
cloud,0,9274,prefill,2b19945777114854b82d6cd44b40f27b,optrace:9274:140,aten.zeros.default,"[{""request_id"": ""c4f28400bfd54f3bbb86f843f6fb61f5"", ""position"": 0, ""query_len"": 4096}]",[],[],[],42717,17888,1
cloud,0,9274,prefill,2b19945777114854b82d6cd44b40f27b,optrace:9274:141,aten.view.default,"[{""request_id"": ""c4f28400bfd54f3bbb86f843f6fb61f5"", ""position"": 0, ""query_len"": 4096}]","[[4096, 1024]]","[""torch.float16""]","[{""argument"": ""args[0]"", ""shape"": [4096, 1024], ""dtype"": ""torch.float16"", ""device"": ""cuda:0"", ""stride"": [1280, 1]}]",11114,0,0
cloud,0,9274,prefill,2b19945777114854b82d6cd44b40f27b,optrace:9274:142,aten.view.default,"[{""request_id"": ""c4f28400bfd54f3bbb86f843f6fb61f5"", ""position"": 0, ""query_len"": 4096}]","[[4096, 1024]]","[""torch.float16""]","[{""argument"": ""args[0]"", ""shape"": [4096, 1024], ""dtype"": ""torch.float16"", ""device"": ""cuda:0"", ""stride"": [1024, 1]}]",5278,0,0
cloud,0,9274,prefill,2b19945777114854b82d6cd44b40f27b,optrace:9274:143,aten.view.default,"[{""request_id"": ""c4f28400bfd54f3bbb86f843f6fb61f5"", ""position"": 0, ""query_len"": 4096}]","[[4096, 128]]","[""torch.float16""]","[{""argument"": ""args[0]"", ""shape"": [4096, 128], ""dtype"": ""torch.float16"", ""device"": ""cuda:0"", ""stride"": [1280, 1]}]",5237,0,0
cloud,0,9274,prefill,2b19945777114854b82d6cd44b40f27b,optrace:9274:144,aten.view.default,"[{""request_id"": ""c4f28400bfd54f3bbb86f843f6fb61f5"", ""position"": 0, ""query_len"": 4096}]","[[4096, 128]]","[""torch.float16""]","[{""argument"": ""args[0]"", ""shape"": [4096, 128], ""dtype"": ""torch.float16"", ""device"": ""cuda:0"", ""stride"": [1280, 1]}]",4934,0,0
cloud,0,9274,prefill,2b19945777114854b82d6cd44b40f27b,optrace:9274:145,vllm.unified_attention_with_output.default,"[{""request_id"": ""c4f28400bfd54f3bbb86f843f6fb61f5"", ""position"": 0, ""query_len"": 4096}]","[[4096, 8, 128], [4096, 1, 128], [4096, 1, 128], [4096, 8, 128]]","[""torch.float16"", ""torch.float16"", ""torch.float16"", ""torch.float16""]","[{""argument"": ""args[0]"", ""shape"": [4096, 8, 128], ""dtype"": ""torch.float16"", ""device"": ""cuda:0"", ""stride"": [1280, 128, 1]}, {""argument"": ""args[1]"", ""shape"": [4096, 1, 128], ""dtype"": ""torch.float16"", ""device"": ""cuda:0"", ""stride"": [1280, 128, 1]}, {""argument"": ""args[2]"", ""shape"": [4096, 1, 128], ""dtype"": ""torch.float16"", ""device"": ""cuda:0"", ""stride"": [1280, 128, 1]}, {""argument"": ""args[3]"", ""shape"": [4096, 8, 128], ""dtype"": ""torch.float16"", ""device"": ""cuda:0"", ""stride"": [1024, 128, 1]}]",192115,491038,2
cloud,0,9274,prefill,2b19945777114854b82d6cd44b40f27b,optrace:9274:146,aten.view.default,"[{""request_id"": ""c4f28400bfd54f3bbb86f843f6fb61f5"", ""position"": 0, ""query_len"": 4096}]","[[4096, 8, 128]]","[""torch.float16""]","[{""argument"": ""args[0]"", ""shape"": [4096, 8, 128], ""dtype"": ""torch.float16"", ""device"": ""cuda:0"", ""stride"": [1024, 128, 1]}]",12390,0,0
cloud,0,9274,prefill,2b19945777114854b82d6cd44b40f27b,optrace:9274:147,aten.linear.default,"[{""request_id"": ""c4f28400bfd54f3bbb86f843f6fb61f5"", ""position"": 0, ""query_len"": 4096}]","[[4096, 1024], [2048, 1024]]","[""torch.float16"", ""torch.float16""]","[{""argument"": ""args[0]"", ""shape"": [4096, 1024], ""dtype"": ""torch.float16"", ""device"": ""cuda:0"", ""stride"": [1024, 1]}, {""argument"": ""args[1]"", ""shape"": [2048, 1024], ""dtype"": ""torch.float16"", ""device"": ""cuda:0"", ""stride"": [1024, 1]}]",65417,202559,1
cloud,0,9274,prefill,2b19945777114854b82d6cd44b40f27b,optrace:9274:148,vllm.all_reduce.default,"[{""request_id"": ""c4f28400bfd54f3bbb86f843f6fb61f5"", ""position"": 0, ""query_len"": 4096}]","[[4096, 2048]]","[""torch.float16""]","[{""argument"": ""args[0]"", ""shape"": [4096, 2048], ""dtype"": ""torch.float16"", ""device"": ""cuda:0"", ""stride"": [2048, 1]}]",83265,0,0
cloud,0,9274,prefill,2b19945777114854b82d6cd44b40f27b,optrace:9274:149,pynccl.all_reduce,"[{""request_id"": ""c4f28400bfd54f3bbb86f843f6fb61f5"", ""position"": 0, ""query_len"": 4096}]","[[4096, 2048]]","[""torch.float16""]","[{""argument"": ""args[0]"", ""shape"": [4096, 2048], ""dtype"": ""torch.float16"", ""device"": ""cuda:0"", ""stride"": [2048, 1]}]",61166,1260186,1
cloud,0,9274,prefill,2b19945777114854b82d6cd44b40f27b,optrace:9274:150,aten.detach.default,"[{""request_id"": ""c4f28400bfd54f3bbb86f843f6fb61f5"", ""position"": 0, ""query_len"": 4096}]",[[2048]],"[""torch.float16""]","[{""argument"": ""args[0]"", ""shape"": [2048], ""dtype"": ""torch.float16"", ""device"": ""cuda:0"", ""stride"": [1]}]",11112,0,0
cloud,0,9274,prefill,2b19945777114854b82d6cd44b40f27b,optrace:9274:151,_C.fused_add_rms_norm.default,"[{""request_id"": ""c4f28400bfd54f3bbb86f843f6fb61f5"", ""position"": 0, ""query_len"": 4096}]","[[4096, 2048], [4096, 2048], [2048]]","[""torch.float16"", ""torch.float16"", ""torch.float16""]","[{""argument"": ""args[0]"", ""shape"": [4096, 2048], ""dtype"": ""torch.float16"", ""device"": ""cuda:0"", ""stride"": [2048, 1]}, {""argument"": ""args[1]"", ""shape"": [4096, 2048], ""dtype"": ""torch.float16"", ""device"": ""cuda:0"", ""stride"": [2048, 1]}, {""argument"": ""args[2]"", ""shape"": [2048], ""dtype"": ""torch.float16"", ""device"": ""cuda:0"", ""stride"": [1]}]",19936,139712,1
cloud,0,9274,prefill,2b19945777114854b82d6cd44b40f27b,optrace:9274:152,aten.linear.default,"[{""request_id"": ""c4f28400bfd54f3bbb86f843f6fb61f5"", ""position"": 0, ""query_len"": 4096}]","[[4096, 2048], [11008, 2048]]","[""torch.float16"", ""torch.float16""]","[{""argument"": ""args[0]"", ""shape"": [4096, 2048], ""dtype"": ""torch.float16"", ""device"": ""cuda:0"", ""stride"": [2048, 1]}, {""argument"": ""args[1]"", ""shape"": [11008, 2048], ""dtype"": ""torch.float16"", ""device"": ""cuda:0"", ""stride"": [2048, 1]}]",62456,2087031,1
cloud,0,9274,prefill,2b19945777114854b82d6cd44b40f27b,optrace:9274:153,aten.empty.memory_format,"[{""request_id"": ""c4f28400bfd54f3bbb86f843f6fb61f5"", ""position"": 0, ""query_len"": 4096}]",[],[],[],22374,0,0
cloud,0,9274,prefill,2b19945777114854b82d6cd44b40f27b,optrace:9274:154,_C.silu_and_mul.default,"[{""request_id"": ""c4f28400bfd54f3bbb86f843f6fb61f5"", ""position"": 0, ""query_len"": 4096}]","[[4096, 5504], [4096, 11008]]","[""torch.float16"", ""torch.float16""]","[{""argument"": ""args[0]"", ""shape"": [4096, 5504], ""dtype"": ""torch.float16"", ""device"": ""cuda:0"", ""stride"": [5504, 1]}, {""argument"": ""args[1]"", ""shape"": [4096, 11008], ""dtype"": ""torch.float16"", ""device"": ""cuda:0"", ""stride"": [11008, 1]}]",17341,292991,1
cloud,0,9274,prefill,2b19945777114854b82d6cd44b40f27b,optrace:9274:155,aten.linear.default,"[{""request_id"": ""c4f28400bfd54f3bbb86f843f6fb61f5"", ""position"": 0, ""query_len"": 4096}]","[[4096, 5504], [2048, 5504]]","[""torch.float16"", ""torch.float16""]","[{""argument"": ""args[0]"", ""shape"": [4096, 5504], ""dtype"": ""torch.float16"", ""device"": ""cuda:0"", ""stride"": [5504, 1]}, {""argument"": ""args[1]"", ""shape"": [2048, 5504], ""dtype"": ""torch.float16"", ""device"": ""cuda:0"", ""stride"": [5504, 1]}]",43388,978588,1
cloud,0,9274,prefill,2b19945777114854b82d6cd44b40f27b,optrace:9274:156,vllm.all_reduce.default,"[{""request_id"": ""c4f28400bfd54f3bbb86f843f6fb61f5"", ""position"": 0, ""query_len"": 4096}]","[[4096, 2048]]","[""torch.float16""]","[{""argument"": ""args[0]"", ""shape"": [4096, 2048], ""dtype"": ""torch.float16"", ""device"": ""cuda:0"", ""stride"": [2048, 1]}]",77130,0,0
cloud,0,9274,prefill,2b19945777114854b82d6cd44b40f27b,optrace:9274:157,pynccl.all_reduce,"[{""request_id"": ""c4f28400bfd54f3bbb86f843f6fb61f5"", ""position"": 0, ""query_len"": 4096}]","[[4096, 2048]]","[""torch.float16""]","[{""argument"": ""args[0]"", ""shape"": [4096, 2048], ""dtype"": ""torch.float16"", ""device"": ""cuda:0"", ""stride"": [2048, 1]}]",58683,1332986,1
cloud,0,9274,prefill,2b19945777114854b82d6cd44b40f27b,optrace:9274:158,aten.detach.default,"[{""request_id"": ""c4f28400bfd54f3bbb86f843f6fb61f5"", ""position"": 0, ""query_len"": 4096}]",[[2048]],"[""torch.float16""]","[{""argument"": ""args[0]"", ""shape"": [2048], ""dtype"": ""torch.float16"", ""device"": ""cuda:0"", ""stride"": [1]}]",7667,0,0
cloud,0,9274,prefill,2b19945777114854b82d6cd44b40f27b,optrace:9274:159,_C.fused_add_rms_norm.default,"[{""request_id"": ""c4f28400bfd54f3bbb86f843f6fb61f5"", ""position"": 0, ""query_len"": 4096}]","[[4096, 2048], [4096, 2048], [2048]]","[""torch.float16"", ""torch.float16"", ""torch.float16""]","[{""argument"": ""args[0]"", ""shape"": [4096, 2048], ""dtype"": ""torch.float16"", ""device"": ""cuda:0"", ""stride"": [2048, 1]}, {""argument"": ""args[1]"", ""shape"": [4096, 2048], ""dtype"": ""torch.float16"", ""device"": ""cuda:0"", ""stride"": [2048, 1]}, {""argument"": ""args[2]"", ""shape"": [2048], ""dtype"": ""torch.float16"", ""device"": ""cuda:0"", ""stride"": [1]}]",19314,138591,1
cloud,0,9274,prefill,2b19945777114854b82d6cd44b40f27b,optrace:9274:160,aten.linear.default,"[{""request_id"": ""c4f28400bfd54f3bbb86f843f6fb61f5"", ""position"": 0, ""query_len"": 4096}]","[[4096, 2048], [1280, 2048], [1280]]","[""torch.float16"", ""torch.float16"", ""torch.float16""]","[{""argument"": ""args[0]"", ""shape"": [4096, 2048], ""dtype"": ""torch.float16"", ""device"": ""cuda:0"", ""stride"": [2048, 1]}, {""argument"": ""args[1]"", ""shape"": [1280, 2048], ""dtype"": ""torch.float16"", ""device"": ""cuda:0"", ""stride"": [2048, 1]}, {""argument"": ""args[2]"", ""shape"": [1280], ""dtype"": ""torch.float16"", ""device"": ""cuda:0"", ""stride"": [1]}]",63924,295487,1
cloud,0,9274,prefill,2b19945777114854b82d6cd44b40f27b,optrace:9274:161,aten.split_with_sizes.default,"[{""request_id"": ""c4f28400bfd54f3bbb86f843f6fb61f5"", ""position"": 0, ""query_len"": 4096}]","[[4096, 1280]]","[""torch.float16""]","[{""argument"": ""args[0]"", ""shape"": [4096, 1280], ""dtype"": ""torch.float16"", ""device"": ""cuda:0"", ""stride"": [1280, 1]}]",14797,0,0
cloud,0,9274,prefill,2b19945777114854b82d6cd44b40f27b,optrace:9274:162,_C.rotary_embedding.default,"[{""request_id"": ""c4f28400bfd54f3bbb86f843f6fb61f5"", ""position"": 0, ""query_len"": 4096}]","[[4096], [4096, 1024], [4096, 128], [32768, 128]]","[""torch.int64"", ""torch.float16"", ""torch.float16"", ""torch.float16""]","[{""argument"": ""args[0]"", ""shape"": [4096], ""dtype"": ""torch.int64"", ""device"": ""cuda:0"", ""stride"": [1]}, {""argument"": ""args[1]"", ""shape"": [4096, 1024], ""dtype"": ""torch.float16"", ""device"": ""cuda:0"", ""stride"": [1280, 1]}, {""argument"": ""args[2]"", ""shape"": [4096, 128], ""dtype"": ""torch.float16"", ""device"": ""cuda:0"", ""stride"": [1280, 1]}, {""argument"": ""args[4]"", ""shape"": [32768, 128], ""dtype"": ""torch.float16"", ""device"": ""cuda:0"", ""stride"": [128, 1]}]",20926,47456,1
cloud,0,9274,prefill,2b19945777114854b82d6cd44b40f27b,optrace:9274:163,aten.zeros.default,"[{""request_id"": ""c4f28400bfd54f3bbb86f843f6fb61f5"", ""position"": 0, ""query_len"": 4096}]",[],[],[],40316,18240,1
cloud,0,9274,prefill,2b19945777114854b82d6cd44b40f27b,optrace:9274:164,aten.view.default,"[{""request_id"": ""c4f28400bfd54f3bbb86f843f6fb61f5"", ""position"": 0, ""query_len"": 4096}]","[[4096, 1024]]","[""torch.float16""]","[{""argument"": ""args[0]"", ""shape"": [4096, 1024], ""dtype"": ""torch.float16"", ""device"": ""cuda:0"", ""stride"": [1280, 1]}]",9027,0,0
cloud,0,9274,prefill,2b19945777114854b82d6cd44b40f27b,optrace:9274:165,aten.view.default,"[{""request_id"": ""c4f28400bfd54f3bbb86f843f6fb61f5"", ""position"": 0, ""query_len"": 4096}]","[[4096, 1024]]","[""torch.float16""]","[{""argument"": ""args[0]"", ""shape"": [4096, 1024], ""dtype"": ""torch.float16"", ""device"": ""cuda:0"", ""stride"": [1024, 1]}]",7585,0,0
cloud,0,9274,prefill,2b19945777114854b82d6cd44b40f27b,optrace:9274:166,aten.view.default,"[{""request_id"": ""c4f28400bfd54f3bbb86f843f6fb61f5"", ""position"": 0, ""query_len"": 4096}]","[[4096, 128]]","[""torch.float16""]","[{""argument"": ""args[0]"", ""shape"": [4096, 128], ""dtype"": ""torch.float16"", ""device"": ""cuda:0"", ""stride"": [1280, 1]}]",5204,0,0
cloud,0,9274,prefill,2b19945777114854b82d6cd44b40f27b,optrace:9274:167,aten.view.default,"[{""request_id"": ""c4f28400bfd54f3bbb86f843f6fb61f5"", ""position"": 0, ""query_len"": 4096}]","[[4096, 128]]","[""torch.float16""]","[{""argument"": ""args[0]"", ""shape"": [4096, 128], ""dtype"": ""torch.float16"", ""device"": ""cuda:0"", ""stride"": [1280, 1]}]",4967,0,0
cloud,0,9274,prefill,2b19945777114854b82d6cd44b40f27b,optrace:9274:168,vllm.unified_attention_with_output.default,"[{""request_id"": ""c4f28400bfd54f3bbb86f843f6fb61f5"", ""position"": 0, ""query_len"": 4096}]","[[4096, 8, 128], [4096, 1, 128], [4096, 1, 128], [4096, 8, 128]]","[""torch.float16"", ""torch.float16"", ""torch.float16"", ""torch.float16""]","[{""argument"": ""args[0]"", ""shape"": [4096, 8, 128], ""dtype"": ""torch.float16"", ""device"": ""cuda:0"", ""stride"": [1280, 128, 1]}, {""argument"": ""args[1]"", ""shape"": [4096, 1, 128], ""dtype"": ""torch.float16"", ""device"": ""cuda:0"", ""stride"": [1280, 128, 1]}, {""argument"": ""args[2]"", ""shape"": [4096, 1, 128], ""dtype"": ""torch.float16"", ""device"": ""cuda:0"", ""stride"": [1280, 128, 1]}, {""argument"": ""args[3]"", ""shape"": [4096, 8, 128], ""dtype"": ""torch.float16"", ""device"": ""cuda:0"", ""stride"": [1024, 128, 1]}]",170980,513502,2
cloud,0,9274,prefill,2b19945777114854b82d6cd44b40f27b,optrace:9274:169,aten.view.default,"[{""request_id"": ""c4f28400bfd54f3bbb86f843f6fb61f5"", ""position"": 0, ""query_len"": 4096}]","[[4096, 8, 128]]","[""torch.float16""]","[{""argument"": ""args[0]"", ""shape"": [4096, 8, 128], ""dtype"": ""torch.float16"", ""device"": ""cuda:0"", ""stride"": [1024, 128, 1]}]",8490,0,0
cloud,0,9274,prefill,2b19945777114854b82d6cd44b40f27b,optrace:9274:170,aten.linear.default,"[{""request_id"": ""c4f28400bfd54f3bbb86f843f6fb61f5"", ""position"": 0, ""query_len"": 4096}]","[[4096, 1024], [2048, 1024]]","[""torch.float16"", ""torch.float16""]","[{""argument"": ""args[0]"", ""shape"": [4096, 1024], ""dtype"": ""torch.float16"", ""device"": ""cuda:0"", ""stride"": [1024, 1]}, {""argument"": ""args[1]"", ""shape"": [2048, 1024], ""dtype"": ""torch.float16"", ""device"": ""cuda:0"", ""stride"": [1024, 1]}]",54214,202495,1
cloud,0,9274,prefill,2b19945777114854b82d6cd44b40f27b,optrace:9274:171,vllm.all_reduce.default,"[{""request_id"": ""c4f28400bfd54f3bbb86f843f6fb61f5"", ""position"": 0, ""query_len"": 4096}]","[[4096, 2048]]","[""torch.float16""]","[{""argument"": ""args[0]"", ""shape"": [4096, 2048], ""dtype"": ""torch.float16"", ""device"": ""cuda:0"", ""stride"": [2048, 1]}]",78225,0,0
cloud,0,9274,prefill,2b19945777114854b82d6cd44b40f27b,optrace:9274:172,pynccl.all_reduce,"[{""request_id"": ""c4f28400bfd54f3bbb86f843f6fb61f5"", ""position"": 0, ""query_len"": 4096}]","[[4096, 2048]]","[""torch.float16""]","[{""argument"": ""args[0]"", ""shape"": [4096, 2048], ""dtype"": ""torch.float16"", ""device"": ""cuda:0"", ""stride"": [2048, 1]}]",60030,1303770,1
cloud,0,9274,prefill,2b19945777114854b82d6cd44b40f27b,optrace:9274:173,aten.detach.default,"[{""request_id"": ""c4f28400bfd54f3bbb86f843f6fb61f5"", ""position"": 0, ""query_len"": 4096}]",[[2048]],"[""torch.float16""]","[{""argument"": ""args[0]"", ""shape"": [2048], ""dtype"": ""torch.float16"", ""device"": ""cuda:0"", ""stride"": [1]}]",8349,0,0
cloud,0,9274,prefill,2b19945777114854b82d6cd44b40f27b,optrace:9274:174,_C.fused_add_rms_norm.default,"[{""request_id"": ""c4f28400bfd54f3bbb86f843f6fb61f5"", ""position"": 0, ""query_len"": 4096}]","[[4096, 2048], [4096, 2048], [2048]]","[""torch.float16"", ""torch.float16"", ""torch.float16""]","[{""argument"": ""args[0]"", ""shape"": [4096, 2048], ""dtype"": ""torch.float16"", ""device"": ""cuda:0"", ""stride"": [2048, 1]}, {""argument"": ""args[1]"", ""shape"": [4096, 2048], ""dtype"": ""torch.float16"", ""device"": ""cuda:0"", ""stride"": [2048, 1]}, {""argument"": ""args[2]"", ""shape"": [2048], ""dtype"": ""torch.float16"", ""device"": ""cuda:0"", ""stride"": [1]}]",25461,138752,1
cloud,0,9274,prefill,2b19945777114854b82d6cd44b40f27b,optrace:9274:175,aten.linear.default,"[{""request_id"": ""c4f28400bfd54f3bbb86f843f6fb61f5"", ""position"": 0, ""query_len"": 4096}]","[[4096, 2048], [11008, 2048]]","[""torch.float16"", ""torch.float16""]","[{""argument"": ""args[0]"", ""shape"": [4096, 2048], ""dtype"": ""torch.float16"", ""device"": ""cuda:0"", ""stride"": [2048, 1]}, {""argument"": ""args[1]"", ""shape"": [11008, 2048], ""dtype"": ""torch.float16"", ""device"": ""cuda:0"", ""stride"": [2048, 1]}]",72587,2118871,1
cloud,0,9274,prefill,2b19945777114854b82d6cd44b40f27b,optrace:9274:176,aten.empty.memory_format,"[{""request_id"": ""c4f28400bfd54f3bbb86f843f6fb61f5"", ""position"": 0, ""query_len"": 4096}]",[],[],[],23052,0,0
cloud,0,9274,prefill,2b19945777114854b82d6cd44b40f27b,optrace:9274:177,_C.silu_and_mul.default,"[{""request_id"": ""c4f28400bfd54f3bbb86f843f6fb61f5"", ""position"": 0, ""query_len"": 4096}]","[[4096, 5504], [4096, 11008]]","[""torch.float16"", ""torch.float16""]","[{""argument"": ""args[0]"", ""shape"": [4096, 5504], ""dtype"": ""torch.float16"", ""device"": ""cuda:0"", ""stride"": [5504, 1]}, {""argument"": ""args[1]"", ""shape"": [4096, 11008], ""dtype"": ""torch.float16"", ""device"": ""cuda:0"", ""stride"": [11008, 1]}]",17819,293854,1
cloud,0,9274,prefill,2b19945777114854b82d6cd44b40f27b,optrace:9274:178,aten.linear.default,"[{""request_id"": ""c4f28400bfd54f3bbb86f843f6fb61f5"", ""position"": 0, ""query_len"": 4096}]","[[4096, 5504], [2048, 5504]]","[""torch.float16"", ""torch.float16""]","[{""argument"": ""args[0]"", ""shape"": [4096, 5504], ""dtype"": ""torch.float16"", ""device"": ""cuda:0"", ""stride"": [5504, 1]}, {""argument"": ""args[1]"", ""shape"": [2048, 5504], ""dtype"": ""torch.float16"", ""device"": ""cuda:0"", ""stride"": [5504, 1]}]",57138,980028,1
cloud,0,9274,prefill,2b19945777114854b82d6cd44b40f27b,optrace:9274:179,vllm.all_reduce.default,"[{""request_id"": ""c4f28400bfd54f3bbb86f843f6fb61f5"", ""position"": 0, ""query_len"": 4096}]","[[4096, 2048]]","[""torch.float16""]","[{""argument"": ""args[0]"", ""shape"": [4096, 2048], ""dtype"": ""torch.float16"", ""device"": ""cuda:0"", ""stride"": [2048, 1]}]",87813,0,0
cloud,0,9274,prefill,2b19945777114854b82d6cd44b40f27b,optrace:9274:180,pynccl.all_reduce,"[{""request_id"": ""c4f28400bfd54f3bbb86f843f6fb61f5"", ""position"": 0, ""query_len"": 4096}]","[[4096, 2048]]","[""torch.float16""]","[{""argument"": ""args[0]"", ""shape"": [4096, 2048], ""dtype"": ""torch.float16"", ""device"": ""cuda:0"", ""stride"": [2048, 1]}]",68864,1298043,1
cloud,0,9274,prefill,2b19945777114854b82d6cd44b40f27b,optrace:9274:181,aten.detach.default,"[{""request_id"": ""c4f28400bfd54f3bbb86f843f6fb61f5"", ""position"": 0, ""query_len"": 4096}]",[[2048]],"[""torch.float16""]","[{""argument"": ""args[0]"", ""shape"": [2048], ""dtype"": ""torch.float16"", ""device"": ""cuda:0"", ""stride"": [1]}]",8083,0,0
cloud,0,9274,prefill,2b19945777114854b82d6cd44b40f27b,optrace:9274:182,_C.fused_add_rms_norm.default,"[{""request_id"": ""c4f28400bfd54f3bbb86f843f6fb61f5"", ""position"": 0, ""query_len"": 4096}]","[[4096, 2048], [4096, 2048], [2048]]","[""torch.float16"", ""torch.float16"", ""torch.float16""]","[{""argument"": ""args[0]"", ""shape"": [4096, 2048], ""dtype"": ""torch.float16"", ""device"": ""cuda:0"", ""stride"": [2048, 1]}, {""argument"": ""args[1]"", ""shape"": [4096, 2048], ""dtype"": ""torch.float16"", ""device"": ""cuda:0"", ""stride"": [2048, 1]}, {""argument"": ""args[2]"", ""shape"": [2048], ""dtype"": ""torch.float16"", ""device"": ""cuda:0"", ""stride"": [1]}]",19627,139423,1
cloud,0,9274,prefill,2b19945777114854b82d6cd44b40f27b,optrace:9274:183,aten.linear.default,"[{""request_id"": ""c4f28400bfd54f3bbb86f843f6fb61f5"", ""position"": 0, ""query_len"": 4096}]","[[4096, 2048], [1280, 2048], [1280]]","[""torch.float16"", ""torch.float16"", ""torch.float16""]","[{""argument"": ""args[0]"", ""shape"": [4096, 2048], ""dtype"": ""torch.float16"", ""device"": ""cuda:0"", ""stride"": [2048, 1]}, {""argument"": ""args[1]"", ""shape"": [1280, 2048], ""dtype"": ""torch.float16"", ""device"": ""cuda:0"", ""stride"": [2048, 1]}, {""argument"": ""args[2]"", ""shape"": [1280], ""dtype"": ""torch.float16"", ""device"": ""cuda:0"", ""stride"": [1]}]",63190,311551,1
cloud,0,9274,prefill,2b19945777114854b82d6cd44b40f27b,optrace:9274:184,aten.split_with_sizes.default,"[{""request_id"": ""c4f28400bfd54f3bbb86f843f6fb61f5"", ""position"": 0, ""query_len"": 4096}]","[[4096, 1280]]","[""torch.float16""]","[{""argument"": ""args[0]"", ""shape"": [4096, 1280], ""dtype"": ""torch.float16"", ""device"": ""cuda:0"", ""stride"": [1280, 1]}]",14503,0,0
cloud,0,9274,prefill,2b19945777114854b82d6cd44b40f27b,optrace:9274:185,_C.rotary_embedding.default,"[{""request_id"": ""c4f28400bfd54f3bbb86f843f6fb61f5"", ""position"": 0, ""query_len"": 4096}]","[[4096], [4096, 1024], [4096, 128], [32768, 128]]","[""torch.int64"", ""torch.float16"", ""torch.float16"", ""torch.float16""]","[{""argument"": ""args[0]"", ""shape"": [4096], ""dtype"": ""torch.int64"", ""device"": ""cuda:0"", ""stride"": [1]}, {""argument"": ""args[1]"", ""shape"": [4096, 1024], ""dtype"": ""torch.float16"", ""device"": ""cuda:0"", ""stride"": [1280, 1]}, {""argument"": ""args[2]"", ""shape"": [4096, 128], ""dtype"": ""torch.float16"", ""device"": ""cuda:0"", ""stride"": [1280, 1]}, {""argument"": ""args[4]"", ""shape"": [32768, 128], ""dtype"": ""torch.float16"", ""device"": ""cuda:0"", ""stride"": [128, 1]}]",25200,48991,1
cloud,0,9274,prefill,2b19945777114854b82d6cd44b40f27b,optrace:9274:186,aten.zeros.default,"[{""request_id"": ""c4f28400bfd54f3bbb86f843f6fb61f5"", ""position"": 0, ""query_len"": 4096}]",[],[],[],39196,17952,1
cloud,0,9274,prefill,2b19945777114854b82d6cd44b40f27b,optrace:9274:187,aten.view.default,"[{""request_id"": ""c4f28400bfd54f3bbb86f843f6fb61f5"", ""position"": 0, ""query_len"": 4096}]","[[4096, 1024]]","[""torch.float16""]","[{""argument"": ""args[0]"", ""shape"": [4096, 1024], ""dtype"": ""torch.float16"", ""device"": ""cuda:0"", ""stride"": [1280, 1]}]",8621,0,0
cloud,0,9274,prefill,2b19945777114854b82d6cd44b40f27b,optrace:9274:188,aten.view.default,"[{""request_id"": ""c4f28400bfd54f3bbb86f843f6fb61f5"", ""position"": 0, ""query_len"": 4096}]","[[4096, 1024]]","[""torch.float16""]","[{""argument"": ""args[0]"", ""shape"": [4096, 1024], ""dtype"": ""torch.float16"", ""device"": ""cuda:0"", ""stride"": [1024, 1]}]",5368,0,0
cloud,0,9274,prefill,2b19945777114854b82d6cd44b40f27b,optrace:9274:189,aten.view.default,"[{""request_id"": ""c4f28400bfd54f3bbb86f843f6fb61f5"", ""position"": 0, ""query_len"": 4096}]","[[4096, 128]]","[""torch.float16""]","[{""argument"": ""args[0]"", ""shape"": [4096, 128], ""dtype"": ""torch.float16"", ""device"": ""cuda:0"", ""stride"": [1280, 1]}]",7919,0,0
cloud,0,9274,prefill,2b19945777114854b82d6cd44b40f27b,optrace:9274:190,aten.view.default,"[{""request_id"": ""c4f28400bfd54f3bbb86f843f6fb61f5"", ""position"": 0, ""query_len"": 4096}]","[[4096, 128]]","[""torch.float16""]","[{""argument"": ""args[0]"", ""shape"": [4096, 128], ""dtype"": ""torch.float16"", ""device"": ""cuda:0"", ""stride"": [1280, 1]}]",6083,0,0
cloud,0,9274,prefill,2b19945777114854b82d6cd44b40f27b,optrace:9274:191,vllm.unified_attention_with_output.default,"[{""request_id"": ""c4f28400bfd54f3bbb86f843f6fb61f5"", ""position"": 0, ""query_len"": 4096}]","[[4096, 8, 128], [4096, 1, 128], [4096, 1, 128], [4096, 8, 128]]","[""torch.float16"", ""torch.float16"", ""torch.float16"", ""torch.float16""]","[{""argument"": ""args[0]"", ""shape"": [4096, 8, 128], ""dtype"": ""torch.float16"", ""device"": ""cuda:0"", ""stride"": [1280, 128, 1]}, {""argument"": ""args[1]"", ""shape"": [4096, 1, 128], ""dtype"": ""torch.float16"", ""device"": ""cuda:0"", ""stride"": [1280, 128, 1]}, {""argument"": ""args[2]"", ""shape"": [4096, 1, 128], ""dtype"": ""torch.float16"", ""device"": ""cuda:0"", ""stride"": [1280, 128, 1]}, {""argument"": ""args[3]"", ""shape"": [4096, 8, 128], ""dtype"": ""torch.float16"", ""device"": ""cuda:0"", ""stride"": [1024, 128, 1]}]",184023,521214,2
cloud,0,9274,prefill,2b19945777114854b82d6cd44b40f27b,optrace:9274:192,aten.view.default,"[{""request_id"": ""c4f28400bfd54f3bbb86f843f6fb61f5"", ""position"": 0, ""query_len"": 4096}]","[[4096, 8, 128]]","[""torch.float16""]","[{""argument"": ""args[0]"", ""shape"": [4096, 8, 128], ""dtype"": ""torch.float16"", ""device"": ""cuda:0"", ""stride"": [1024, 128, 1]}]",9086,0,0
cloud,0,9274,prefill,2b19945777114854b82d6cd44b40f27b,optrace:9274:193,aten.linear.default,"[{""request_id"": ""c4f28400bfd54f3bbb86f843f6fb61f5"", ""position"": 0, ""query_len"": 4096}]","[[4096, 1024], [2048, 1024]]","[""torch.float16"", ""torch.float16""]","[{""argument"": ""args[0]"", ""shape"": [4096, 1024], ""dtype"": ""torch.float16"", ""device"": ""cuda:0"", ""stride"": [1024, 1]}, {""argument"": ""args[1]"", ""shape"": [2048, 1024], ""dtype"": ""torch.float16"", ""device"": ""cuda:0"", ""stride"": [1024, 1]}]",65245,216415,1
cloud,0,9274,prefill,2b19945777114854b82d6cd44b40f27b,optrace:9274:194,vllm.all_reduce.default,"[{""request_id"": ""c4f28400bfd54f3bbb86f843f6fb61f5"", ""position"": 0, ""query_len"": 4096}]","[[4096, 2048]]","[""torch.float16""]","[{""argument"": ""args[0]"", ""shape"": [4096, 2048], ""dtype"": ""torch.float16"", ""device"": ""cuda:0"", ""stride"": [2048, 1]}]",87385,0,0
cloud,0,9274,prefill,2b19945777114854b82d6cd44b40f27b,optrace:9274:195,pynccl.all_reduce,"[{""request_id"": ""c4f28400bfd54f3bbb86f843f6fb61f5"", ""position"": 0, ""query_len"": 4096}]","[[4096, 2048]]","[""torch.float16""]","[{""argument"": ""args[0]"", ""shape"": [4096, 2048], ""dtype"": ""torch.float16"", ""device"": ""cuda:0"", ""stride"": [2048, 1]}]",60926,1240603,1
cloud,0,9274,prefill,2b19945777114854b82d6cd44b40f27b,optrace:9274:196,aten.detach.default,"[{""request_id"": ""c4f28400bfd54f3bbb86f843f6fb61f5"", ""position"": 0, ""query_len"": 4096}]",[[2048]],"[""torch.float16""]","[{""argument"": ""args[0]"", ""shape"": [2048], ""dtype"": ""torch.float16"", ""device"": ""cuda:0"", ""stride"": [1]}]",7623,0,0
cloud,0,9274,prefill,2b19945777114854b82d6cd44b40f27b,optrace:9274:197,_C.fused_add_rms_norm.default,"[{""request_id"": ""c4f28400bfd54f3bbb86f843f6fb61f5"", ""position"": 0, ""query_len"": 4096}]","[[4096, 2048], [4096, 2048], [2048]]","[""torch.float16"", ""torch.float16"", ""torch.float16""]","[{""argument"": ""args[0]"", ""shape"": [4096, 2048], ""dtype"": ""torch.float16"", ""device"": ""cuda:0"", ""stride"": [2048, 1]}, {""argument"": ""args[1]"", ""shape"": [4096, 2048], ""dtype"": ""torch.float16"", ""device"": ""cuda:0"", ""stride"": [2048, 1]}, {""argument"": ""args[2]"", ""shape"": [2048], ""dtype"": ""torch.float16"", ""device"": ""cuda:0"", ""stride"": [1]}]",19218,138687,1
cloud,0,9274,prefill,2b19945777114854b82d6cd44b40f27b,optrace:9274:198,aten.linear.default,"[{""request_id"": ""c4f28400bfd54f3bbb86f843f6fb61f5"", ""position"": 0, ""query_len"": 4096}]","[[4096, 2048], [11008, 2048]]","[""torch.float16"", ""torch.float16""]","[{""argument"": ""args[0]"", ""shape"": [4096, 2048], ""dtype"": ""torch.float16"", ""device"": ""cuda:0"", ""stride"": [2048, 1]}, {""argument"": ""args[1]"", ""shape"": [11008, 2048], ""dtype"": ""torch.float16"", ""device"": ""cuda:0"", ""stride"": [2048, 1]}]",63198,2168279,1
cloud,0,9274,prefill,2b19945777114854b82d6cd44b40f27b,optrace:9274:199,aten.empty.memory_format,"[{""request_id"": ""c4f28400bfd54f3bbb86f843f6fb61f5"", ""position"": 0, ""query_len"": 4096}]",[],[],[],21493,0,0
cloud,0,9274,prefill,2b19945777114854b82d6cd44b40f27b,optrace:9274:200,_C.silu_and_mul.default,"[{""request_id"": ""c4f28400bfd54f3bbb86f843f6fb61f5"", ""position"": 0, ""query_len"": 4096}]","[[4096, 5504], [4096, 11008]]","[""torch.float16"", ""torch.float16""]","[{""argument"": ""args[0]"", ""shape"": [4096, 5504], ""dtype"": ""torch.float16"", ""device"": ""cuda:0"", ""stride"": [5504, 1]}, {""argument"": ""args[1]"", ""shape"": [4096, 11008], ""dtype"": ""torch.float16"", ""device"": ""cuda:0"", ""stride"": [11008, 1]}]",16647,296543,1
cloud,0,9274,prefill,2b19945777114854b82d6cd44b40f27b,optrace:9274:201,aten.linear.default,"[{""request_id"": ""c4f28400bfd54f3bbb86f843f6fb61f5"", ""position"": 0, ""query_len"": 4096}]","[[4096, 5504], [2048, 5504]]","[""torch.float16"", ""torch.float16""]","[{""argument"": ""args[0]"", ""shape"": [4096, 5504], ""dtype"": ""torch.float16"", ""device"": ""cuda:0"", ""stride"": [5504, 1]}, {""argument"": ""args[1]"", ""shape"": [2048, 5504], ""dtype"": ""torch.float16"", ""device"": ""cuda:0"", ""stride"": [5504, 1]}]",44153,1004796,1
cloud,0,9274,prefill,2b19945777114854b82d6cd44b40f27b,optrace:9274:202,vllm.all_reduce.default,"[{""request_id"": ""c4f28400bfd54f3bbb86f843f6fb61f5"", ""position"": 0, ""query_len"": 4096}]","[[4096, 2048]]","[""torch.float16""]","[{""argument"": ""args[0]"", ""shape"": [4096, 2048], ""dtype"": ""torch.float16"", ""device"": ""cuda:0"", ""stride"": [2048, 1]}]",83839,0,0
cloud,0,9274,prefill,2b19945777114854b82d6cd44b40f27b,optrace:9274:203,pynccl.all_reduce,"[{""request_id"": ""c4f28400bfd54f3bbb86f843f6fb61f5"", ""position"": 0, ""query_len"": 4096}]","[[4096, 2048]]","[""torch.float16""]","[{""argument"": ""args[0]"", ""shape"": [4096, 2048], ""dtype"": ""torch.float16"", ""device"": ""cuda:0"", ""stride"": [2048, 1]}]",64851,1230618,1
cloud,0,9274,prefill,2b19945777114854b82d6cd44b40f27b,optrace:9274:204,aten.detach.default,"[{""request_id"": ""c4f28400bfd54f3bbb86f843f6fb61f5"", ""position"": 0, ""query_len"": 4096}]",[[2048]],"[""torch.float16""]","[{""argument"": ""args[0]"", ""shape"": [2048], ""dtype"": ""torch.float16"", ""device"": ""cuda:0"", ""stride"": [1]}]",7537,0,0
cloud,0,9274,prefill,2b19945777114854b82d6cd44b40f27b,optrace:9274:205,_C.fused_add_rms_norm.default,"[{""request_id"": ""c4f28400bfd54f3bbb86f843f6fb61f5"", ""position"": 0, ""query_len"": 4096}]","[[4096, 2048], [4096, 2048], [2048]]","[""torch.float16"", ""torch.float16"", ""torch.float16""]","[{""argument"": ""args[0]"", ""shape"": [4096, 2048], ""dtype"": ""torch.float16"", ""device"": ""cuda:0"", ""stride"": [2048, 1]}, {""argument"": ""args[1]"", ""shape"": [4096, 2048], ""dtype"": ""torch.float16"", ""device"": ""cuda:0"", ""stride"": [2048, 1]}, {""argument"": ""args[2]"", ""shape"": [2048], ""dtype"": ""torch.float16"", ""device"": ""cuda:0"", ""stride"": [1]}]",18912,138784,1
cloud,0,9274,prefill,2b19945777114854b82d6cd44b40f27b,optrace:9274:206,aten.linear.default,"[{""request_id"": ""c4f28400bfd54f3bbb86f843f6fb61f5"", ""position"": 0, ""query_len"": 4096}]","[[4096, 2048], [1280, 2048], [1280]]","[""torch.float16"", ""torch.float16"", ""torch.float16""]","[{""argument"": ""args[0]"", ""shape"": [4096, 2048], ""dtype"": ""torch.float16"", ""device"": ""cuda:0"", ""stride"": [2048, 1]}, {""argument"": ""args[1]"", ""shape"": [1280, 2048], ""dtype"": ""torch.float16"", ""device"": ""cuda:0"", ""stride"": [2048, 1]}, {""argument"": ""args[2]"", ""shape"": [1280], ""dtype"": ""torch.float16"", ""device"": ""cuda:0"", ""stride"": [1]}]",63586,311710,1
cloud,0,9274,prefill,2b19945777114854b82d6cd44b40f27b,optrace:9274:207,aten.split_with_sizes.default,"[{""request_id"": ""c4f28400bfd54f3bbb86f843f6fb61f5"", ""position"": 0, ""query_len"": 4096}]","[[4096, 1280]]","[""torch.float16""]","[{""argument"": ""args[0]"", ""shape"": [4096, 1280], ""dtype"": ""torch.float16"", ""device"": ""cuda:0"", ""stride"": [1280, 1]}]",14526,0,0
cloud,0,9274,prefill,2b19945777114854b82d6cd44b40f27b,optrace:9274:208,_C.rotary_embedding.default,"[{""request_id"": ""c4f28400bfd54f3bbb86f843f6fb61f5"", ""position"": 0, ""query_len"": 4096}]","[[4096], [4096, 1024], [4096, 128], [32768, 128]]","[""torch.int64"", ""torch.float16"", ""torch.float16"", ""torch.float16""]","[{""argument"": ""args[0]"", ""shape"": [4096], ""dtype"": ""torch.int64"", ""device"": ""cuda:0"", ""stride"": [1]}, {""argument"": ""args[1]"", ""shape"": [4096, 1024], ""dtype"": ""torch.float16"", ""device"": ""cuda:0"", ""stride"": [1280, 1]}, {""argument"": ""args[2]"", ""shape"": [4096, 128], ""dtype"": ""torch.float16"", ""device"": ""cuda:0"", ""stride"": [1280, 1]}, {""argument"": ""args[4]"", ""shape"": [32768, 128], ""dtype"": ""torch.float16"", ""device"": ""cuda:0"", ""stride"": [128, 1]}]",21229,48896,1
cloud,0,9274,prefill,2b19945777114854b82d6cd44b40f27b,optrace:9274:209,aten.zeros.default,"[{""request_id"": ""c4f28400bfd54f3bbb86f843f6fb61f5"", ""position"": 0, ""query_len"": 4096}]",[],[],[],40365,17824,1
cloud,0,9274,prefill,2b19945777114854b82d6cd44b40f27b,optrace:9274:210,aten.view.default,"[{""request_id"": ""c4f28400bfd54f3bbb86f843f6fb61f5"", ""position"": 0, ""query_len"": 4096}]","[[4096, 1024]]","[""torch.float16""]","[{""argument"": ""args[0]"", ""shape"": [4096, 1024], ""dtype"": ""torch.float16"", ""device"": ""cuda:0"", ""stride"": [1280, 1]}]",8376,0,0
cloud,0,9274,prefill,2b19945777114854b82d6cd44b40f27b,optrace:9274:211,aten.view.default,"[{""request_id"": ""c4f28400bfd54f3bbb86f843f6fb61f5"", ""position"": 0, ""query_len"": 4096}]","[[4096, 1024]]","[""torch.float16""]","[{""argument"": ""args[0]"", ""shape"": [4096, 1024], ""dtype"": ""torch.float16"", ""device"": ""cuda:0"", ""stride"": [1024, 1]}]",5602,0,0
cloud,0,9274,prefill,2b19945777114854b82d6cd44b40f27b,optrace:9274:212,aten.view.default,"[{""request_id"": ""c4f28400bfd54f3bbb86f843f6fb61f5"", ""position"": 0, ""query_len"": 4096}]","[[4096, 128]]","[""torch.float16""]","[{""argument"": ""args[0]"", ""shape"": [4096, 128], ""dtype"": ""torch.float16"", ""device"": ""cuda:0"", ""stride"": [1280, 1]}]",5252,0,0
cloud,0,9274,prefill,2b19945777114854b82d6cd44b40f27b,optrace:9274:213,aten.view.default,"[{""request_id"": ""c4f28400bfd54f3bbb86f843f6fb61f5"", ""position"": 0, ""query_len"": 4096}]","[[4096, 128]]","[""torch.float16""]","[{""argument"": ""args[0]"", ""shape"": [4096, 128], ""dtype"": ""torch.float16"", ""device"": ""cuda:0"", ""stride"": [1280, 1]}]",5375,0,0
cloud,0,9274,prefill,2b19945777114854b82d6cd44b40f27b,optrace:9274:214,vllm.unified_attention_with_output.default,"[{""request_id"": ""c4f28400bfd54f3bbb86f843f6fb61f5"", ""position"": 0, ""query_len"": 4096}]","[[4096, 8, 128], [4096, 1, 128], [4096, 1, 128], [4096, 8, 128]]","[""torch.float16"", ""torch.float16"", ""torch.float16"", ""torch.float16""]","[{""argument"": ""args[0]"", ""shape"": [4096, 8, 128], ""dtype"": ""torch.float16"", ""device"": ""cuda:0"", ""stride"": [1280, 128, 1]}, {""argument"": ""args[1]"", ""shape"": [4096, 1, 128], ""dtype"": ""torch.float16"", ""device"": ""cuda:0"", ""stride"": [1280, 128, 1]}, {""argument"": ""args[2]"", ""shape"": [4096, 1, 128], ""dtype"": ""torch.float16"", ""device"": ""cuda:0"", ""stride"": [1280, 128, 1]}, {""argument"": ""args[3]"", ""shape"": [4096, 8, 128], ""dtype"": ""torch.float16"", ""device"": ""cuda:0"", ""stride"": [1024, 128, 1]}]",171966,533054,2
cloud,0,9274,prefill,2b19945777114854b82d6cd44b40f27b,optrace:9274:215,aten.view.default,"[{""request_id"": ""c4f28400bfd54f3bbb86f843f6fb61f5"", ""position"": 0, ""query_len"": 4096}]","[[4096, 8, 128]]","[""torch.float16""]","[{""argument"": ""args[0]"", ""shape"": [4096, 8, 128], ""dtype"": ""torch.float16"", ""device"": ""cuda:0"", ""stride"": [1024, 128, 1]}]",9338,0,0
cloud,0,9274,prefill,2b19945777114854b82d6cd44b40f27b,optrace:9274:216,aten.linear.default,"[{""request_id"": ""c4f28400bfd54f3bbb86f843f6fb61f5"", ""position"": 0, ""query_len"": 4096}]","[[4096, 1024], [2048, 1024]]","[""torch.float16"", ""torch.float16""]","[{""argument"": ""args[0]"", ""shape"": [4096, 1024], ""dtype"": ""torch.float16"", ""device"": ""cuda:0"", ""stride"": [1024, 1]}, {""argument"": ""args[1]"", ""shape"": [2048, 1024], ""dtype"": ""torch.float16"", ""device"": ""cuda:0"", ""stride"": [1024, 1]}]",56626,216767,1
cloud,0,9274,prefill,2b19945777114854b82d6cd44b40f27b,optrace:9274:217,vllm.all_reduce.default,"[{""request_id"": ""c4f28400bfd54f3bbb86f843f6fb61f5"", ""position"": 0, ""query_len"": 4096}]","[[4096, 2048]]","[""torch.float16""]","[{""argument"": ""args[0]"", ""shape"": [4096, 2048], ""dtype"": ""torch.float16"", ""device"": ""cuda:0"", ""stride"": [2048, 1]}]",83653,0,0
cloud,0,9274,prefill,2b19945777114854b82d6cd44b40f27b,optrace:9274:218,pynccl.all_reduce,"[{""request_id"": ""c4f28400bfd54f3bbb86f843f6fb61f5"", ""position"": 0, ""query_len"": 4096}]","[[4096, 2048]]","[""torch.float16""]","[{""argument"": ""args[0]"", ""shape"": [4096, 2048], ""dtype"": ""torch.float16"", ""device"": ""cuda:0"", ""stride"": [2048, 1]}]",65170,1258523,1
cloud,0,9274,prefill,2b19945777114854b82d6cd44b40f27b,optrace:9274:219,aten.detach.default,"[{""request_id"": ""c4f28400bfd54f3bbb86f843f6fb61f5"", ""position"": 0, ""query_len"": 4096}]",[[2048]],"[""torch.float16""]","[{""argument"": ""args[0]"", ""shape"": [2048], ""dtype"": ""torch.float16"", ""device"": ""cuda:0"", ""stride"": [1]}]",7571,0,0
cloud,0,9274,prefill,2b19945777114854b82d6cd44b40f27b,optrace:9274:220,_C.fused_add_rms_norm.default,"[{""request_id"": ""c4f28400bfd54f3bbb86f843f6fb61f5"", ""position"": 0, ""query_len"": 4096}]","[[4096, 2048], [4096, 2048], [2048]]","[""torch.float16"", ""torch.float16"", ""torch.float16""]","[{""argument"": ""args[0]"", ""shape"": [4096, 2048], ""dtype"": ""torch.float16"", ""device"": ""cuda:0"", ""stride"": [2048, 1]}, {""argument"": ""args[1]"", ""shape"": [4096, 2048], ""dtype"": ""torch.float16"", ""device"": ""cuda:0"", ""stride"": [2048, 1]}, {""argument"": ""args[2]"", ""shape"": [2048], ""dtype"": ""torch.float16"", ""device"": ""cuda:0"", ""stride"": [1]}]",19541,138655,1
cloud,0,9274,prefill,2b19945777114854b82d6cd44b40f27b,optrace:9274:221,aten.linear.default,"[{""request_id"": ""c4f28400bfd54f3bbb86f843f6fb61f5"", ""position"": 0, ""query_len"": 4096}]","[[4096, 2048], [11008, 2048]]","[""torch.float16"", ""torch.float16""]","[{""argument"": ""args[0]"", ""shape"": [4096, 2048], ""dtype"": ""torch.float16"", ""device"": ""cuda:0"", ""stride"": [2048, 1]}, {""argument"": ""args[1]"", ""shape"": [11008, 2048], ""dtype"": ""torch.float16"", ""device"": ""cuda:0"", ""stride"": [2048, 1]}]",75347,2129623,1
cloud,0,9274,prefill,2b19945777114854b82d6cd44b40f27b,optrace:9274:222,aten.empty.memory_format,"[{""request_id"": ""c4f28400bfd54f3bbb86f843f6fb61f5"", ""position"": 0, ""query_len"": 4096}]",[],[],[],25991,0,0
cloud,0,9274,prefill,2b19945777114854b82d6cd44b40f27b,optrace:9274:223,_C.silu_and_mul.default,"[{""request_id"": ""c4f28400bfd54f3bbb86f843f6fb61f5"", ""position"": 0, ""query_len"": 4096}]","[[4096, 5504], [4096, 11008]]","[""torch.float16"", ""torch.float16""]","[{""argument"": ""args[0]"", ""shape"": [4096, 5504], ""dtype"": ""torch.float16"", ""device"": ""cuda:0"", ""stride"": [5504, 1]}, {""argument"": ""args[1]"", ""shape"": [4096, 11008], ""dtype"": ""torch.float16"", ""device"": ""cuda:0"", ""stride"": [11008, 1]}]",17101,296575,1
cloud,0,9274,prefill,2b19945777114854b82d6cd44b40f27b,optrace:9274:224,aten.linear.default,"[{""request_id"": ""c4f28400bfd54f3bbb86f843f6fb61f5"", ""position"": 0, ""query_len"": 4096}]","[[4096, 5504], [2048, 5504]]","[""torch.float16"", ""torch.float16""]","[{""argument"": ""args[0]"", ""shape"": [4096, 5504], ""dtype"": ""torch.float16"", ""device"": ""cuda:0"", ""stride"": [5504, 1]}, {""argument"": ""args[1]"", ""shape"": [2048, 5504], ""dtype"": ""torch.float16"", ""device"": ""cuda:0"", ""stride"": [5504, 1]}]",45509,1003483,1
cloud,0,9274,prefill,2b19945777114854b82d6cd44b40f27b,optrace:9274:225,vllm.all_reduce.default,"[{""request_id"": ""c4f28400bfd54f3bbb86f843f6fb61f5"", ""position"": 0, ""query_len"": 4096}]","[[4096, 2048]]","[""torch.float16""]","[{""argument"": ""args[0]"", ""shape"": [4096, 2048], ""dtype"": ""torch.float16"", ""device"": ""cuda:0"", ""stride"": [2048, 1]}]",81404,0,0
cloud,0,9274,prefill,2b19945777114854b82d6cd44b40f27b,optrace:9274:226,pynccl.all_reduce,"[{""request_id"": ""c4f28400bfd54f3bbb86f843f6fb61f5"", ""position"": 0, ""query_len"": 4096}]","[[4096, 2048]]","[""torch.float16""]","[{""argument"": ""args[0]"", ""shape"": [4096, 2048], ""dtype"": ""torch.float16"", ""device"": ""cuda:0"", ""stride"": [2048, 1]}]",60651,1324219,1
cloud,0,9274,prefill,2b19945777114854b82d6cd44b40f27b,optrace:9274:227,aten.detach.default,"[{""request_id"": ""c4f28400bfd54f3bbb86f843f6fb61f5"", ""position"": 0, ""query_len"": 4096}]",[[2048]],"[""torch.float16""]","[{""argument"": ""args[0]"", ""shape"": [2048], ""dtype"": ""torch.float16"", ""device"": ""cuda:0"", ""stride"": [1]}]",7652,0,0
cloud,0,9274,prefill,2b19945777114854b82d6cd44b40f27b,optrace:9274:228,_C.fused_add_rms_norm.default,"[{""request_id"": ""c4f28400bfd54f3bbb86f843f6fb61f5"", ""position"": 0, ""query_len"": 4096}]","[[4096, 2048], [4096, 2048], [2048]]","[""torch.float16"", ""torch.float16"", ""torch.float16""]","[{""argument"": ""args[0]"", ""shape"": [4096, 2048], ""dtype"": ""torch.float16"", ""device"": ""cuda:0"", ""stride"": [2048, 1]}, {""argument"": ""args[1]"", ""shape"": [4096, 2048], ""dtype"": ""torch.float16"", ""device"": ""cuda:0"", ""stride"": [2048, 1]}, {""argument"": ""args[2]"", ""shape"": [2048], ""dtype"": ""torch.float16"", ""device"": ""cuda:0"", ""stride"": [1]}]",20004,137503,1
cloud,0,9274,prefill,2b19945777114854b82d6cd44b40f27b,optrace:9274:229,aten.linear.default,"[{""request_id"": ""c4f28400bfd54f3bbb86f843f6fb61f5"", ""position"": 0, ""query_len"": 4096}]","[[4096, 2048], [1280, 2048], [1280]]","[""torch.float16"", ""torch.float16"", ""torch.float16""]","[{""argument"": ""args[0]"", ""shape"": [4096, 2048], ""dtype"": ""torch.float16"", ""device"": ""cuda:0"", ""stride"": [2048, 1]}, {""argument"": ""args[1]"", ""shape"": [1280, 2048], ""dtype"": ""torch.float16"", ""device"": ""cuda:0"", ""stride"": [2048, 1]}, {""argument"": ""args[2]"", ""shape"": [1280], ""dtype"": ""torch.float16"", ""device"": ""cuda:0"", ""stride"": [1]}]",62586,312383,1
cloud,0,9274,prefill,2b19945777114854b82d6cd44b40f27b,optrace:9274:230,aten.split_with_sizes.default,"[{""request_id"": ""c4f28400bfd54f3bbb86f843f6fb61f5"", ""position"": 0, ""query_len"": 4096}]","[[4096, 1280]]","[""torch.float16""]","[{""argument"": ""args[0]"", ""shape"": [4096, 1280], ""dtype"": ""torch.float16"", ""device"": ""cuda:0"", ""stride"": [1280, 1]}]",14366,0,0
cloud,0,9274,prefill,2b19945777114854b82d6cd44b40f27b,optrace:9274:231,_C.rotary_embedding.default,"[{""request_id"": ""c4f28400bfd54f3bbb86f843f6fb61f5"", ""position"": 0, ""query_len"": 4096}]","[[4096], [4096, 1024], [4096, 128], [32768, 128]]","[""torch.int64"", ""torch.float16"", ""torch.float16"", ""torch.float16""]","[{""argument"": ""args[0]"", ""shape"": [4096], ""dtype"": ""torch.int64"", ""device"": ""cuda:0"", ""stride"": [1]}, {""argument"": ""args[1]"", ""shape"": [4096, 1024], ""dtype"": ""torch.float16"", ""device"": ""cuda:0"", ""stride"": [1280, 1]}, {""argument"": ""args[2]"", ""shape"": [4096, 128], ""dtype"": ""torch.float16"", ""device"": ""cuda:0"", ""stride"": [1280, 1]}, {""argument"": ""args[4]"", ""shape"": [32768, 128], ""dtype"": ""torch.float16"", ""device"": ""cuda:0"", ""stride"": [128, 1]}]",22918,49056,1
cloud,0,9274,prefill,2b19945777114854b82d6cd44b40f27b,optrace:9274:232,aten.zeros.default,"[{""request_id"": ""c4f28400bfd54f3bbb86f843f6fb61f5"", ""position"": 0, ""query_len"": 4096}]",[],[],[],40514,17824,1
cloud,0,9274,prefill,2b19945777114854b82d6cd44b40f27b,optrace:9274:233,aten.view.default,"[{""request_id"": ""c4f28400bfd54f3bbb86f843f6fb61f5"", ""position"": 0, ""query_len"": 4096}]","[[4096, 1024]]","[""torch.float16""]","[{""argument"": ""args[0]"", ""shape"": [4096, 1024], ""dtype"": ""torch.float16"", ""device"": ""cuda:0"", ""stride"": [1280, 1]}]",8853,0,0
cloud,0,9274,prefill,2b19945777114854b82d6cd44b40f27b,optrace:9274:234,aten.view.default,"[{""request_id"": ""c4f28400bfd54f3bbb86f843f6fb61f5"", ""position"": 0, ""query_len"": 4096}]","[[4096, 1024]]","[""torch.float16""]","[{""argument"": ""args[0]"", ""shape"": [4096, 1024], ""dtype"": ""torch.float16"", ""device"": ""cuda:0"", ""stride"": [1024, 1]}]",6117,0,0
cloud,0,9274,prefill,2b19945777114854b82d6cd44b40f27b,optrace:9274:235,aten.view.default,"[{""request_id"": ""c4f28400bfd54f3bbb86f843f6fb61f5"", ""position"": 0, ""query_len"": 4096}]","[[4096, 128]]","[""torch.float16""]","[{""argument"": ""args[0]"", ""shape"": [4096, 128], ""dtype"": ""torch.float16"", ""device"": ""cuda:0"", ""stride"": [1280, 1]}]",5515,0,0
cloud,0,9274,prefill,2b19945777114854b82d6cd44b40f27b,optrace:9274:236,aten.view.default,"[{""request_id"": ""c4f28400bfd54f3bbb86f843f6fb61f5"", ""position"": 0, ""query_len"": 4096}]","[[4096, 128]]","[""torch.float16""]","[{""argument"": ""args[0]"", ""shape"": [4096, 128], ""dtype"": ""torch.float16"", ""device"": ""cuda:0"", ""stride"": [1280, 1]}]",5189,0,0
cloud,0,9274,prefill,2b19945777114854b82d6cd44b40f27b,optrace:9274:237,vllm.unified_attention_with_output.default,"[{""request_id"": ""c4f28400bfd54f3bbb86f843f6fb61f5"", ""position"": 0, ""query_len"": 4096}]","[[4096, 8, 128], [4096, 1, 128], [4096, 1, 128], [4096, 8, 128]]","[""torch.float16"", ""torch.float16"", ""torch.float16"", ""torch.float16""]","[{""argument"": ""args[0]"", ""shape"": [4096, 8, 128], ""dtype"": ""torch.float16"", ""device"": ""cuda:0"", ""stride"": [1280, 128, 1]}, {""argument"": ""args[1]"", ""shape"": [4096, 1, 128], ""dtype"": ""torch.float16"", ""device"": ""cuda:0"", ""stride"": [1280, 128, 1]}, {""argument"": ""args[2]"", ""shape"": [4096, 1, 128], ""dtype"": ""torch.float16"", ""device"": ""cuda:0"", ""stride"": [1280, 128, 1]}, {""argument"": ""args[3]"", ""shape"": [4096, 8, 128], ""dtype"": ""torch.float16"", ""device"": ""cuda:0"", ""stride"": [1024, 128, 1]}]",187473,536765,2
cloud,0,9274,prefill,2b19945777114854b82d6cd44b40f27b,optrace:9274:238,aten.view.default,"[{""request_id"": ""c4f28400bfd54f3bbb86f843f6fb61f5"", ""position"": 0, ""query_len"": 4096}]","[[4096, 8, 128]]","[""torch.float16""]","[{""argument"": ""args[0]"", ""shape"": [4096, 8, 128], ""dtype"": ""torch.float16"", ""device"": ""cuda:0"", ""stride"": [1024, 128, 1]}]",9079,0,0
cloud,0,9274,prefill,2b19945777114854b82d6cd44b40f27b,optrace:9274:239,aten.linear.default,"[{""request_id"": ""c4f28400bfd54f3bbb86f843f6fb61f5"", ""position"": 0, ""query_len"": 4096}]","[[4096, 1024], [2048, 1024]]","[""torch.float16"", ""torch.float16""]","[{""argument"": ""args[0]"", ""shape"": [4096, 1024], ""dtype"": ""torch.float16"", ""device"": ""cuda:0"", ""stride"": [1024, 1]}, {""argument"": ""args[1]"", ""shape"": [2048, 1024], ""dtype"": ""torch.float16"", ""device"": ""cuda:0"", ""stride"": [1024, 1]}]",56545,216287,1
cloud,0,9274,prefill,2b19945777114854b82d6cd44b40f27b,optrace:9274:240,vllm.all_reduce.default,"[{""request_id"": ""c4f28400bfd54f3bbb86f843f6fb61f5"", ""position"": 0, ""query_len"": 4096}]","[[4096, 2048]]","[""torch.float16""]","[{""argument"": ""args[0]"", ""shape"": [4096, 2048], ""dtype"": ""torch.float16"", ""device"": ""cuda:0"", ""stride"": [2048, 1]}]",85492,0,0
cloud,0,9274,prefill,2b19945777114854b82d6cd44b40f27b,optrace:9274:241,pynccl.all_reduce,"[{""request_id"": ""c4f28400bfd54f3bbb86f843f6fb61f5"", ""position"": 0, ""query_len"": 4096}]","[[4096, 2048]]","[""torch.float16""]","[{""argument"": ""args[0]"", ""shape"": [4096, 2048], ""dtype"": ""torch.float16"", ""device"": ""cuda:0"", ""stride"": [2048, 1]}]",63817,1273787,1
cloud,0,9274,prefill,2b19945777114854b82d6cd44b40f27b,optrace:9274:242,aten.detach.default,"[{""request_id"": ""c4f28400bfd54f3bbb86f843f6fb61f5"", ""position"": 0, ""query_len"": 4096}]",[[2048]],"[""torch.float16""]","[{""argument"": ""args[0]"", ""shape"": [2048], ""dtype"": ""torch.float16"", ""device"": ""cuda:0"", ""stride"": [1]}]",7301,0,0
cloud,0,9274,prefill,2b19945777114854b82d6cd44b40f27b,optrace:9274:243,_C.fused_add_rms_norm.default,"[{""request_id"": ""c4f28400bfd54f3bbb86f843f6fb61f5"", ""position"": 0, ""query_len"": 4096}]","[[4096, 2048], [4096, 2048], [2048]]","[""torch.float16"", ""torch.float16"", ""torch.float16""]","[{""argument"": ""args[0]"", ""shape"": [4096, 2048], ""dtype"": ""torch.float16"", ""device"": ""cuda:0"", ""stride"": [2048, 1]}, {""argument"": ""args[1]"", ""shape"": [4096, 2048], ""dtype"": ""torch.float16"", ""device"": ""cuda:0"", ""stride"": [2048, 1]}, {""argument"": ""args[2]"", ""shape"": [2048], ""dtype"": ""torch.float16"", ""device"": ""cuda:0"", ""stride"": [1]}]",19769,140287,1
cloud,0,9274,prefill,2b19945777114854b82d6cd44b40f27b,optrace:9274:244,aten.linear.default,"[{""request_id"": ""c4f28400bfd54f3bbb86f843f6fb61f5"", ""position"": 0, ""query_len"": 4096}]","[[4096, 2048], [11008, 2048]]","[""torch.float16"", ""torch.float16""]","[{""argument"": ""args[0]"", ""shape"": [4096, 2048], ""dtype"": ""torch.float16"", ""device"": ""cuda:0"", ""stride"": [2048, 1]}, {""argument"": ""args[1]"", ""shape"": [11008, 2048], ""dtype"": ""torch.float16"", ""device"": ""cuda:0"", ""stride"": [2048, 1]}]",64917,2157303,1
cloud,0,9274,prefill,2b19945777114854b82d6cd44b40f27b,optrace:9274:245,aten.empty.memory_format,"[{""request_id"": ""c4f28400bfd54f3bbb86f843f6fb61f5"", ""position"": 0, ""query_len"": 4096}]",[],[],[],22153,0,0
cloud,0,9274,prefill,2b19945777114854b82d6cd44b40f27b,optrace:9274:246,_C.silu_and_mul.default,"[{""request_id"": ""c4f28400bfd54f3bbb86f843f6fb61f5"", ""position"": 0, ""query_len"": 4096}]","[[4096, 5504], [4096, 11008]]","[""torch.float16"", ""torch.float16""]","[{""argument"": ""args[0]"", ""shape"": [4096, 5504], ""dtype"": ""torch.float16"", ""device"": ""cuda:0"", ""stride"": [5504, 1]}, {""argument"": ""args[1]"", ""shape"": [4096, 11008], ""dtype"": ""torch.float16"", ""device"": ""cuda:0"", ""stride"": [11008, 1]}]",19764,299103,1
cloud,0,9274,prefill,2b19945777114854b82d6cd44b40f27b,optrace:9274:247,aten.linear.default,"[{""request_id"": ""c4f28400bfd54f3bbb86f843f6fb61f5"", ""position"": 0, ""query_len"": 4096}]","[[4096, 5504], [2048, 5504]]","[""torch.float16"", ""torch.float16""]","[{""argument"": ""args[0]"", ""shape"": [4096, 5504], ""dtype"": ""torch.float16"", ""device"": ""cuda:0"", ""stride"": [5504, 1]}, {""argument"": ""args[1]"", ""shape"": [2048, 5504], ""dtype"": ""torch.float16"", ""device"": ""cuda:0"", ""stride"": [5504, 1]}]",46262,1079931,1
cloud,0,9274,prefill,2b19945777114854b82d6cd44b40f27b,optrace:9274:248,vllm.all_reduce.default,"[{""request_id"": ""c4f28400bfd54f3bbb86f843f6fb61f5"", ""position"": 0, ""query_len"": 4096}]","[[4096, 2048]]","[""torch.float16""]","[{""argument"": ""args[0]"", ""shape"": [4096, 2048], ""dtype"": ""torch.float16"", ""device"": ""cuda:0"", ""stride"": [2048, 1]}]",80524,0,0
cloud,0,9274,prefill,2b19945777114854b82d6cd44b40f27b,optrace:9274:249,pynccl.all_reduce,"[{""request_id"": ""c4f28400bfd54f3bbb86f843f6fb61f5"", ""position"": 0, ""query_len"": 4096}]","[[4096, 2048]]","[""torch.float16""]","[{""argument"": ""args[0]"", ""shape"": [4096, 2048], ""dtype"": ""torch.float16"", ""device"": ""cuda:0"", ""stride"": [2048, 1]}]",61930,1263195,1
cloud,0,9274,prefill,2b19945777114854b82d6cd44b40f27b,optrace:9274:250,aten.detach.default,"[{""request_id"": ""c4f28400bfd54f3bbb86f843f6fb61f5"", ""position"": 0, ""query_len"": 4096}]",[[2048]],"[""torch.float16""]","[{""argument"": ""args[0]"", ""shape"": [2048], ""dtype"": ""torch.float16"", ""device"": ""cuda:0"", ""stride"": [1]}]",10826,0,0
cloud,0,9274,prefill,2b19945777114854b82d6cd44b40f27b,optrace:9274:251,_C.fused_add_rms_norm.default,"[{""request_id"": ""c4f28400bfd54f3bbb86f843f6fb61f5"", ""position"": 0, ""query_len"": 4096}]","[[4096, 2048], [4096, 2048], [2048]]","[""torch.float16"", ""torch.float16"", ""torch.float16""]","[{""argument"": ""args[0]"", ""shape"": [4096, 2048], ""dtype"": ""torch.float16"", ""device"": ""cuda:0"", ""stride"": [2048, 1]}, {""argument"": ""args[1]"", ""shape"": [4096, 2048], ""dtype"": ""torch.float16"", ""device"": ""cuda:0"", ""stride"": [2048, 1]}, {""argument"": ""args[2]"", ""shape"": [2048], ""dtype"": ""torch.float16"", ""device"": ""cuda:0"", ""stride"": [1]}]",19438,138879,1
cloud,0,9274,prefill,2b19945777114854b82d6cd44b40f27b,optrace:9274:252,aten.linear.default,"[{""request_id"": ""c4f28400bfd54f3bbb86f843f6fb61f5"", ""position"": 0, ""query_len"": 4096}]","[[4096, 2048], [1280, 2048], [1280]]","[""torch.float16"", ""torch.float16"", ""torch.float16""]","[{""argument"": ""args[0]"", ""shape"": [4096, 2048], ""dtype"": ""torch.float16"", ""device"": ""cuda:0"", ""stride"": [2048, 1]}, {""argument"": ""args[1]"", ""shape"": [1280, 2048], ""dtype"": ""torch.float16"", ""device"": ""cuda:0"", ""stride"": [2048, 1]}, {""argument"": ""args[2]"", ""shape"": [1280], ""dtype"": ""torch.float16"", ""device"": ""cuda:0"", ""stride"": [1]}]",74315,328991,1
cloud,0,9274,prefill,2b19945777114854b82d6cd44b40f27b,optrace:9274:253,aten.split_with_sizes.default,"[{""request_id"": ""c4f28400bfd54f3bbb86f843f6fb61f5"", ""position"": 0, ""query_len"": 4096}]","[[4096, 1280]]","[""torch.float16""]","[{""argument"": ""args[0]"", ""shape"": [4096, 1280], ""dtype"": ""torch.float16"", ""device"": ""cuda:0"", ""stride"": [1280, 1]}]",14799,0,0
cloud,0,9274,prefill,2b19945777114854b82d6cd44b40f27b,optrace:9274:254,_C.rotary_embedding.default,"[{""request_id"": ""c4f28400bfd54f3bbb86f843f6fb61f5"", ""position"": 0, ""query_len"": 4096}]","[[4096], [4096, 1024], [4096, 128], [32768, 128]]","[""torch.int64"", ""torch.float16"", ""torch.float16"", ""torch.float16""]","[{""argument"": ""args[0]"", ""shape"": [4096], ""dtype"": ""torch.int64"", ""device"": ""cuda:0"", ""stride"": [1]}, {""argument"": ""args[1]"", ""shape"": [4096, 1024], ""dtype"": ""torch.float16"", ""device"": ""cuda:0"", ""stride"": [1280, 1]}, {""argument"": ""args[2]"", ""shape"": [4096, 128], ""dtype"": ""torch.float16"", ""device"": ""cuda:0"", ""stride"": [1280, 1]}, {""argument"": ""args[4]"", ""shape"": [32768, 128], ""dtype"": ""torch.float16"", ""device"": ""cuda:0"", ""stride"": [128, 1]}]",21259,50496,1
cloud,0,9274,prefill,2b19945777114854b82d6cd44b40f27b,optrace:9274:255,aten.zeros.default,"[{""request_id"": ""c4f28400bfd54f3bbb86f843f6fb61f5"", ""position"": 0, ""query_len"": 4096}]",[],[],[],52062,17856,1
cloud,0,9274,prefill,2b19945777114854b82d6cd44b40f27b,optrace:9274:256,aten.view.default,"[{""request_id"": ""c4f28400bfd54f3bbb86f843f6fb61f5"", ""position"": 0, ""query_len"": 4096}]","[[4096, 1024]]","[""torch.float16""]","[{""argument"": ""args[0]"", ""shape"": [4096, 1024], ""dtype"": ""torch.float16"", ""device"": ""cuda:0"", ""stride"": [1280, 1]}]",9240,0,0
cloud,0,9274,prefill,2b19945777114854b82d6cd44b40f27b,optrace:9274:257,aten.view.default,"[{""request_id"": ""c4f28400bfd54f3bbb86f843f6fb61f5"", ""position"": 0, ""query_len"": 4096}]","[[4096, 1024]]","[""torch.float16""]","[{""argument"": ""args[0]"", ""shape"": [4096, 1024], ""dtype"": ""torch.float16"", ""device"": ""cuda:0"", ""stride"": [1024, 1]}]",5349,0,0
cloud,0,9274,prefill,2b19945777114854b82d6cd44b40f27b,optrace:9274:258,aten.view.default,"[{""request_id"": ""c4f28400bfd54f3bbb86f843f6fb61f5"", ""position"": 0, ""query_len"": 4096}]","[[4096, 128]]","[""torch.float16""]","[{""argument"": ""args[0]"", ""shape"": [4096, 128], ""dtype"": ""torch.float16"", ""device"": ""cuda:0"", ""stride"": [1280, 1]}]",6000,0,0
cloud,0,9274,prefill,2b19945777114854b82d6cd44b40f27b,optrace:9274:259,aten.view.default,"[{""request_id"": ""c4f28400bfd54f3bbb86f843f6fb61f5"", ""position"": 0, ""query_len"": 4096}]","[[4096, 128]]","[""torch.float16""]","[{""argument"": ""args[0]"", ""shape"": [4096, 128], ""dtype"": ""torch.float16"", ""device"": ""cuda:0"", ""stride"": [1280, 1]}]",5485,0,0
cloud,0,9274,prefill,2b19945777114854b82d6cd44b40f27b,optrace:9274:260,vllm.unified_attention_with_output.default,"[{""request_id"": ""c4f28400bfd54f3bbb86f843f6fb61f5"", ""position"": 0, ""query_len"": 4096}]","[[4096, 8, 128], [4096, 1, 128], [4096, 1, 128], [4096, 8, 128]]","[""torch.float16"", ""torch.float16"", ""torch.float16"", ""torch.float16""]","[{""argument"": ""args[0]"", ""shape"": [4096, 8, 128], ""dtype"": ""torch.float16"", ""device"": ""cuda:0"", ""stride"": [1280, 128, 1]}, {""argument"": ""args[1]"", ""shape"": [4096, 1, 128], ""dtype"": ""torch.float16"", ""device"": ""cuda:0"", ""stride"": [1280, 128, 1]}, {""argument"": ""args[2]"", ""shape"": [4096, 1, 128], ""dtype"": ""torch.float16"", ""device"": ""cuda:0"", ""stride"": [1280, 128, 1]}, {""argument"": ""args[3]"", ""shape"": [4096, 8, 128], ""dtype"": ""torch.float16"", ""device"": ""cuda:0"", ""stride"": [1024, 128, 1]}]",173055,553245,2
cloud,0,9274,prefill,2b19945777114854b82d6cd44b40f27b,optrace:9274:261,aten.view.default,"[{""request_id"": ""c4f28400bfd54f3bbb86f843f6fb61f5"", ""position"": 0, ""query_len"": 4096}]","[[4096, 8, 128]]","[""torch.float16""]","[{""argument"": ""args[0]"", ""shape"": [4096, 8, 128], ""dtype"": ""torch.float16"", ""device"": ""cuda:0"", ""stride"": [1024, 128, 1]}]",8701,0,0
cloud,0,9274,prefill,2b19945777114854b82d6cd44b40f27b,optrace:9274:262,aten.linear.default,"[{""request_id"": ""c4f28400bfd54f3bbb86f843f6fb61f5"", ""position"": 0, ""query_len"": 4096}]","[[4096, 1024], [2048, 1024]]","[""torch.float16"", ""torch.float16""]","[{""argument"": ""args[0]"", ""shape"": [4096, 1024], ""dtype"": ""torch.float16"", ""device"": ""cuda:0"", ""stride"": [1024, 1]}, {""argument"": ""args[1]"", ""shape"": [2048, 1024], ""dtype"": ""torch.float16"", ""device"": ""cuda:0"", ""stride"": [1024, 1]}]",53208,231583,1
cloud,0,9274,prefill,2b19945777114854b82d6cd44b40f27b,optrace:9274:263,vllm.all_reduce.default,"[{""request_id"": ""c4f28400bfd54f3bbb86f843f6fb61f5"", ""position"": 0, ""query_len"": 4096}]","[[4096, 2048]]","[""torch.float16""]","[{""argument"": ""args[0]"", ""shape"": [4096, 2048], ""dtype"": ""torch.float16"", ""device"": ""cuda:0"", ""stride"": [2048, 1]}]",79977,0,0
cloud,0,9274,prefill,2b19945777114854b82d6cd44b40f27b,optrace:9274:264,pynccl.all_reduce,"[{""request_id"": ""c4f28400bfd54f3bbb86f843f6fb61f5"", ""position"": 0, ""query_len"": 4096}]","[[4096, 2048]]","[""torch.float16""]","[{""argument"": ""args[0]"", ""shape"": [4096, 2048], ""dtype"": ""torch.float16"", ""device"": ""cuda:0"", ""stride"": [2048, 1]}]",59831,1243067,1
cloud,0,9274,prefill,2b19945777114854b82d6cd44b40f27b,optrace:9274:265,aten.detach.default,"[{""request_id"": ""c4f28400bfd54f3bbb86f843f6fb61f5"", ""position"": 0, ""query_len"": 4096}]",[[2048]],"[""torch.float16""]","[{""argument"": ""args[0]"", ""shape"": [2048], ""dtype"": ""torch.float16"", ""device"": ""cuda:0"", ""stride"": [1]}]",7870,0,0
cloud,0,9274,prefill,2b19945777114854b82d6cd44b40f27b,optrace:9274:266,_C.fused_add_rms_norm.default,"[{""request_id"": ""c4f28400bfd54f3bbb86f843f6fb61f5"", ""position"": 0, ""query_len"": 4096}]","[[4096, 2048], [4096, 2048], [2048]]","[""torch.float16"", ""torch.float16"", ""torch.float16""]","[{""argument"": ""args[0]"", ""shape"": [4096, 2048], ""dtype"": ""torch.float16"", ""device"": ""cuda:0"", ""stride"": [2048, 1]}, {""argument"": ""args[1]"", ""shape"": [4096, 2048], ""dtype"": ""torch.float16"", ""device"": ""cuda:0"", ""stride"": [2048, 1]}, {""argument"": ""args[2]"", ""shape"": [2048], ""dtype"": ""torch.float16"", ""device"": ""cuda:0"", ""stride"": [1]}]",19907,139263,1
cloud,0,9274,prefill,2b19945777114854b82d6cd44b40f27b,optrace:9274:267,aten.linear.default,"[{""request_id"": ""c4f28400bfd54f3bbb86f843f6fb61f5"", ""position"": 0, ""query_len"": 4096}]","[[4096, 2048], [11008, 2048]]","[""torch.float16"", ""torch.float16""]","[{""argument"": ""args[0]"", ""shape"": [4096, 2048], ""dtype"": ""torch.float16"", ""device"": ""cuda:0"", ""stride"": [2048, 1]}, {""argument"": ""args[1]"", ""shape"": [11008, 2048], ""dtype"": ""torch.float16"", ""device"": ""cuda:0"", ""stride"": [2048, 1]}]",84994,2280663,1
cloud,0,9274,prefill,2b19945777114854b82d6cd44b40f27b,optrace:9274:268,aten.empty.memory_format,"[{""request_id"": ""c4f28400bfd54f3bbb86f843f6fb61f5"", ""position"": 0, ""query_len"": 4096}]",[],[],[],23050,0,0
cloud,0,9274,prefill,2b19945777114854b82d6cd44b40f27b,optrace:9274:269,_C.silu_and_mul.default,"[{""request_id"": ""c4f28400bfd54f3bbb86f843f6fb61f5"", ""position"": 0, ""query_len"": 4096}]","[[4096, 5504], [4096, 11008]]","[""torch.float16"", ""torch.float16""]","[{""argument"": ""args[0]"", ""shape"": [4096, 5504], ""dtype"": ""torch.float16"", ""device"": ""cuda:0"", ""stride"": [5504, 1]}, {""argument"": ""args[1]"", ""shape"": [4096, 11008], ""dtype"": ""torch.float16"", ""device"": ""cuda:0"", ""stride"": [11008, 1]}]",17474,302014,1
cloud,0,9274,prefill,2b19945777114854b82d6cd44b40f27b,optrace:9274:270,aten.linear.default,"[{""request_id"": ""c4f28400bfd54f3bbb86f843f6fb61f5"", ""position"": 0, ""query_len"": 4096}]","[[4096, 5504], [2048, 5504]]","[""torch.float16"", ""torch.float16""]","[{""argument"": ""args[0]"", ""shape"": [4096, 5504], ""dtype"": ""torch.float16"", ""device"": ""cuda:0"", ""stride"": [5504, 1]}, {""argument"": ""args[1]"", ""shape"": [2048, 5504], ""dtype"": ""torch.float16"", ""device"": ""cuda:0"", ""stride"": [5504, 1]}]",48782,1080668,1
cloud,0,9274,prefill,2b19945777114854b82d6cd44b40f27b,optrace:9274:271,vllm.all_reduce.default,"[{""request_id"": ""c4f28400bfd54f3bbb86f843f6fb61f5"", ""position"": 0, ""query_len"": 4096}]","[[4096, 2048]]","[""torch.float16""]","[{""argument"": ""args[0]"", ""shape"": [4096, 2048], ""dtype"": ""torch.float16"", ""device"": ""cuda:0"", ""stride"": [2048, 1]}]",82818,0,0
cloud,0,9274,prefill,2b19945777114854b82d6cd44b40f27b,optrace:9274:272,pynccl.all_reduce,"[{""request_id"": ""c4f28400bfd54f3bbb86f843f6fb61f5"", ""position"": 0, ""query_len"": 4096}]","[[4096, 2048]]","[""torch.float16""]","[{""argument"": ""args[0]"", ""shape"": [4096, 2048], ""dtype"": ""torch.float16"", ""device"": ""cuda:0"", ""stride"": [2048, 1]}]",62942,1235034,1
cloud,0,9274,prefill,2b19945777114854b82d6cd44b40f27b,optrace:9274:273,aten.detach.default,"[{""request_id"": ""c4f28400bfd54f3bbb86f843f6fb61f5"", ""position"": 0, ""query_len"": 4096}]",[[2048]],"[""torch.float16""]","[{""argument"": ""args[0]"", ""shape"": [2048], ""dtype"": ""torch.float16"", ""device"": ""cuda:0"", ""stride"": [1]}]",8360,0,0
cloud,0,9274,prefill,2b19945777114854b82d6cd44b40f27b,optrace:9274:274,_C.fused_add_rms_norm.default,"[{""request_id"": ""c4f28400bfd54f3bbb86f843f6fb61f5"", ""position"": 0, ""query_len"": 4096}]","[[4096, 2048], [4096, 2048], [2048]]","[""torch.float16"", ""torch.float16"", ""torch.float16""]","[{""argument"": ""args[0]"", ""shape"": [4096, 2048], ""dtype"": ""torch.float16"", ""device"": ""cuda:0"", ""stride"": [2048, 1]}, {""argument"": ""args[1]"", ""shape"": [4096, 2048], ""dtype"": ""torch.float16"", ""device"": ""cuda:0"", ""stride"": [2048, 1]}, {""argument"": ""args[2]"", ""shape"": [2048], ""dtype"": ""torch.float16"", ""device"": ""cuda:0"", ""stride"": [1]}]",25267,138752,1
cloud,0,9274,prefill,2b19945777114854b82d6cd44b40f27b,optrace:9274:275,aten.linear.default,"[{""request_id"": ""c4f28400bfd54f3bbb86f843f6fb61f5"", ""position"": 0, ""query_len"": 4096}]","[[4096, 2048], [1280, 2048], [1280]]","[""torch.float16"", ""torch.float16"", ""torch.float16""]","[{""argument"": ""args[0]"", ""shape"": [4096, 2048], ""dtype"": ""torch.float16"", ""device"": ""cuda:0"", ""stride"": [2048, 1]}, {""argument"": ""args[1]"", ""shape"": [1280, 2048], ""dtype"": ""torch.float16"", ""device"": ""cuda:0"", ""stride"": [2048, 1]}, {""argument"": ""args[2]"", ""shape"": [1280], ""dtype"": ""torch.float16"", ""device"": ""cuda:0"", ""stride"": [1]}]",61959,328734,1
cloud,0,9274,prefill,2b19945777114854b82d6cd44b40f27b,optrace:9274:276,aten.split_with_sizes.default,"[{""request_id"": ""c4f28400bfd54f3bbb86f843f6fb61f5"", ""position"": 0, ""query_len"": 4096}]","[[4096, 1280]]","[""torch.float16""]","[{""argument"": ""args[0]"", ""shape"": [4096, 1280], ""dtype"": ""torch.float16"", ""device"": ""cuda:0"", ""stride"": [1280, 1]}]",14493,0,0
cloud,0,9274,prefill,2b19945777114854b82d6cd44b40f27b,optrace:9274:277,_C.rotary_embedding.default,"[{""request_id"": ""c4f28400bfd54f3bbb86f843f6fb61f5"", ""position"": 0, ""query_len"": 4096}]","[[4096], [4096, 1024], [4096, 128], [32768, 128]]","[""torch.int64"", ""torch.float16"", ""torch.float16"", ""torch.float16""]","[{""argument"": ""args[0]"", ""shape"": [4096], ""dtype"": ""torch.int64"", ""device"": ""cuda:0"", ""stride"": [1]}, {""argument"": ""args[1]"", ""shape"": [4096, 1024], ""dtype"": ""torch.float16"", ""device"": ""cuda:0"", ""stride"": [1280, 1]}, {""argument"": ""args[2]"", ""shape"": [4096, 128], ""dtype"": ""torch.float16"", ""device"": ""cuda:0"", ""stride"": [1280, 1]}, {""argument"": ""args[4]"", ""shape"": [32768, 128], ""dtype"": ""torch.float16"", ""device"": ""cuda:0"", ""stride"": [128, 1]}]",22550,50048,1
cloud,0,9274,prefill,2b19945777114854b82d6cd44b40f27b,optrace:9274:278,aten.zeros.default,"[{""request_id"": ""c4f28400bfd54f3bbb86f843f6fb61f5"", ""position"": 0, ""query_len"": 4096}]",[],[],[],41270,17920,1
cloud,0,9274,prefill,2b19945777114854b82d6cd44b40f27b,optrace:9274:279,aten.view.default,"[{""request_id"": ""c4f28400bfd54f3bbb86f843f6fb61f5"", ""position"": 0, ""query_len"": 4096}]","[[4096, 1024]]","[""torch.float16""]","[{""argument"": ""args[0]"", ""shape"": [4096, 1024], ""dtype"": ""torch.float16"", ""device"": ""cuda:0"", ""stride"": [1280, 1]}]",12722,0,0
cloud,0,9274,prefill,2b19945777114854b82d6cd44b40f27b,optrace:9274:280,aten.view.default,"[{""request_id"": ""c4f28400bfd54f3bbb86f843f6fb61f5"", ""position"": 0, ""query_len"": 4096}]","[[4096, 1024]]","[""torch.float16""]","[{""argument"": ""args[0]"", ""shape"": [4096, 1024], ""dtype"": ""torch.float16"", ""device"": ""cuda:0"", ""stride"": [1024, 1]}]",5530,0,0
cloud,0,9274,prefill,2b19945777114854b82d6cd44b40f27b,optrace:9274:281,aten.view.default,"[{""request_id"": ""c4f28400bfd54f3bbb86f843f6fb61f5"", ""position"": 0, ""query_len"": 4096}]","[[4096, 128]]","[""torch.float16""]","[{""argument"": ""args[0]"", ""shape"": [4096, 128], ""dtype"": ""torch.float16"", ""device"": ""cuda:0"", ""stride"": [1280, 1]}]",5265,0,0
cloud,0,9274,prefill,2b19945777114854b82d6cd44b40f27b,optrace:9274:282,aten.view.default,"[{""request_id"": ""c4f28400bfd54f3bbb86f843f6fb61f5"", ""position"": 0, ""query_len"": 4096}]","[[4096, 128]]","[""torch.float16""]","[{""argument"": ""args[0]"", ""shape"": [4096, 128], ""dtype"": ""torch.float16"", ""device"": ""cuda:0"", ""stride"": [1280, 1]}]",5437,0,0
cloud,0,9274,prefill,2b19945777114854b82d6cd44b40f27b,optrace:9274:283,vllm.unified_attention_with_output.default,"[{""request_id"": ""c4f28400bfd54f3bbb86f843f6fb61f5"", ""position"": 0, ""query_len"": 4096}]","[[4096, 8, 128], [4096, 1, 128], [4096, 1, 128], [4096, 8, 128]]","[""torch.float16"", ""torch.float16"", ""torch.float16"", ""torch.float16""]","[{""argument"": ""args[0]"", ""shape"": [4096, 8, 128], ""dtype"": ""torch.float16"", ""device"": ""cuda:0"", ""stride"": [1280, 128, 1]}, {""argument"": ""args[1]"", ""shape"": [4096, 1, 128], ""dtype"": ""torch.float16"", ""device"": ""cuda:0"", ""stride"": [1280, 128, 1]}, {""argument"": ""args[2]"", ""shape"": [4096, 1, 128], ""dtype"": ""torch.float16"", ""device"": ""cuda:0"", ""stride"": [1280, 128, 1]}, {""argument"": ""args[3]"", ""shape"": [4096, 8, 128], ""dtype"": ""torch.float16"", ""device"": ""cuda:0"", ""stride"": [1024, 128, 1]}]",190399,559998,2
cloud,0,9274,prefill,2b19945777114854b82d6cd44b40f27b,optrace:9274:284,aten.view.default,"[{""request_id"": ""c4f28400bfd54f3bbb86f843f6fb61f5"", ""position"": 0, ""query_len"": 4096}]","[[4096, 8, 128]]","[""torch.float16""]","[{""argument"": ""args[0]"", ""shape"": [4096, 8, 128], ""dtype"": ""torch.float16"", ""device"": ""cuda:0"", ""stride"": [1024, 128, 1]}]",11659,0,0
cloud,0,9274,prefill,2b19945777114854b82d6cd44b40f27b,optrace:9274:285,aten.linear.default,"[{""request_id"": ""c4f28400bfd54f3bbb86f843f6fb61f5"", ""position"": 0, ""query_len"": 4096}]","[[4096, 1024], [2048, 1024]]","[""torch.float16"", ""torch.float16""]","[{""argument"": ""args[0]"", ""shape"": [4096, 1024], ""dtype"": ""torch.float16"", ""device"": ""cuda:0"", ""stride"": [1024, 1]}, {""argument"": ""args[1]"", ""shape"": [2048, 1024], ""dtype"": ""torch.float16"", ""device"": ""cuda:0"", ""stride"": [1024, 1]}]",79772,231743,1
cloud,0,9274,prefill,2b19945777114854b82d6cd44b40f27b,optrace:9274:286,vllm.all_reduce.default,"[{""request_id"": ""c4f28400bfd54f3bbb86f843f6fb61f5"", ""position"": 0, ""query_len"": 4096}]","[[4096, 2048]]","[""torch.float16""]","[{""argument"": ""args[0]"", ""shape"": [4096, 2048], ""dtype"": ""torch.float16"", ""device"": ""cuda:0"", ""stride"": [2048, 1]}]",81270,0,0
cloud,0,9274,prefill,2b19945777114854b82d6cd44b40f27b,optrace:9274:287,pynccl.all_reduce,"[{""request_id"": ""c4f28400bfd54f3bbb86f843f6fb61f5"", ""position"": 0, ""query_len"": 4096}]","[[4096, 2048]]","[""torch.float16""]","[{""argument"": ""args[0]"", ""shape"": [4096, 2048], ""dtype"": ""torch.float16"", ""device"": ""cuda:0"", ""stride"": [2048, 1]}]",62039,1234235,1
cloud,0,9274,prefill,2b19945777114854b82d6cd44b40f27b,optrace:9274:288,aten.detach.default,"[{""request_id"": ""c4f28400bfd54f3bbb86f843f6fb61f5"", ""position"": 0, ""query_len"": 4096}]",[[2048]],"[""torch.float16""]","[{""argument"": ""args[0]"", ""shape"": [2048], ""dtype"": ""torch.float16"", ""device"": ""cuda:0"", ""stride"": [1]}]",9865,0,0
cloud,0,9274,prefill,2b19945777114854b82d6cd44b40f27b,optrace:9274:289,_C.fused_add_rms_norm.default,"[{""request_id"": ""c4f28400bfd54f3bbb86f843f6fb61f5"", ""position"": 0, ""query_len"": 4096}]","[[4096, 2048], [4096, 2048], [2048]]","[""torch.float16"", ""torch.float16"", ""torch.float16""]","[{""argument"": ""args[0]"", ""shape"": [4096, 2048], ""dtype"": ""torch.float16"", ""device"": ""cuda:0"", ""stride"": [2048, 1]}, {""argument"": ""args[1]"", ""shape"": [4096, 2048], ""dtype"": ""torch.float16"", ""device"": ""cuda:0"", ""stride"": [2048, 1]}, {""argument"": ""args[2]"", ""shape"": [2048], ""dtype"": ""torch.float16"", ""device"": ""cuda:0"", ""stride"": [1]}]",23038,139519,1
cloud,0,9274,prefill,2b19945777114854b82d6cd44b40f27b,optrace:9274:290,aten.linear.default,"[{""request_id"": ""c4f28400bfd54f3bbb86f843f6fb61f5"", ""position"": 0, ""query_len"": 4096}]","[[4096, 2048], [11008, 2048]]","[""torch.float16"", ""torch.float16""]","[{""argument"": ""args[0]"", ""shape"": [4096, 2048], ""dtype"": ""torch.float16"", ""device"": ""cuda:0"", ""stride"": [2048, 1]}, {""argument"": ""args[1]"", ""shape"": [11008, 2048], ""dtype"": ""torch.float16"", ""device"": ""cuda:0"", ""stride"": [2048, 1]}]",62733,2298934,1
cloud,0,9274,prefill,2b19945777114854b82d6cd44b40f27b,optrace:9274:291,aten.empty.memory_format,"[{""request_id"": ""c4f28400bfd54f3bbb86f843f6fb61f5"", ""position"": 0, ""query_len"": 4096}]",[],[],[],21418,0,0
cloud,0,9274,prefill,2b19945777114854b82d6cd44b40f27b,optrace:9274:292,_C.silu_and_mul.default,"[{""request_id"": ""c4f28400bfd54f3bbb86f843f6fb61f5"", ""position"": 0, ""query_len"": 4096}]","[[4096, 5504], [4096, 11008]]","[""torch.float16"", ""torch.float16""]","[{""argument"": ""args[0]"", ""shape"": [4096, 5504], ""dtype"": ""torch.float16"", ""device"": ""cuda:0"", ""stride"": [5504, 1]}, {""argument"": ""args[1]"", ""shape"": [4096, 11008], ""dtype"": ""torch.float16"", ""device"": ""cuda:0"", ""stride"": [11008, 1]}]",16446,301823,1
cloud,0,9274,prefill,2b19945777114854b82d6cd44b40f27b,optrace:9274:293,aten.linear.default,"[{""request_id"": ""c4f28400bfd54f3bbb86f843f6fb61f5"", ""position"": 0, ""query_len"": 4096}]","[[4096, 5504], [2048, 5504]]","[""torch.float16"", ""torch.float16""]","[{""argument"": ""args[0]"", ""shape"": [4096, 5504], ""dtype"": ""torch.float16"", ""device"": ""cuda:0"", ""stride"": [5504, 1]}, {""argument"": ""args[1]"", ""shape"": [2048, 5504], ""dtype"": ""torch.float16"", ""device"": ""cuda:0"", ""stride"": [5504, 1]}]",44631,1080763,1
cloud,0,9274,prefill,2b19945777114854b82d6cd44b40f27b,optrace:9274:294,vllm.all_reduce.default,"[{""request_id"": ""c4f28400bfd54f3bbb86f843f6fb61f5"", ""position"": 0, ""query_len"": 4096}]","[[4096, 2048]]","[""torch.float16""]","[{""argument"": ""args[0]"", ""shape"": [4096, 2048], ""dtype"": ""torch.float16"", ""device"": ""cuda:0"", ""stride"": [2048, 1]}]",79138,0,0
cloud,0,9274,prefill,2b19945777114854b82d6cd44b40f27b,optrace:9274:295,pynccl.all_reduce,"[{""request_id"": ""c4f28400bfd54f3bbb86f843f6fb61f5"", ""position"": 0, ""query_len"": 4096}]","[[4096, 2048]]","[""torch.float16""]","[{""argument"": ""args[0]"", ""shape"": [4096, 2048], ""dtype"": ""torch.float16"", ""device"": ""cuda:0"", ""stride"": [2048, 1]}]",57866,1229083,1
cloud,0,9274,prefill,2b19945777114854b82d6cd44b40f27b,optrace:9274:296,aten.detach.default,"[{""request_id"": ""c4f28400bfd54f3bbb86f843f6fb61f5"", ""position"": 0, ""query_len"": 4096}]",[[2048]],"[""torch.float16""]","[{""argument"": ""args[0]"", ""shape"": [2048], ""dtype"": ""torch.float16"", ""device"": ""cuda:0"", ""stride"": [1]}]",7745,0,0
cloud,0,9274,prefill,2b19945777114854b82d6cd44b40f27b,optrace:9274:297,_C.fused_add_rms_norm.default,"[{""request_id"": ""c4f28400bfd54f3bbb86f843f6fb61f5"", ""position"": 0, ""query_len"": 4096}]","[[4096, 2048], [4096, 2048], [2048]]","[""torch.float16"", ""torch.float16"", ""torch.float16""]","[{""argument"": ""args[0]"", ""shape"": [4096, 2048], ""dtype"": ""torch.float16"", ""device"": ""cuda:0"", ""stride"": [2048, 1]}, {""argument"": ""args[1]"", ""shape"": [4096, 2048], ""dtype"": ""torch.float16"", ""device"": ""cuda:0"", ""stride"": [2048, 1]}, {""argument"": ""args[2]"", ""shape"": [2048], ""dtype"": ""torch.float16"", ""device"": ""cuda:0"", ""stride"": [1]}]",35329,138719,1
cloud,0,9274,prefill,2b19945777114854b82d6cd44b40f27b,optrace:9274:298,aten.linear.default,"[{""request_id"": ""c4f28400bfd54f3bbb86f843f6fb61f5"", ""position"": 0, ""query_len"": 4096}]","[[4096, 2048], [1280, 2048], [1280]]","[""torch.float16"", ""torch.float16"", ""torch.float16""]","[{""argument"": ""args[0]"", ""shape"": [4096, 2048], ""dtype"": ""torch.float16"", ""device"": ""cuda:0"", ""stride"": [2048, 1]}, {""argument"": ""args[1]"", ""shape"": [1280, 2048], ""dtype"": ""torch.float16"", ""device"": ""cuda:0"", ""stride"": [2048, 1]}, {""argument"": ""args[2]"", ""shape"": [1280], ""dtype"": ""torch.float16"", ""device"": ""cuda:0"", ""stride"": [1]}]",62427,329631,1
cloud,0,9274,prefill,2b19945777114854b82d6cd44b40f27b,optrace:9274:299,aten.split_with_sizes.default,"[{""request_id"": ""c4f28400bfd54f3bbb86f843f6fb61f5"", ""position"": 0, ""query_len"": 4096}]","[[4096, 1280]]","[""torch.float16""]","[{""argument"": ""args[0]"", ""shape"": [4096, 1280], ""dtype"": ""torch.float16"", ""device"": ""cuda:0"", ""stride"": [1280, 1]}]",14457,0,0
cloud,0,9274,prefill,2b19945777114854b82d6cd44b40f27b,optrace:9274:300,_C.rotary_embedding.default,"[{""request_id"": ""c4f28400bfd54f3bbb86f843f6fb61f5"", ""position"": 0, ""query_len"": 4096}]","[[4096], [4096, 1024], [4096, 128], [32768, 128]]","[""torch.int64"", ""torch.float16"", ""torch.float16"", ""torch.float16""]","[{""argument"": ""args[0]"", ""shape"": [4096], ""dtype"": ""torch.int64"", ""device"": ""cuda:0"", ""stride"": [1]}, {""argument"": ""args[1]"", ""shape"": [4096, 1024], ""dtype"": ""torch.float16"", ""device"": ""cuda:0"", ""stride"": [1280, 1]}, {""argument"": ""args[2]"", ""shape"": [4096, 128], ""dtype"": ""torch.float16"", ""device"": ""cuda:0"", ""stride"": [1280, 1]}, {""argument"": ""args[4]"", ""shape"": [32768, 128], ""dtype"": ""torch.float16"", ""device"": ""cuda:0"", ""stride"": [128, 1]}]",21099,50592,1
cloud,0,9274,prefill,2b19945777114854b82d6cd44b40f27b,optrace:9274:301,aten.zeros.default,"[{""request_id"": ""c4f28400bfd54f3bbb86f843f6fb61f5"", ""position"": 0, ""query_len"": 4096}]",[],[],[],40737,17856,1
cloud,0,9274,prefill,2b19945777114854b82d6cd44b40f27b,optrace:9274:302,aten.view.default,"[{""request_id"": ""c4f28400bfd54f3bbb86f843f6fb61f5"", ""position"": 0, ""query_len"": 4096}]","[[4096, 1024]]","[""torch.float16""]","[{""argument"": ""args[0]"", ""shape"": [4096, 1024], ""dtype"": ""torch.float16"", ""device"": ""cuda:0"", ""stride"": [1280, 1]}]",8529,0,0
cloud,0,9274,prefill,2b19945777114854b82d6cd44b40f27b,optrace:9274:303,aten.view.default,"[{""request_id"": ""c4f28400bfd54f3bbb86f843f6fb61f5"", ""position"": 0, ""query_len"": 4096}]","[[4096, 1024]]","[""torch.float16""]","[{""argument"": ""args[0]"", ""shape"": [4096, 1024], ""dtype"": ""torch.float16"", ""device"": ""cuda:0"", ""stride"": [1024, 1]}]",8096,0,0
cloud,0,9274,prefill,2b19945777114854b82d6cd44b40f27b,optrace:9274:304,aten.view.default,"[{""request_id"": ""c4f28400bfd54f3bbb86f843f6fb61f5"", ""position"": 0, ""query_len"": 4096}]","[[4096, 128]]","[""torch.float16""]","[{""argument"": ""args[0]"", ""shape"": [4096, 128], ""dtype"": ""torch.float16"", ""device"": ""cuda:0"", ""stride"": [1280, 1]}]",5244,0,0
cloud,0,9274,prefill,2b19945777114854b82d6cd44b40f27b,optrace:9274:305,aten.view.default,"[{""request_id"": ""c4f28400bfd54f3bbb86f843f6fb61f5"", ""position"": 0, ""query_len"": 4096}]","[[4096, 128]]","[""torch.float16""]","[{""argument"": ""args[0]"", ""shape"": [4096, 128], ""dtype"": ""torch.float16"", ""device"": ""cuda:0"", ""stride"": [1280, 1]}]",4900,0,0
cloud,0,9274,prefill,2b19945777114854b82d6cd44b40f27b,optrace:9274:306,vllm.unified_attention_with_output.default,"[{""request_id"": ""c4f28400bfd54f3bbb86f843f6fb61f5"", ""position"": 0, ""query_len"": 4096}]","[[4096, 8, 128], [4096, 1, 128], [4096, 1, 128], [4096, 8, 128]]","[""torch.float16"", ""torch.float16"", ""torch.float16"", ""torch.float16""]","[{""argument"": ""args[0]"", ""shape"": [4096, 8, 128], ""dtype"": ""torch.float16"", ""device"": ""cuda:0"", ""stride"": [1280, 128, 1]}, {""argument"": ""args[1]"", ""shape"": [4096, 1, 128], ""dtype"": ""torch.float16"", ""device"": ""cuda:0"", ""stride"": [1280, 128, 1]}, {""argument"": ""args[2]"", ""shape"": [4096, 1, 128], ""dtype"": ""torch.float16"", ""device"": ""cuda:0"", ""stride"": [1280, 128, 1]}, {""argument"": ""args[3]"", ""shape"": [4096, 8, 128], ""dtype"": ""torch.float16"", ""device"": ""cuda:0"", ""stride"": [1024, 128, 1]}]",170349,553405,2
cloud,0,9274,prefill,2b19945777114854b82d6cd44b40f27b,optrace:9274:307,aten.view.default,"[{""request_id"": ""c4f28400bfd54f3bbb86f843f6fb61f5"", ""position"": 0, ""query_len"": 4096}]","[[4096, 8, 128]]","[""torch.float16""]","[{""argument"": ""args[0]"", ""shape"": [4096, 8, 128], ""dtype"": ""torch.float16"", ""device"": ""cuda:0"", ""stride"": [1024, 128, 1]}]",9232,0,0
cloud,0,9274,prefill,2b19945777114854b82d6cd44b40f27b,optrace:9274:308,aten.linear.default,"[{""request_id"": ""c4f28400bfd54f3bbb86f843f6fb61f5"", ""position"": 0, ""query_len"": 4096}]","[[4096, 1024], [2048, 1024]]","[""torch.float16"", ""torch.float16""]","[{""argument"": ""args[0]"", ""shape"": [4096, 1024], ""dtype"": ""torch.float16"", ""device"": ""cuda:0"", ""stride"": [1024, 1]}, {""argument"": ""args[1]"", ""shape"": [2048, 1024], ""dtype"": ""torch.float16"", ""device"": ""cuda:0"", ""stride"": [1024, 1]}]",55555,231007,1
cloud,0,9274,prefill,2b19945777114854b82d6cd44b40f27b,optrace:9274:309,vllm.all_reduce.default,"[{""request_id"": ""c4f28400bfd54f3bbb86f843f6fb61f5"", ""position"": 0, ""query_len"": 4096}]","[[4096, 2048]]","[""torch.float16""]","[{""argument"": ""args[0]"", ""shape"": [4096, 2048], ""dtype"": ""torch.float16"", ""device"": ""cuda:0"", ""stride"": [2048, 1]}]",79976,0,0
cloud,0,9274,prefill,2b19945777114854b82d6cd44b40f27b,optrace:9274:310,pynccl.all_reduce,"[{""request_id"": ""c4f28400bfd54f3bbb86f843f6fb61f5"", ""position"": 0, ""query_len"": 4096}]","[[4096, 2048]]","[""torch.float16""]","[{""argument"": ""args[0]"", ""shape"": [4096, 2048], ""dtype"": ""torch.float16"", ""device"": ""cuda:0"", ""stride"": [2048, 1]}]",61182,1262075,1
cloud,0,9274,prefill,2b19945777114854b82d6cd44b40f27b,optrace:9274:311,aten.detach.default,"[{""request_id"": ""c4f28400bfd54f3bbb86f843f6fb61f5"", ""position"": 0, ""query_len"": 4096}]",[[2048]],"[""torch.float16""]","[{""argument"": ""args[0]"", ""shape"": [2048], ""dtype"": ""torch.float16"", ""device"": ""cuda:0"", ""stride"": [1]}]",7628,0,0
cloud,0,9274,prefill,2b19945777114854b82d6cd44b40f27b,optrace:9274:312,_C.fused_add_rms_norm.default,"[{""request_id"": ""c4f28400bfd54f3bbb86f843f6fb61f5"", ""position"": 0, ""query_len"": 4096}]","[[4096, 2048], [4096, 2048], [2048]]","[""torch.float16"", ""torch.float16"", ""torch.float16""]","[{""argument"": ""args[0]"", ""shape"": [4096, 2048], ""dtype"": ""torch.float16"", ""device"": ""cuda:0"", ""stride"": [2048, 1]}, {""argument"": ""args[1]"", ""shape"": [4096, 2048], ""dtype"": ""torch.float16"", ""device"": ""cuda:0"", ""stride"": [2048, 1]}, {""argument"": ""args[2]"", ""shape"": [2048], ""dtype"": ""torch.float16"", ""device"": ""cuda:0"", ""stride"": [1]}]",22216,138207,1
cloud,0,9274,prefill,2b19945777114854b82d6cd44b40f27b,optrace:9274:313,aten.linear.default,"[{""request_id"": ""c4f28400bfd54f3bbb86f843f6fb61f5"", ""position"": 0, ""query_len"": 4096}]","[[4096, 2048], [11008, 2048]]","[""torch.float16"", ""torch.float16""]","[{""argument"": ""args[0]"", ""shape"": [4096, 2048], ""dtype"": ""torch.float16"", ""device"": ""cuda:0"", ""stride"": [2048, 1]}, {""argument"": ""args[1]"", ""shape"": [11008, 2048], ""dtype"": ""torch.float16"", ""device"": ""cuda:0"", ""stride"": [2048, 1]}]",64297,2284375,1
cloud,0,9274,prefill,2b19945777114854b82d6cd44b40f27b,optrace:9274:314,aten.empty.memory_format,"[{""request_id"": ""c4f28400bfd54f3bbb86f843f6fb61f5"", ""position"": 0, ""query_len"": 4096}]",[],[],[],22473,0,0
cloud,0,9274,prefill,2b19945777114854b82d6cd44b40f27b,optrace:9274:315,_C.silu_and_mul.default,"[{""request_id"": ""c4f28400bfd54f3bbb86f843f6fb61f5"", ""position"": 0, ""query_len"": 4096}]","[[4096, 5504], [4096, 11008]]","[""torch.float16"", ""torch.float16""]","[{""argument"": ""args[0]"", ""shape"": [4096, 5504], ""dtype"": ""torch.float16"", ""device"": ""cuda:0"", ""stride"": [5504, 1]}, {""argument"": ""args[1]"", ""shape"": [4096, 11008], ""dtype"": ""torch.float16"", ""device"": ""cuda:0"", ""stride"": [11008, 1]}]",16889,301918,1
cloud,0,9274,prefill,2b19945777114854b82d6cd44b40f27b,optrace:9274:316,aten.linear.default,"[{""request_id"": ""c4f28400bfd54f3bbb86f843f6fb61f5"", ""position"": 0, ""query_len"": 4096}]","[[4096, 5504], [2048, 5504]]","[""torch.float16"", ""torch.float16""]","[{""argument"": ""args[0]"", ""shape"": [4096, 5504], ""dtype"": ""torch.float16"", ""device"": ""cuda:0"", ""stride"": [5504, 1]}, {""argument"": ""args[1]"", ""shape"": [2048, 5504], ""dtype"": ""torch.float16"", ""device"": ""cuda:0"", ""stride"": [5504, 1]}]",57835,1070364,1
cloud,0,9274,prefill,2b19945777114854b82d6cd44b40f27b,optrace:9274:317,vllm.all_reduce.default,"[{""request_id"": ""c4f28400bfd54f3bbb86f843f6fb61f5"", ""position"": 0, ""query_len"": 4096}]","[[4096, 2048]]","[""torch.float16""]","[{""argument"": ""args[0]"", ""shape"": [4096, 2048], ""dtype"": ""torch.float16"", ""device"": ""cuda:0"", ""stride"": [2048, 1]}]",89566,0,0
cloud,0,9274,prefill,2b19945777114854b82d6cd44b40f27b,optrace:9274:318,pynccl.all_reduce,"[{""request_id"": ""c4f28400bfd54f3bbb86f843f6fb61f5"", ""position"": 0, ""query_len"": 4096}]","[[4096, 2048]]","[""torch.float16""]","[{""argument"": ""args[0]"", ""shape"": [4096, 2048], ""dtype"": ""torch.float16"", ""device"": ""cuda:0"", ""stride"": [2048, 1]}]",68553,1243739,1
cloud,0,9274,prefill,2b19945777114854b82d6cd44b40f27b,optrace:9274:319,aten.detach.default,"[{""request_id"": ""c4f28400bfd54f3bbb86f843f6fb61f5"", ""position"": 0, ""query_len"": 4096}]",[[2048]],"[""torch.float16""]","[{""argument"": ""args[0]"", ""shape"": [2048], ""dtype"": ""torch.float16"", ""device"": ""cuda:0"", ""stride"": [1]}]",7953,0,0
cloud,0,9274,prefill,2b19945777114854b82d6cd44b40f27b,optrace:9274:320,_C.fused_add_rms_norm.default,"[{""request_id"": ""c4f28400bfd54f3bbb86f843f6fb61f5"", ""position"": 0, ""query_len"": 4096}]","[[4096, 2048], [4096, 2048], [2048]]","[""torch.float16"", ""torch.float16"", ""torch.float16""]","[{""argument"": ""args[0]"", ""shape"": [4096, 2048], ""dtype"": ""torch.float16"", ""device"": ""cuda:0"", ""stride"": [2048, 1]}, {""argument"": ""args[1]"", ""shape"": [4096, 2048], ""dtype"": ""torch.float16"", ""device"": ""cuda:0"", ""stride"": [2048, 1]}, {""argument"": ""args[2]"", ""shape"": [2048], ""dtype"": ""torch.float16"", ""device"": ""cuda:0"", ""stride"": [1]}]",18905,139135,1
cloud,0,9274,prefill,2b19945777114854b82d6cd44b40f27b,optrace:9274:321,aten.linear.default,"[{""request_id"": ""c4f28400bfd54f3bbb86f843f6fb61f5"", ""position"": 0, ""query_len"": 4096}]","[[4096, 2048], [1280, 2048], [1280]]","[""torch.float16"", ""torch.float16"", ""torch.float16""]","[{""argument"": ""args[0]"", ""shape"": [4096, 2048], ""dtype"": ""torch.float16"", ""device"": ""cuda:0"", ""stride"": [2048, 1]}, {""argument"": ""args[1]"", ""shape"": [1280, 2048], ""dtype"": ""torch.float16"", ""device"": ""cuda:0"", ""stride"": [2048, 1]}, {""argument"": ""args[2]"", ""shape"": [1280], ""dtype"": ""torch.float16"", ""device"": ""cuda:0"", ""stride"": [1]}]",63785,327903,1
cloud,0,9274,prefill,2b19945777114854b82d6cd44b40f27b,optrace:9274:322,aten.split_with_sizes.default,"[{""request_id"": ""c4f28400bfd54f3bbb86f843f6fb61f5"", ""position"": 0, ""query_len"": 4096}]","[[4096, 1280]]","[""torch.float16""]","[{""argument"": ""args[0]"", ""shape"": [4096, 1280], ""dtype"": ""torch.float16"", ""device"": ""cuda:0"", ""stride"": [1280, 1]}]",15103,0,0
cloud,0,9274,prefill,2b19945777114854b82d6cd44b40f27b,optrace:9274:323,_C.rotary_embedding.default,"[{""request_id"": ""c4f28400bfd54f3bbb86f843f6fb61f5"", ""position"": 0, ""query_len"": 4096}]","[[4096], [4096, 1024], [4096, 128], [32768, 128]]","[""torch.int64"", ""torch.float16"", ""torch.float16"", ""torch.float16""]","[{""argument"": ""args[0]"", ""shape"": [4096], ""dtype"": ""torch.int64"", ""device"": ""cuda:0"", ""stride"": [1]}, {""argument"": ""args[1]"", ""shape"": [4096, 1024], ""dtype"": ""torch.float16"", ""device"": ""cuda:0"", ""stride"": [1280, 1]}, {""argument"": ""args[2]"", ""shape"": [4096, 128], ""dtype"": ""torch.float16"", ""device"": ""cuda:0"", ""stride"": [1280, 1]}, {""argument"": ""args[4]"", ""shape"": [32768, 128], ""dtype"": ""torch.float16"", ""device"": ""cuda:0"", ""stride"": [128, 1]}]",21020,49759,1
cloud,0,9274,prefill,2b19945777114854b82d6cd44b40f27b,optrace:9274:324,aten.zeros.default,"[{""request_id"": ""c4f28400bfd54f3bbb86f843f6fb61f5"", ""position"": 0, ""query_len"": 4096}]",[],[],[],38499,17792,1
cloud,0,9274,prefill,2b19945777114854b82d6cd44b40f27b,optrace:9274:325,aten.view.default,"[{""request_id"": ""c4f28400bfd54f3bbb86f843f6fb61f5"", ""position"": 0, ""query_len"": 4096}]","[[4096, 1024]]","[""torch.float16""]","[{""argument"": ""args[0]"", ""shape"": [4096, 1024], ""dtype"": ""torch.float16"", ""device"": ""cuda:0"", ""stride"": [1280, 1]}]",8499,0,0
cloud,0,9274,prefill,2b19945777114854b82d6cd44b40f27b,optrace:9274:326,aten.view.default,"[{""request_id"": ""c4f28400bfd54f3bbb86f843f6fb61f5"", ""position"": 0, ""query_len"": 4096}]","[[4096, 1024]]","[""torch.float16""]","[{""argument"": ""args[0]"", ""shape"": [4096, 1024], ""dtype"": ""torch.float16"", ""device"": ""cuda:0"", ""stride"": [1024, 1]}]",5436,0,0
cloud,0,9274,prefill,2b19945777114854b82d6cd44b40f27b,optrace:9274:327,aten.view.default,"[{""request_id"": ""c4f28400bfd54f3bbb86f843f6fb61f5"", ""position"": 0, ""query_len"": 4096}]","[[4096, 128]]","[""torch.float16""]","[{""argument"": ""args[0]"", ""shape"": [4096, 128], ""dtype"": ""torch.float16"", ""device"": ""cuda:0"", ""stride"": [1280, 1]}]",7553,0,0
cloud,0,9274,prefill,2b19945777114854b82d6cd44b40f27b,optrace:9274:328,aten.view.default,"[{""request_id"": ""c4f28400bfd54f3bbb86f843f6fb61f5"", ""position"": 0, ""query_len"": 4096}]","[[4096, 128]]","[""torch.float16""]","[{""argument"": ""args[0]"", ""shape"": [4096, 128], ""dtype"": ""torch.float16"", ""device"": ""cuda:0"", ""stride"": [1280, 1]}]",5236,0,0
cloud,0,9274,prefill,2b19945777114854b82d6cd44b40f27b,optrace:9274:329,vllm.unified_attention_with_output.default,"[{""request_id"": ""c4f28400bfd54f3bbb86f843f6fb61f5"", ""position"": 0, ""query_len"": 4096}]","[[4096, 8, 128], [4096, 1, 128], [4096, 1, 128], [4096, 8, 128]]","[""torch.float16"", ""torch.float16"", ""torch.float16"", ""torch.float16""]","[{""argument"": ""args[0]"", ""shape"": [4096, 8, 128], ""dtype"": ""torch.float16"", ""device"": ""cuda:0"", ""stride"": [1280, 128, 1]}, {""argument"": ""args[1]"", ""shape"": [4096, 1, 128], ""dtype"": ""torch.float16"", ""device"": ""cuda:0"", ""stride"": [1280, 128, 1]}, {""argument"": ""args[2]"", ""shape"": [4096, 1, 128], ""dtype"": ""torch.float16"", ""device"": ""cuda:0"", ""stride"": [1280, 128, 1]}, {""argument"": ""args[3]"", ""shape"": [4096, 8, 128], ""dtype"": ""torch.float16"", ""device"": ""cuda:0"", ""stride"": [1024, 128, 1]}]",187852,550462,2
cloud,0,9274,prefill,2b19945777114854b82d6cd44b40f27b,optrace:9274:330,aten.view.default,"[{""request_id"": ""c4f28400bfd54f3bbb86f843f6fb61f5"", ""position"": 0, ""query_len"": 4096}]","[[4096, 8, 128]]","[""torch.float16""]","[{""argument"": ""args[0]"", ""shape"": [4096, 8, 128], ""dtype"": ""torch.float16"", ""device"": ""cuda:0"", ""stride"": [1024, 128, 1]}]",8987,0,0
cloud,0,9274,prefill,2b19945777114854b82d6cd44b40f27b,optrace:9274:331,aten.linear.default,"[{""request_id"": ""c4f28400bfd54f3bbb86f843f6fb61f5"", ""position"": 0, ""query_len"": 4096}]","[[4096, 1024], [2048, 1024]]","[""torch.float16"", ""torch.float16""]","[{""argument"": ""args[0]"", ""shape"": [4096, 1024], ""dtype"": ""torch.float16"", ""device"": ""cuda:0"", ""stride"": [1024, 1]}, {""argument"": ""args[1]"", ""shape"": [2048, 1024], ""dtype"": ""torch.float16"", ""device"": ""cuda:0"", ""stride"": [1024, 1]}]",64589,229599,1
cloud,0,9274,prefill,2b19945777114854b82d6cd44b40f27b,optrace:9274:332,vllm.all_reduce.default,"[{""request_id"": ""c4f28400bfd54f3bbb86f843f6fb61f5"", ""position"": 0, ""query_len"": 4096}]","[[4096, 2048]]","[""torch.float16""]","[{""argument"": ""args[0]"", ""shape"": [4096, 2048], ""dtype"": ""torch.float16"", ""device"": ""cuda:0"", ""stride"": [2048, 1]}]",91236,0,0
cloud,0,9274,prefill,2b19945777114854b82d6cd44b40f27b,optrace:9274:333,pynccl.all_reduce,"[{""request_id"": ""c4f28400bfd54f3bbb86f843f6fb61f5"", ""position"": 0, ""query_len"": 4096}]","[[4096, 2048]]","[""torch.float16""]","[{""argument"": ""args[0]"", ""shape"": [4096, 2048], ""dtype"": ""torch.float16"", ""device"": ""cuda:0"", ""stride"": [2048, 1]}]",64890,1243739,1
cloud,0,9274,prefill,2b19945777114854b82d6cd44b40f27b,optrace:9274:334,aten.detach.default,"[{""request_id"": ""c4f28400bfd54f3bbb86f843f6fb61f5"", ""position"": 0, ""query_len"": 4096}]",[[2048]],"[""torch.float16""]","[{""argument"": ""args[0]"", ""shape"": [2048], ""dtype"": ""torch.float16"", ""device"": ""cuda:0"", ""stride"": [1]}]",7701,0,0
cloud,0,9274,prefill,2b19945777114854b82d6cd44b40f27b,optrace:9274:335,_C.fused_add_rms_norm.default,"[{""request_id"": ""c4f28400bfd54f3bbb86f843f6fb61f5"", ""position"": 0, ""query_len"": 4096}]","[[4096, 2048], [4096, 2048], [2048]]","[""torch.float16"", ""torch.float16"", ""torch.float16""]","[{""argument"": ""args[0]"", ""shape"": [4096, 2048], ""dtype"": ""torch.float16"", ""device"": ""cuda:0"", ""stride"": [2048, 1]}, {""argument"": ""args[1]"", ""shape"": [4096, 2048], ""dtype"": ""torch.float16"", ""device"": ""cuda:0"", ""stride"": [2048, 1]}, {""argument"": ""args[2]"", ""shape"": [2048], ""dtype"": ""torch.float16"", ""device"": ""cuda:0"", ""stride"": [1]}]",20652,138207,1
cloud,0,9274,prefill,2b19945777114854b82d6cd44b40f27b,optrace:9274:336,aten.linear.default,"[{""request_id"": ""c4f28400bfd54f3bbb86f843f6fb61f5"", ""position"": 0, ""query_len"": 4096}]","[[4096, 2048], [11008, 2048]]","[""torch.float16"", ""torch.float16""]","[{""argument"": ""args[0]"", ""shape"": [4096, 2048], ""dtype"": ""torch.float16"", ""device"": ""cuda:0"", ""stride"": [2048, 1]}, {""argument"": ""args[1]"", ""shape"": [11008, 2048], ""dtype"": ""torch.float16"", ""device"": ""cuda:0"", ""stride"": [2048, 1]}]",63792,2261110,1
cloud,0,9274,prefill,2b19945777114854b82d6cd44b40f27b,optrace:9274:337,aten.empty.memory_format,"[{""request_id"": ""c4f28400bfd54f3bbb86f843f6fb61f5"", ""position"": 0, ""query_len"": 4096}]",[],[],[],21432,0,0
cloud,0,9274,prefill,2b19945777114854b82d6cd44b40f27b,optrace:9274:338,_C.silu_and_mul.default,"[{""request_id"": ""c4f28400bfd54f3bbb86f843f6fb61f5"", ""position"": 0, ""query_len"": 4096}]","[[4096, 5504], [4096, 11008]]","[""torch.float16"", ""torch.float16""]","[{""argument"": ""args[0]"", ""shape"": [4096, 5504], ""dtype"": ""torch.float16"", ""device"": ""cuda:0"", ""stride"": [5504, 1]}, {""argument"": ""args[1]"", ""shape"": [4096, 11008], ""dtype"": ""torch.float16"", ""device"": ""cuda:0"", ""stride"": [11008, 1]}]",16776,302239,1
cloud,0,9274,prefill,2b19945777114854b82d6cd44b40f27b,optrace:9274:339,aten.linear.default,"[{""request_id"": ""c4f28400bfd54f3bbb86f843f6fb61f5"", ""position"": 0, ""query_len"": 4096}]","[[4096, 5504], [2048, 5504]]","[""torch.float16"", ""torch.float16""]","[{""argument"": ""args[0]"", ""shape"": [4096, 5504], ""dtype"": ""torch.float16"", ""device"": ""cuda:0"", ""stride"": [5504, 1]}, {""argument"": ""args[1]"", ""shape"": [2048, 5504], ""dtype"": ""torch.float16"", ""device"": ""cuda:0"", ""stride"": [5504, 1]}]",43075,1070588,1
cloud,0,9274,prefill,2b19945777114854b82d6cd44b40f27b,optrace:9274:340,vllm.all_reduce.default,"[{""request_id"": ""c4f28400bfd54f3bbb86f843f6fb61f5"", ""position"": 0, ""query_len"": 4096}]","[[4096, 2048]]","[""torch.float16""]","[{""argument"": ""args[0]"", ""shape"": [4096, 2048], ""dtype"": ""torch.float16"", ""device"": ""cuda:0"", ""stride"": [2048, 1]}]",76176,0,0
cloud,0,9274,prefill,2b19945777114854b82d6cd44b40f27b,optrace:9274:341,pynccl.all_reduce,"[{""request_id"": ""c4f28400bfd54f3bbb86f843f6fb61f5"", ""position"": 0, ""query_len"": 4096}]","[[4096, 2048]]","[""torch.float16""]","[{""argument"": ""args[0]"", ""shape"": [4096, 2048], ""dtype"": ""torch.float16"", ""device"": ""cuda:0"", ""stride"": [2048, 1]}]",58121,1253882,1
cloud,0,9274,prefill,2b19945777114854b82d6cd44b40f27b,optrace:9274:342,aten.detach.default,"[{""request_id"": ""c4f28400bfd54f3bbb86f843f6fb61f5"", ""position"": 0, ""query_len"": 4096}]",[[2048]],"[""torch.float16""]","[{""argument"": ""args[0]"", ""shape"": [2048], ""dtype"": ""torch.float16"", ""device"": ""cuda:0"", ""stride"": [1]}]",7524,0,0
cloud,0,9274,prefill,2b19945777114854b82d6cd44b40f27b,optrace:9274:343,_C.fused_add_rms_norm.default,"[{""request_id"": ""c4f28400bfd54f3bbb86f843f6fb61f5"", ""position"": 0, ""query_len"": 4096}]","[[4096, 2048], [4096, 2048], [2048]]","[""torch.float16"", ""torch.float16"", ""torch.float16""]","[{""argument"": ""args[0]"", ""shape"": [4096, 2048], ""dtype"": ""torch.float16"", ""device"": ""cuda:0"", ""stride"": [2048, 1]}, {""argument"": ""args[1]"", ""shape"": [4096, 2048], ""dtype"": ""torch.float16"", ""device"": ""cuda:0"", ""stride"": [2048, 1]}, {""argument"": ""args[2]"", ""shape"": [2048], ""dtype"": ""torch.float16"", ""device"": ""cuda:0"", ""stride"": [1]}]",18509,139264,1
cloud,0,9274,prefill,2b19945777114854b82d6cd44b40f27b,optrace:9274:344,aten.linear.default,"[{""request_id"": ""c4f28400bfd54f3bbb86f843f6fb61f5"", ""position"": 0, ""query_len"": 4096}]","[[4096, 2048], [1280, 2048], [1280]]","[""torch.float16"", ""torch.float16"", ""torch.float16""]","[{""argument"": ""args[0]"", ""shape"": [4096, 2048], ""dtype"": ""torch.float16"", ""device"": ""cuda:0"", ""stride"": [2048, 1]}, {""argument"": ""args[1]"", ""shape"": [1280, 2048], ""dtype"": ""torch.float16"", ""device"": ""cuda:0"", ""stride"": [2048, 1]}, {""argument"": ""args[2]"", ""shape"": [1280], ""dtype"": ""torch.float16"", ""device"": ""cuda:0"", ""stride"": [1]}]",64320,326974,1
cloud,0,9274,prefill,2b19945777114854b82d6cd44b40f27b,optrace:9274:345,aten.split_with_sizes.default,"[{""request_id"": ""c4f28400bfd54f3bbb86f843f6fb61f5"", ""position"": 0, ""query_len"": 4096}]","[[4096, 1280]]","[""torch.float16""]","[{""argument"": ""args[0]"", ""shape"": [4096, 1280], ""dtype"": ""torch.float16"", ""device"": ""cuda:0"", ""stride"": [1280, 1]}]",14099,0,0
cloud,0,9274,prefill,2b19945777114854b82d6cd44b40f27b,optrace:9274:346,_C.rotary_embedding.default,"[{""request_id"": ""c4f28400bfd54f3bbb86f843f6fb61f5"", ""position"": 0, ""query_len"": 4096}]","[[4096], [4096, 1024], [4096, 128], [32768, 128]]","[""torch.int64"", ""torch.float16"", ""torch.float16"", ""torch.float16""]","[{""argument"": ""args[0]"", ""shape"": [4096], ""dtype"": ""torch.int64"", ""device"": ""cuda:0"", ""stride"": [1]}, {""argument"": ""args[1]"", ""shape"": [4096, 1024], ""dtype"": ""torch.float16"", ""device"": ""cuda:0"", ""stride"": [1280, 1]}, {""argument"": ""args[2]"", ""shape"": [4096, 128], ""dtype"": ""torch.float16"", ""device"": ""cuda:0"", ""stride"": [1280, 1]}, {""argument"": ""args[4]"", ""shape"": [32768, 128], ""dtype"": ""torch.float16"", ""device"": ""cuda:0"", ""stride"": [128, 1]}]",20735,50112,1
cloud,0,9274,prefill,2b19945777114854b82d6cd44b40f27b,optrace:9274:347,aten.zeros.default,"[{""request_id"": ""c4f28400bfd54f3bbb86f843f6fb61f5"", ""position"": 0, ""query_len"": 4096}]",[],[],[],50643,17856,1
cloud,0,9274,prefill,2b19945777114854b82d6cd44b40f27b,optrace:9274:348,aten.view.default,"[{""request_id"": ""c4f28400bfd54f3bbb86f843f6fb61f5"", ""position"": 0, ""query_len"": 4096}]","[[4096, 1024]]","[""torch.float16""]","[{""argument"": ""args[0]"", ""shape"": [4096, 1024], ""dtype"": ""torch.float16"", ""device"": ""cuda:0"", ""stride"": [1280, 1]}]",8559,0,0
cloud,0,9274,prefill,2b19945777114854b82d6cd44b40f27b,optrace:9274:349,aten.view.default,"[{""request_id"": ""c4f28400bfd54f3bbb86f843f6fb61f5"", ""position"": 0, ""query_len"": 4096}]","[[4096, 1024]]","[""torch.float16""]","[{""argument"": ""args[0]"", ""shape"": [4096, 1024], ""dtype"": ""torch.float16"", ""device"": ""cuda:0"", ""stride"": [1024, 1]}]",5146,0,0
cloud,0,9274,prefill,2b19945777114854b82d6cd44b40f27b,optrace:9274:350,aten.view.default,"[{""request_id"": ""c4f28400bfd54f3bbb86f843f6fb61f5"", ""position"": 0, ""query_len"": 4096}]","[[4096, 128]]","[""torch.float16""]","[{""argument"": ""args[0]"", ""shape"": [4096, 128], ""dtype"": ""torch.float16"", ""device"": ""cuda:0"", ""stride"": [1280, 1]}]",4921,0,0
cloud,0,9274,prefill,2b19945777114854b82d6cd44b40f27b,optrace:9274:351,aten.view.default,"[{""request_id"": ""c4f28400bfd54f3bbb86f843f6fb61f5"", ""position"": 0, ""query_len"": 4096}]","[[4096, 128]]","[""torch.float16""]","[{""argument"": ""args[0]"", ""shape"": [4096, 128], ""dtype"": ""torch.float16"", ""device"": ""cuda:0"", ""stride"": [1280, 1]}]",5328,0,0
cloud,0,9274,prefill,2b19945777114854b82d6cd44b40f27b,optrace:9274:352,vllm.unified_attention_with_output.default,"[{""request_id"": ""c4f28400bfd54f3bbb86f843f6fb61f5"", ""position"": 0, ""query_len"": 4096}]","[[4096, 8, 128], [4096, 1, 128], [4096, 1, 128], [4096, 8, 128]]","[""torch.float16"", ""torch.float16"", ""torch.float16"", ""torch.float16""]","[{""argument"": ""args[0]"", ""shape"": [4096, 8, 128], ""dtype"": ""torch.float16"", ""device"": ""cuda:0"", ""stride"": [1280, 128, 1]}, {""argument"": ""args[1]"", ""shape"": [4096, 1, 128], ""dtype"": ""torch.float16"", ""device"": ""cuda:0"", ""stride"": [1280, 128, 1]}, {""argument"": ""args[2]"", ""shape"": [4096, 1, 128], ""dtype"": ""torch.float16"", ""device"": ""cuda:0"", ""stride"": [1280, 128, 1]}, {""argument"": ""args[3]"", ""shape"": [4096, 8, 128], ""dtype"": ""torch.float16"", ""device"": ""cuda:0"", ""stride"": [1024, 128, 1]}]",171029,563774,2
cloud,0,9274,prefill,2b19945777114854b82d6cd44b40f27b,optrace:9274:353,aten.view.default,"[{""request_id"": ""c4f28400bfd54f3bbb86f843f6fb61f5"", ""position"": 0, ""query_len"": 4096}]","[[4096, 8, 128]]","[""torch.float16""]","[{""argument"": ""args[0]"", ""shape"": [4096, 8, 128], ""dtype"": ""torch.float16"", ""device"": ""cuda:0"", ""stride"": [1024, 128, 1]}]",9292,0,0
cloud,0,9274,prefill,2b19945777114854b82d6cd44b40f27b,optrace:9274:354,aten.linear.default,"[{""request_id"": ""c4f28400bfd54f3bbb86f843f6fb61f5"", ""position"": 0, ""query_len"": 4096}]","[[4096, 1024], [2048, 1024]]","[""torch.float16"", ""torch.float16""]","[{""argument"": ""args[0]"", ""shape"": [4096, 1024], ""dtype"": ""torch.float16"", ""device"": ""cuda:0"", ""stride"": [1024, 1]}, {""argument"": ""args[1]"", ""shape"": [2048, 1024], ""dtype"": ""torch.float16"", ""device"": ""cuda:0"", ""stride"": [1024, 1]}]",52634,229087,1
cloud,0,9274,prefill,2b19945777114854b82d6cd44b40f27b,optrace:9274:355,vllm.all_reduce.default,"[{""request_id"": ""c4f28400bfd54f3bbb86f843f6fb61f5"", ""position"": 0, ""query_len"": 4096}]","[[4096, 2048]]","[""torch.float16""]","[{""argument"": ""args[0]"", ""shape"": [4096, 2048], ""dtype"": ""torch.float16"", ""device"": ""cuda:0"", ""stride"": [2048, 1]}]",81016,0,0
cloud,0,9274,prefill,2b19945777114854b82d6cd44b40f27b,optrace:9274:356,pynccl.all_reduce,"[{""request_id"": ""c4f28400bfd54f3bbb86f843f6fb61f5"", ""position"": 0, ""query_len"": 4096}]","[[4096, 2048]]","[""torch.float16""]","[{""argument"": ""args[0]"", ""shape"": [4096, 2048], ""dtype"": ""torch.float16"", ""device"": ""cuda:0"", ""stride"": [2048, 1]}]",58525,1252218,1
cloud,0,9274,prefill,2b19945777114854b82d6cd44b40f27b,optrace:9274:357,aten.detach.default,"[{""request_id"": ""c4f28400bfd54f3bbb86f843f6fb61f5"", ""position"": 0, ""query_len"": 4096}]",[[2048]],"[""torch.float16""]","[{""argument"": ""args[0]"", ""shape"": [2048], ""dtype"": ""torch.float16"", ""device"": ""cuda:0"", ""stride"": [1]}]",7450,0,0
cloud,0,9274,prefill,2b19945777114854b82d6cd44b40f27b,optrace:9274:358,_C.fused_add_rms_norm.default,"[{""request_id"": ""c4f28400bfd54f3bbb86f843f6fb61f5"", ""position"": 0, ""query_len"": 4096}]","[[4096, 2048], [4096, 2048], [2048]]","[""torch.float16"", ""torch.float16"", ""torch.float16""]","[{""argument"": ""args[0]"", ""shape"": [4096, 2048], ""dtype"": ""torch.float16"", ""device"": ""cuda:0"", ""stride"": [2048, 1]}, {""argument"": ""args[1]"", ""shape"": [4096, 2048], ""dtype"": ""torch.float16"", ""device"": ""cuda:0"", ""stride"": [2048, 1]}, {""argument"": ""args[2]"", ""shape"": [2048], ""dtype"": ""torch.float16"", ""device"": ""cuda:0"", ""stride"": [1]}]",19521,138880,1
cloud,0,9274,prefill,2b19945777114854b82d6cd44b40f27b,optrace:9274:359,aten.linear.default,"[{""request_id"": ""c4f28400bfd54f3bbb86f843f6fb61f5"", ""position"": 0, ""query_len"": 4096}]","[[4096, 2048], [11008, 2048]]","[""torch.float16"", ""torch.float16""]","[{""argument"": ""args[0]"", ""shape"": [4096, 2048], ""dtype"": ""torch.float16"", ""device"": ""cuda:0"", ""stride"": [2048, 1]}, {""argument"": ""args[1]"", ""shape"": [11008, 2048], ""dtype"": ""torch.float16"", ""device"": ""cuda:0"", ""stride"": [2048, 1]}]",73943,2280278,1
cloud,0,9274,prefill,2b19945777114854b82d6cd44b40f27b,optrace:9274:360,aten.empty.memory_format,"[{""request_id"": ""c4f28400bfd54f3bbb86f843f6fb61f5"", ""position"": 0, ""query_len"": 4096}]",[],[],[],21938,0,0
cloud,0,9274,prefill,2b19945777114854b82d6cd44b40f27b,optrace:9274:361,_C.silu_and_mul.default,"[{""request_id"": ""c4f28400bfd54f3bbb86f843f6fb61f5"", ""position"": 0, ""query_len"": 4096}]","[[4096, 5504], [4096, 11008]]","[""torch.float16"", ""torch.float16""]","[{""argument"": ""args[0]"", ""shape"": [4096, 5504], ""dtype"": ""torch.float16"", ""device"": ""cuda:0"", ""stride"": [5504, 1]}, {""argument"": ""args[1]"", ""shape"": [4096, 11008], ""dtype"": ""torch.float16"", ""device"": ""cuda:0"", ""stride"": [11008, 1]}]",17195,300383,1
cloud,0,9274,prefill,2b19945777114854b82d6cd44b40f27b,optrace:9274:362,aten.linear.default,"[{""request_id"": ""c4f28400bfd54f3bbb86f843f6fb61f5"", ""position"": 0, ""query_len"": 4096}]","[[4096, 5504], [2048, 5504]]","[""torch.float16"", ""torch.float16""]","[{""argument"": ""args[0]"", ""shape"": [4096, 5504], ""dtype"": ""torch.float16"", ""device"": ""cuda:0"", ""stride"": [5504, 1]}, {""argument"": ""args[1]"", ""shape"": [2048, 5504], ""dtype"": ""torch.float16"", ""device"": ""cuda:0"", ""stride"": [5504, 1]}]",44875,1069691,1
cloud,0,9274,prefill,2b19945777114854b82d6cd44b40f27b,optrace:9274:363,vllm.all_reduce.default,"[{""request_id"": ""c4f28400bfd54f3bbb86f843f6fb61f5"", ""position"": 0, ""query_len"": 4096}]","[[4096, 2048]]","[""torch.float16""]","[{""argument"": ""args[0]"", ""shape"": [4096, 2048], ""dtype"": ""torch.float16"", ""device"": ""cuda:0"", ""stride"": [2048, 1]}]",118813,0,0
cloud,0,9274,prefill,2b19945777114854b82d6cd44b40f27b,optrace:9274:364,pynccl.all_reduce,"[{""request_id"": ""c4f28400bfd54f3bbb86f843f6fb61f5"", ""position"": 0, ""query_len"": 4096}]","[[4096, 2048]]","[""torch.float16""]","[{""argument"": ""args[0]"", ""shape"": [4096, 2048], ""dtype"": ""torch.float16"", ""device"": ""cuda:0"", ""stride"": [2048, 1]}]",61509,1245083,1
cloud,0,9274,prefill,2b19945777114854b82d6cd44b40f27b,optrace:9274:365,aten.detach.default,"[{""request_id"": ""c4f28400bfd54f3bbb86f843f6fb61f5"", ""position"": 0, ""query_len"": 4096}]",[[2048]],"[""torch.float16""]","[{""argument"": ""args[0]"", ""shape"": [2048], ""dtype"": ""torch.float16"", ""device"": ""cuda:0"", ""stride"": [1]}]",7869,0,0
cloud,0,9274,prefill,2b19945777114854b82d6cd44b40f27b,optrace:9274:366,_C.fused_add_rms_norm.default,"[{""request_id"": ""c4f28400bfd54f3bbb86f843f6fb61f5"", ""position"": 0, ""query_len"": 4096}]","[[4096, 2048], [4096, 2048], [2048]]","[""torch.float16"", ""torch.float16"", ""torch.float16""]","[{""argument"": ""args[0]"", ""shape"": [4096, 2048], ""dtype"": ""torch.float16"", ""device"": ""cuda:0"", ""stride"": [2048, 1]}, {""argument"": ""args[1]"", ""shape"": [4096, 2048], ""dtype"": ""torch.float16"", ""device"": ""cuda:0"", ""stride"": [2048, 1]}, {""argument"": ""args[2]"", ""shape"": [2048], ""dtype"": ""torch.float16"", ""device"": ""cuda:0"", ""stride"": [1]}]",19310,137951,1
cloud,0,9274,prefill,2b19945777114854b82d6cd44b40f27b,optrace:9274:367,aten.linear.default,"[{""request_id"": ""c4f28400bfd54f3bbb86f843f6fb61f5"", ""position"": 0, ""query_len"": 4096}]","[[4096, 2048], [1280, 2048], [1280]]","[""torch.float16"", ""torch.float16"", ""torch.float16""]","[{""argument"": ""args[0]"", ""shape"": [4096, 2048], ""dtype"": ""torch.float16"", ""device"": ""cuda:0"", ""stride"": [2048, 1]}, {""argument"": ""args[1]"", ""shape"": [1280, 2048], ""dtype"": ""torch.float16"", ""device"": ""cuda:0"", ""stride"": [2048, 1]}, {""argument"": ""args[2]"", ""shape"": [1280], ""dtype"": ""torch.float16"", ""device"": ""cuda:0"", ""stride"": [1]}]",62223,328447,1
cloud,0,9274,prefill,2b19945777114854b82d6cd44b40f27b,optrace:9274:368,aten.split_with_sizes.default,"[{""request_id"": ""c4f28400bfd54f3bbb86f843f6fb61f5"", ""position"": 0, ""query_len"": 4096}]","[[4096, 1280]]","[""torch.float16""]","[{""argument"": ""args[0]"", ""shape"": [4096, 1280], ""dtype"": ""torch.float16"", ""device"": ""cuda:0"", ""stride"": [1280, 1]}]",14166,0,0
cloud,0,9274,prefill,2b19945777114854b82d6cd44b40f27b,optrace:9274:369,_C.rotary_embedding.default,"[{""request_id"": ""c4f28400bfd54f3bbb86f843f6fb61f5"", ""position"": 0, ""query_len"": 4096}]","[[4096], [4096, 1024], [4096, 128], [32768, 128]]","[""torch.int64"", ""torch.float16"", ""torch.float16"", ""torch.float16""]","[{""argument"": ""args[0]"", ""shape"": [4096], ""dtype"": ""torch.int64"", ""device"": ""cuda:0"", ""stride"": [1]}, {""argument"": ""args[1]"", ""shape"": [4096, 1024], ""dtype"": ""torch.float16"", ""device"": ""cuda:0"", ""stride"": [1280, 1]}, {""argument"": ""args[2]"", ""shape"": [4096, 128], ""dtype"": ""torch.float16"", ""device"": ""cuda:0"", ""stride"": [1280, 1]}, {""argument"": ""args[4]"", ""shape"": [32768, 128], ""dtype"": ""torch.float16"", ""device"": ""cuda:0"", ""stride"": [128, 1]}]",20713,50336,1
cloud,0,9274,prefill,2b19945777114854b82d6cd44b40f27b,optrace:9274:370,aten.zeros.default,"[{""request_id"": ""c4f28400bfd54f3bbb86f843f6fb61f5"", ""position"": 0, ""query_len"": 4096}]",[],[],[],42605,18271,1
cloud,0,9274,prefill,2b19945777114854b82d6cd44b40f27b,optrace:9274:371,aten.view.default,"[{""request_id"": ""c4f28400bfd54f3bbb86f843f6fb61f5"", ""position"": 0, ""query_len"": 4096}]","[[4096, 1024]]","[""torch.float16""]","[{""argument"": ""args[0]"", ""shape"": [4096, 1024], ""dtype"": ""torch.float16"", ""device"": ""cuda:0"", ""stride"": [1280, 1]}]",8901,0,0
cloud,0,9274,prefill,2b19945777114854b82d6cd44b40f27b,optrace:9274:372,aten.view.default,"[{""request_id"": ""c4f28400bfd54f3bbb86f843f6fb61f5"", ""position"": 0, ""query_len"": 4096}]","[[4096, 1024]]","[""torch.float16""]","[{""argument"": ""args[0]"", ""shape"": [4096, 1024], ""dtype"": ""torch.float16"", ""device"": ""cuda:0"", ""stride"": [1024, 1]}]",5262,0,0
cloud,0,9274,prefill,2b19945777114854b82d6cd44b40f27b,optrace:9274:373,aten.view.default,"[{""request_id"": ""c4f28400bfd54f3bbb86f843f6fb61f5"", ""position"": 0, ""query_len"": 4096}]","[[4096, 128]]","[""torch.float16""]","[{""argument"": ""args[0]"", ""shape"": [4096, 128], ""dtype"": ""torch.float16"", ""device"": ""cuda:0"", ""stride"": [1280, 1]}]",4983,0,0
cloud,0,9274,prefill,2b19945777114854b82d6cd44b40f27b,optrace:9274:374,aten.view.default,"[{""request_id"": ""c4f28400bfd54f3bbb86f843f6fb61f5"", ""position"": 0, ""query_len"": 4096}]","[[4096, 128]]","[""torch.float16""]","[{""argument"": ""args[0]"", ""shape"": [4096, 128], ""dtype"": ""torch.float16"", ""device"": ""cuda:0"", ""stride"": [1280, 1]}]",4913,0,0
cloud,0,9274,prefill,2b19945777114854b82d6cd44b40f27b,optrace:9274:375,vllm.unified_attention_with_output.default,"[{""request_id"": ""c4f28400bfd54f3bbb86f843f6fb61f5"", ""position"": 0, ""query_len"": 4096}]","[[4096, 8, 128], [4096, 1, 128], [4096, 1, 128], [4096, 8, 128]]","[""torch.float16"", ""torch.float16"", ""torch.float16"", ""torch.float16""]","[{""argument"": ""args[0]"", ""shape"": [4096, 8, 128], ""dtype"": ""torch.float16"", ""device"": ""cuda:0"", ""stride"": [1280, 128, 1]}, {""argument"": ""args[1]"", ""shape"": [4096, 1, 128], ""dtype"": ""torch.float16"", ""device"": ""cuda:0"", ""stride"": [1280, 128, 1]}, {""argument"": ""args[2]"", ""shape"": [4096, 1, 128], ""dtype"": ""torch.float16"", ""device"": ""cuda:0"", ""stride"": [1280, 128, 1]}, {""argument"": ""args[3]"", ""shape"": [4096, 8, 128], ""dtype"": ""torch.float16"", ""device"": ""cuda:0"", ""stride"": [1024, 128, 1]}]",182158,558942,2
cloud,0,9274,prefill,2b19945777114854b82d6cd44b40f27b,optrace:9274:376,aten.view.default,"[{""request_id"": ""c4f28400bfd54f3bbb86f843f6fb61f5"", ""position"": 0, ""query_len"": 4096}]","[[4096, 8, 128]]","[""torch.float16""]","[{""argument"": ""args[0]"", ""shape"": [4096, 8, 128], ""dtype"": ""torch.float16"", ""device"": ""cuda:0"", ""stride"": [1024, 128, 1]}]",9521,0,0
cloud,0,9274,prefill,2b19945777114854b82d6cd44b40f27b,optrace:9274:377,aten.linear.default,"[{""request_id"": ""c4f28400bfd54f3bbb86f843f6fb61f5"", ""position"": 0, ""query_len"": 4096}]","[[4096, 1024], [2048, 1024]]","[""torch.float16"", ""torch.float16""]","[{""argument"": ""args[0]"", ""shape"": [4096, 1024], ""dtype"": ""torch.float16"", ""device"": ""cuda:0"", ""stride"": [1024, 1]}, {""argument"": ""args[1]"", ""shape"": [2048, 1024], ""dtype"": ""torch.float16"", ""device"": ""cuda:0"", ""stride"": [1024, 1]}]",55109,229407,1
cloud,0,9274,prefill,2b19945777114854b82d6cd44b40f27b,optrace:9274:378,vllm.all_reduce.default,"[{""request_id"": ""c4f28400bfd54f3bbb86f843f6fb61f5"", ""position"": 0, ""query_len"": 4096}]","[[4096, 2048]]","[""torch.float16""]","[{""argument"": ""args[0]"", ""shape"": [4096, 2048], ""dtype"": ""torch.float16"", ""device"": ""cuda:0"", ""stride"": [2048, 1]}]",148616,0,0
cloud,0,9274,prefill,2b19945777114854b82d6cd44b40f27b,optrace:9274:379,pynccl.all_reduce,"[{""request_id"": ""c4f28400bfd54f3bbb86f843f6fb61f5"", ""position"": 0, ""query_len"": 4096}]","[[4096, 2048]]","[""torch.float16""]","[{""argument"": ""args[0]"", ""shape"": [4096, 2048], ""dtype"": ""torch.float16"", ""device"": ""cuda:0"", ""stride"": [2048, 1]}]",66683,1237019,1
cloud,0,9274,prefill,2b19945777114854b82d6cd44b40f27b,optrace:9274:380,aten.detach.default,"[{""request_id"": ""c4f28400bfd54f3bbb86f843f6fb61f5"", ""position"": 0, ""query_len"": 4096}]",[[2048]],"[""torch.float16""]","[{""argument"": ""args[0]"", ""shape"": [2048], ""dtype"": ""torch.float16"", ""device"": ""cuda:0"", ""stride"": [1]}]",8549,0,0
cloud,0,9274,prefill,2b19945777114854b82d6cd44b40f27b,optrace:9274:381,_C.fused_add_rms_norm.default,"[{""request_id"": ""c4f28400bfd54f3bbb86f843f6fb61f5"", ""position"": 0, ""query_len"": 4096}]","[[4096, 2048], [4096, 2048], [2048]]","[""torch.float16"", ""torch.float16"", ""torch.float16""]","[{""argument"": ""args[0]"", ""shape"": [4096, 2048], ""dtype"": ""torch.float16"", ""device"": ""cuda:0"", ""stride"": [2048, 1]}, {""argument"": ""args[1]"", ""shape"": [4096, 2048], ""dtype"": ""torch.float16"", ""device"": ""cuda:0"", ""stride"": [2048, 1]}, {""argument"": ""args[2]"", ""shape"": [2048], ""dtype"": ""torch.float16"", ""device"": ""cuda:0"", ""stride"": [1]}]",19689,138495,1
cloud,0,9274,prefill,2b19945777114854b82d6cd44b40f27b,optrace:9274:382,aten.linear.default,"[{""request_id"": ""c4f28400bfd54f3bbb86f843f6fb61f5"", ""position"": 0, ""query_len"": 4096}]","[[4096, 2048], [11008, 2048]]","[""torch.float16"", ""torch.float16""]","[{""argument"": ""args[0]"", ""shape"": [4096, 2048], ""dtype"": ""torch.float16"", ""device"": ""cuda:0"", ""stride"": [2048, 1]}, {""argument"": ""args[1]"", ""shape"": [11008, 2048], ""dtype"": ""torch.float16"", ""device"": ""cuda:0"", ""stride"": [2048, 1]}]",62951,2262039,1
cloud,0,9274,prefill,2b19945777114854b82d6cd44b40f27b,optrace:9274:383,aten.empty.memory_format,"[{""request_id"": ""c4f28400bfd54f3bbb86f843f6fb61f5"", ""position"": 0, ""query_len"": 4096}]",[],[],[],22938,0,0
cloud,0,9274,prefill,2b19945777114854b82d6cd44b40f27b,optrace:9274:384,_C.silu_and_mul.default,"[{""request_id"": ""c4f28400bfd54f3bbb86f843f6fb61f5"", ""position"": 0, ""query_len"": 4096}]","[[4096, 5504], [4096, 11008]]","[""torch.float16"", ""torch.float16""]","[{""argument"": ""args[0]"", ""shape"": [4096, 5504], ""dtype"": ""torch.float16"", ""device"": ""cuda:0"", ""stride"": [5504, 1]}, {""argument"": ""args[1]"", ""shape"": [4096, 11008], ""dtype"": ""torch.float16"", ""device"": ""cuda:0"", ""stride"": [11008, 1]}]",17431,301662,1
cloud,0,9274,prefill,2b19945777114854b82d6cd44b40f27b,optrace:9274:385,aten.linear.default,"[{""request_id"": ""c4f28400bfd54f3bbb86f843f6fb61f5"", ""position"": 0, ""query_len"": 4096}]","[[4096, 5504], [2048, 5504]]","[""torch.float16"", ""torch.float16""]","[{""argument"": ""args[0]"", ""shape"": [4096, 5504], ""dtype"": ""torch.float16"", ""device"": ""cuda:0"", ""stride"": [5504, 1]}, {""argument"": ""args[1]"", ""shape"": [2048, 5504], ""dtype"": ""torch.float16"", ""device"": ""cuda:0"", ""stride"": [5504, 1]}]",45459,1070300,1
cloud,0,9274,prefill,2b19945777114854b82d6cd44b40f27b,optrace:9274:386,vllm.all_reduce.default,"[{""request_id"": ""c4f28400bfd54f3bbb86f843f6fb61f5"", ""position"": 0, ""query_len"": 4096}]","[[4096, 2048]]","[""torch.float16""]","[{""argument"": ""args[0]"", ""shape"": [4096, 2048], ""dtype"": ""torch.float16"", ""device"": ""cuda:0"", ""stride"": [2048, 1]}]",77420,0,0
cloud,0,9274,prefill,2b19945777114854b82d6cd44b40f27b,optrace:9274:387,pynccl.all_reduce,"[{""request_id"": ""c4f28400bfd54f3bbb86f843f6fb61f5"", ""position"": 0, ""query_len"": 4096}]","[[4096, 2048]]","[""torch.float16""]","[{""argument"": ""args[0]"", ""shape"": [4096, 2048], ""dtype"": ""torch.float16"", ""device"": ""cuda:0"", ""stride"": [2048, 1]}]",59633,1250266,1
cloud,0,9274,prefill,2b19945777114854b82d6cd44b40f27b,optrace:9274:388,aten.detach.default,"[{""request_id"": ""c4f28400bfd54f3bbb86f843f6fb61f5"", ""position"": 0, ""query_len"": 4096}]",[[2048]],"[""torch.float16""]","[{""argument"": ""args[0]"", ""shape"": [2048], ""dtype"": ""torch.float16"", ""device"": ""cuda:0"", ""stride"": [1]}]",8164,0,0
cloud,0,9274,prefill,2b19945777114854b82d6cd44b40f27b,optrace:9274:389,_C.fused_add_rms_norm.default,"[{""request_id"": ""c4f28400bfd54f3bbb86f843f6fb61f5"", ""position"": 0, ""query_len"": 4096}]","[[4096, 2048], [4096, 2048], [2048]]","[""torch.float16"", ""torch.float16"", ""torch.float16""]","[{""argument"": ""args[0]"", ""shape"": [4096, 2048], ""dtype"": ""torch.float16"", ""device"": ""cuda:0"", ""stride"": [2048, 1]}, {""argument"": ""args[1]"", ""shape"": [4096, 2048], ""dtype"": ""torch.float16"", ""device"": ""cuda:0"", ""stride"": [2048, 1]}, {""argument"": ""args[2]"", ""shape"": [2048], ""dtype"": ""torch.float16"", ""device"": ""cuda:0"", ""stride"": [1]}]",20158,140384,1
cloud,0,9274,prefill,2b19945777114854b82d6cd44b40f27b,optrace:9274:390,aten.linear.default,"[{""request_id"": ""c4f28400bfd54f3bbb86f843f6fb61f5"", ""position"": 0, ""query_len"": 4096}]","[[4096, 2048], [1280, 2048], [1280]]","[""torch.float16"", ""torch.float16"", ""torch.float16""]","[{""argument"": ""args[0]"", ""shape"": [4096, 2048], ""dtype"": ""torch.float16"", ""device"": ""cuda:0"", ""stride"": [2048, 1]}, {""argument"": ""args[1]"", ""shape"": [1280, 2048], ""dtype"": ""torch.float16"", ""device"": ""cuda:0"", ""stride"": [2048, 1]}, {""argument"": ""args[2]"", ""shape"": [1280], ""dtype"": ""torch.float16"", ""device"": ""cuda:0"", ""stride"": [1]}]",63732,327678,1
cloud,0,9274,prefill,2b19945777114854b82d6cd44b40f27b,optrace:9274:391,aten.split_with_sizes.default,"[{""request_id"": ""c4f28400bfd54f3bbb86f843f6fb61f5"", ""position"": 0, ""query_len"": 4096}]","[[4096, 1280]]","[""torch.float16""]","[{""argument"": ""args[0]"", ""shape"": [4096, 1280], ""dtype"": ""torch.float16"", ""device"": ""cuda:0"", ""stride"": [1280, 1]}]",14712,0,0
cloud,0,9274,prefill,2b19945777114854b82d6cd44b40f27b,optrace:9274:392,_C.rotary_embedding.default,"[{""request_id"": ""c4f28400bfd54f3bbb86f843f6fb61f5"", ""position"": 0, ""query_len"": 4096}]","[[4096], [4096, 1024], [4096, 128], [32768, 128]]","[""torch.int64"", ""torch.float16"", ""torch.float16"", ""torch.float16""]","[{""argument"": ""args[0]"", ""shape"": [4096], ""dtype"": ""torch.int64"", ""device"": ""cuda:0"", ""stride"": [1]}, {""argument"": ""args[1]"", ""shape"": [4096, 1024], ""dtype"": ""torch.float16"", ""device"": ""cuda:0"", ""stride"": [1280, 1]}, {""argument"": ""args[2]"", ""shape"": [4096, 128], ""dtype"": ""torch.float16"", ""device"": ""cuda:0"", ""stride"": [1280, 1]}, {""argument"": ""args[4]"", ""shape"": [32768, 128], ""dtype"": ""torch.float16"", ""device"": ""cuda:0"", ""stride"": [128, 1]}]",20519,49984,1
cloud,0,9274,prefill,2b19945777114854b82d6cd44b40f27b,optrace:9274:393,aten.zeros.default,"[{""request_id"": ""c4f28400bfd54f3bbb86f843f6fb61f5"", ""position"": 0, ""query_len"": 4096}]",[],[],[],40982,17920,1
cloud,0,9274,prefill,2b19945777114854b82d6cd44b40f27b,optrace:9274:394,aten.view.default,"[{""request_id"": ""c4f28400bfd54f3bbb86f843f6fb61f5"", ""position"": 0, ""query_len"": 4096}]","[[4096, 1024]]","[""torch.float16""]","[{""argument"": ""args[0]"", ""shape"": [4096, 1024], ""dtype"": ""torch.float16"", ""device"": ""cuda:0"", ""stride"": [1280, 1]}]",8927,0,0
cloud,0,9274,prefill,2b19945777114854b82d6cd44b40f27b,optrace:9274:395,aten.view.default,"[{""request_id"": ""c4f28400bfd54f3bbb86f843f6fb61f5"", ""position"": 0, ""query_len"": 4096}]","[[4096, 1024]]","[""torch.float16""]","[{""argument"": ""args[0]"", ""shape"": [4096, 1024], ""dtype"": ""torch.float16"", ""device"": ""cuda:0"", ""stride"": [1024, 1]}]",5570,0,0
cloud,0,9274,prefill,2b19945777114854b82d6cd44b40f27b,optrace:9274:396,aten.view.default,"[{""request_id"": ""c4f28400bfd54f3bbb86f843f6fb61f5"", ""position"": 0, ""query_len"": 4096}]","[[4096, 128]]","[""torch.float16""]","[{""argument"": ""args[0]"", ""shape"": [4096, 128], ""dtype"": ""torch.float16"", ""device"": ""cuda:0"", ""stride"": [1280, 1]}]",5265,0,0
cloud,0,9274,prefill,2b19945777114854b82d6cd44b40f27b,optrace:9274:397,aten.view.default,"[{""request_id"": ""c4f28400bfd54f3bbb86f843f6fb61f5"", ""position"": 0, ""query_len"": 4096}]","[[4096, 128]]","[""torch.float16""]","[{""argument"": ""args[0]"", ""shape"": [4096, 128], ""dtype"": ""torch.float16"", ""device"": ""cuda:0"", ""stride"": [1280, 1]}]",4812,0,0
cloud,0,9274,prefill,2b19945777114854b82d6cd44b40f27b,optrace:9274:398,vllm.unified_attention_with_output.default,"[{""request_id"": ""c4f28400bfd54f3bbb86f843f6fb61f5"", ""position"": 0, ""query_len"": 4096}]","[[4096, 8, 128], [4096, 1, 128], [4096, 1, 128], [4096, 8, 128]]","[""torch.float16"", ""torch.float16"", ""torch.float16"", ""torch.float16""]","[{""argument"": ""args[0]"", ""shape"": [4096, 8, 128], ""dtype"": ""torch.float16"", ""device"": ""cuda:0"", ""stride"": [1280, 128, 1]}, {""argument"": ""args[1]"", ""shape"": [4096, 1, 128], ""dtype"": ""torch.float16"", ""device"": ""cuda:0"", ""stride"": [1280, 128, 1]}, {""argument"": ""args[2]"", ""shape"": [4096, 1, 128], ""dtype"": ""torch.float16"", ""device"": ""cuda:0"", ""stride"": [1280, 128, 1]}, {""argument"": ""args[3]"", ""shape"": [4096, 8, 128], ""dtype"": ""torch.float16"", ""device"": ""cuda:0"", ""stride"": [1024, 128, 1]}]",177098,560766,2
cloud,0,9274,prefill,2b19945777114854b82d6cd44b40f27b,optrace:9274:399,aten.view.default,"[{""request_id"": ""c4f28400bfd54f3bbb86f843f6fb61f5"", ""position"": 0, ""query_len"": 4096}]","[[4096, 8, 128]]","[""torch.float16""]","[{""argument"": ""args[0]"", ""shape"": [4096, 8, 128], ""dtype"": ""torch.float16"", ""device"": ""cuda:0"", ""stride"": [1024, 128, 1]}]",8838,0,0
cloud,0,9274,prefill,2b19945777114854b82d6cd44b40f27b,optrace:9274:400,aten.linear.default,"[{""request_id"": ""c4f28400bfd54f3bbb86f843f6fb61f5"", ""position"": 0, ""query_len"": 4096}]","[[4096, 1024], [2048, 1024]]","[""torch.float16"", ""torch.float16""]","[{""argument"": ""args[0]"", ""shape"": [4096, 1024], ""dtype"": ""torch.float16"", ""device"": ""cuda:0"", ""stride"": [1024, 1]}, {""argument"": ""args[1]"", ""shape"": [2048, 1024], ""dtype"": ""torch.float16"", ""device"": ""cuda:0"", ""stride"": [1024, 1]}]",52990,229183,1
cloud,0,9274,prefill,2b19945777114854b82d6cd44b40f27b,optrace:9274:401,vllm.all_reduce.default,"[{""request_id"": ""c4f28400bfd54f3bbb86f843f6fb61f5"", ""position"": 0, ""query_len"": 4096}]","[[4096, 2048]]","[""torch.float16""]","[{""argument"": ""args[0]"", ""shape"": [4096, 2048], ""dtype"": ""torch.float16"", ""device"": ""cuda:0"", ""stride"": [2048, 1]}]",85673,0,0
cloud,0,9274,prefill,2b19945777114854b82d6cd44b40f27b,optrace:9274:402,pynccl.all_reduce,"[{""request_id"": ""c4f28400bfd54f3bbb86f843f6fb61f5"", ""position"": 0, ""query_len"": 4096}]","[[4096, 2048]]","[""torch.float16""]","[{""argument"": ""args[0]"", ""shape"": [4096, 2048], ""dtype"": ""torch.float16"", ""device"": ""cuda:0"", ""stride"": [2048, 1]}]",64697,1247066,1
cloud,0,9274,prefill,2b19945777114854b82d6cd44b40f27b,optrace:9274:403,aten.detach.default,"[{""request_id"": ""c4f28400bfd54f3bbb86f843f6fb61f5"", ""position"": 0, ""query_len"": 4096}]",[[2048]],"[""torch.float16""]","[{""argument"": ""args[0]"", ""shape"": [2048], ""dtype"": ""torch.float16"", ""device"": ""cuda:0"", ""stride"": [1]}]",7611,0,0
cloud,0,9274,prefill,2b19945777114854b82d6cd44b40f27b,optrace:9274:404,_C.fused_add_rms_norm.default,"[{""request_id"": ""c4f28400bfd54f3bbb86f843f6fb61f5"", ""position"": 0, ""query_len"": 4096}]","[[4096, 2048], [4096, 2048], [2048]]","[""torch.float16"", ""torch.float16"", ""torch.float16""]","[{""argument"": ""args[0]"", ""shape"": [4096, 2048], ""dtype"": ""torch.float16"", ""device"": ""cuda:0"", ""stride"": [2048, 1]}, {""argument"": ""args[1]"", ""shape"": [4096, 2048], ""dtype"": ""torch.float16"", ""device"": ""cuda:0"", ""stride"": [2048, 1]}, {""argument"": ""args[2]"", ""shape"": [2048], ""dtype"": ""torch.float16"", ""device"": ""cuda:0"", ""stride"": [1]}]",19493,138624,1
cloud,0,9274,prefill,2b19945777114854b82d6cd44b40f27b,optrace:9274:405,aten.linear.default,"[{""request_id"": ""c4f28400bfd54f3bbb86f843f6fb61f5"", ""position"": 0, ""query_len"": 4096}]","[[4096, 2048], [11008, 2048]]","[""torch.float16"", ""torch.float16""]","[{""argument"": ""args[0]"", ""shape"": [4096, 2048], ""dtype"": ""torch.float16"", ""device"": ""cuda:0"", ""stride"": [2048, 1]}, {""argument"": ""args[1]"", ""shape"": [11008, 2048], ""dtype"": ""torch.float16"", ""device"": ""cuda:0"", ""stride"": [2048, 1]}]",73267,2260278,1
cloud,0,9274,prefill,2b19945777114854b82d6cd44b40f27b,optrace:9274:406,aten.empty.memory_format,"[{""request_id"": ""c4f28400bfd54f3bbb86f843f6fb61f5"", ""position"": 0, ""query_len"": 4096}]",[],[],[],22042,0,0
cloud,0,9274,prefill,2b19945777114854b82d6cd44b40f27b,optrace:9274:407,_C.silu_and_mul.default,"[{""request_id"": ""c4f28400bfd54f3bbb86f843f6fb61f5"", ""position"": 0, ""query_len"": 4096}]","[[4096, 5504], [4096, 11008]]","[""torch.float16"", ""torch.float16""]","[{""argument"": ""args[0]"", ""shape"": [4096, 5504], ""dtype"": ""torch.float16"", ""device"": ""cuda:0"", ""stride"": [5504, 1]}, {""argument"": ""args[1]"", ""shape"": [4096, 11008], ""dtype"": ""torch.float16"", ""device"": ""cuda:0"", ""stride"": [11008, 1]}]",19568,301407,1
cloud,0,9274,prefill,2b19945777114854b82d6cd44b40f27b,optrace:9274:408,aten.linear.default,"[{""request_id"": ""c4f28400bfd54f3bbb86f843f6fb61f5"", ""position"": 0, ""query_len"": 4096}]","[[4096, 5504], [2048, 5504]]","[""torch.float16"", ""torch.float16""]","[{""argument"": ""args[0]"", ""shape"": [4096, 5504], ""dtype"": ""torch.float16"", ""device"": ""cuda:0"", ""stride"": [5504, 1]}, {""argument"": ""args[1]"", ""shape"": [2048, 5504], ""dtype"": ""torch.float16"", ""device"": ""cuda:0"", ""stride"": [5504, 1]}]",56224,1069083,1
cloud,0,9274,prefill,2b19945777114854b82d6cd44b40f27b,optrace:9274:409,vllm.all_reduce.default,"[{""request_id"": ""c4f28400bfd54f3bbb86f843f6fb61f5"", ""position"": 0, ""query_len"": 4096}]","[[4096, 2048]]","[""torch.float16""]","[{""argument"": ""args[0]"", ""shape"": [4096, 2048], ""dtype"": ""torch.float16"", ""device"": ""cuda:0"", ""stride"": [2048, 1]}]",79705,0,0
cloud,0,9274,prefill,2b19945777114854b82d6cd44b40f27b,optrace:9274:410,pynccl.all_reduce,"[{""request_id"": ""c4f28400bfd54f3bbb86f843f6fb61f5"", ""position"": 0, ""query_len"": 4096}]","[[4096, 2048]]","[""torch.float16""]","[{""argument"": ""args[0]"", ""shape"": [4096, 2048], ""dtype"": ""torch.float16"", ""device"": ""cuda:0"", ""stride"": [2048, 1]}]",59710,1295291,1
cloud,0,9274,prefill,2b19945777114854b82d6cd44b40f27b,optrace:9274:411,aten.detach.default,"[{""request_id"": ""c4f28400bfd54f3bbb86f843f6fb61f5"", ""position"": 0, ""query_len"": 4096}]",[[2048]],"[""torch.float16""]","[{""argument"": ""args[0]"", ""shape"": [2048], ""dtype"": ""torch.float16"", ""device"": ""cuda:0"", ""stride"": [1]}]",7625,0,0
cloud,0,9274,prefill,2b19945777114854b82d6cd44b40f27b,optrace:9274:412,_C.fused_add_rms_norm.default,"[{""request_id"": ""c4f28400bfd54f3bbb86f843f6fb61f5"", ""position"": 0, ""query_len"": 4096}]","[[4096, 2048], [4096, 2048], [2048]]","[""torch.float16"", ""torch.float16"", ""torch.float16""]","[{""argument"": ""args[0]"", ""shape"": [4096, 2048], ""dtype"": ""torch.float16"", ""device"": ""cuda:0"", ""stride"": [2048, 1]}, {""argument"": ""args[1]"", ""shape"": [4096, 2048], ""dtype"": ""torch.float16"", ""device"": ""cuda:0"", ""stride"": [2048, 1]}, {""argument"": ""args[2]"", ""shape"": [2048], ""dtype"": ""torch.float16"", ""device"": ""cuda:0"", ""stride"": [1]}]",18735,139263,1
cloud,0,9274,prefill,2b19945777114854b82d6cd44b40f27b,optrace:9274:413,aten.linear.default,"[{""request_id"": ""c4f28400bfd54f3bbb86f843f6fb61f5"", ""position"": 0, ""query_len"": 4096}]","[[4096, 2048], [1280, 2048], [1280]]","[""torch.float16"", ""torch.float16"", ""torch.float16""]","[{""argument"": ""args[0]"", ""shape"": [4096, 2048], ""dtype"": ""torch.float16"", ""device"": ""cuda:0"", ""stride"": [2048, 1]}, {""argument"": ""args[1]"", ""shape"": [1280, 2048], ""dtype"": ""torch.float16"", ""device"": ""cuda:0"", ""stride"": [2048, 1]}, {""argument"": ""args[2]"", ""shape"": [1280], ""dtype"": ""torch.float16"", ""device"": ""cuda:0"", ""stride"": [1]}]",65723,327135,1
cloud,0,9274,prefill,2b19945777114854b82d6cd44b40f27b,optrace:9274:414,aten.split_with_sizes.default,"[{""request_id"": ""c4f28400bfd54f3bbb86f843f6fb61f5"", ""position"": 0, ""query_len"": 4096}]","[[4096, 1280]]","[""torch.float16""]","[{""argument"": ""args[0]"", ""shape"": [4096, 1280], ""dtype"": ""torch.float16"", ""device"": ""cuda:0"", ""stride"": [1280, 1]}]",14591,0,0
cloud,0,9274,prefill,2b19945777114854b82d6cd44b40f27b,optrace:9274:415,_C.rotary_embedding.default,"[{""request_id"": ""c4f28400bfd54f3bbb86f843f6fb61f5"", ""position"": 0, ""query_len"": 4096}]","[[4096], [4096, 1024], [4096, 128], [32768, 128]]","[""torch.int64"", ""torch.float16"", ""torch.float16"", ""torch.float16""]","[{""argument"": ""args[0]"", ""shape"": [4096], ""dtype"": ""torch.int64"", ""device"": ""cuda:0"", ""stride"": [1]}, {""argument"": ""args[1]"", ""shape"": [4096, 1024], ""dtype"": ""torch.float16"", ""device"": ""cuda:0"", ""stride"": [1280, 1]}, {""argument"": ""args[2]"", ""shape"": [4096, 128], ""dtype"": ""torch.float16"", ""device"": ""cuda:0"", ""stride"": [1280, 1]}, {""argument"": ""args[4]"", ""shape"": [32768, 128], ""dtype"": ""torch.float16"", ""device"": ""cuda:0"", ""stride"": [128, 1]}]",24192,49856,1
cloud,0,9274,prefill,2b19945777114854b82d6cd44b40f27b,optrace:9274:416,aten.zeros.default,"[{""request_id"": ""c4f28400bfd54f3bbb86f843f6fb61f5"", ""position"": 0, ""query_len"": 4096}]",[],[],[],55261,17920,1
cloud,0,9274,prefill,2b19945777114854b82d6cd44b40f27b,optrace:9274:417,aten.view.default,"[{""request_id"": ""c4f28400bfd54f3bbb86f843f6fb61f5"", ""position"": 0, ""query_len"": 4096}]","[[4096, 1024]]","[""torch.float16""]","[{""argument"": ""args[0]"", ""shape"": [4096, 1024], ""dtype"": ""torch.float16"", ""device"": ""cuda:0"", ""stride"": [1280, 1]}]",9304,0,0
cloud,0,9274,prefill,2b19945777114854b82d6cd44b40f27b,optrace:9274:418,aten.view.default,"[{""request_id"": ""c4f28400bfd54f3bbb86f843f6fb61f5"", ""position"": 0, ""query_len"": 4096}]","[[4096, 1024]]","[""torch.float16""]","[{""argument"": ""args[0]"", ""shape"": [4096, 1024], ""dtype"": ""torch.float16"", ""device"": ""cuda:0"", ""stride"": [1024, 1]}]",5297,0,0
cloud,0,9274,prefill,2b19945777114854b82d6cd44b40f27b,optrace:9274:419,aten.view.default,"[{""request_id"": ""c4f28400bfd54f3bbb86f843f6fb61f5"", ""position"": 0, ""query_len"": 4096}]","[[4096, 128]]","[""torch.float16""]","[{""argument"": ""args[0]"", ""shape"": [4096, 128], ""dtype"": ""torch.float16"", ""device"": ""cuda:0"", ""stride"": [1280, 1]}]",5071,0,0
cloud,0,9274,prefill,2b19945777114854b82d6cd44b40f27b,optrace:9274:420,aten.view.default,"[{""request_id"": ""c4f28400bfd54f3bbb86f843f6fb61f5"", ""position"": 0, ""query_len"": 4096}]","[[4096, 128]]","[""torch.float16""]","[{""argument"": ""args[0]"", ""shape"": [4096, 128], ""dtype"": ""torch.float16"", ""device"": ""cuda:0"", ""stride"": [1280, 1]}]",5441,0,0
cloud,0,9274,prefill,2b19945777114854b82d6cd44b40f27b,optrace:9274:421,vllm.unified_attention_with_output.default,"[{""request_id"": ""c4f28400bfd54f3bbb86f843f6fb61f5"", ""position"": 0, ""query_len"": 4096}]","[[4096, 8, 128], [4096, 1, 128], [4096, 1, 128], [4096, 8, 128]]","[""torch.float16"", ""torch.float16"", ""torch.float16"", ""torch.float16""]","[{""argument"": ""args[0]"", ""shape"": [4096, 8, 128], ""dtype"": ""torch.float16"", ""device"": ""cuda:0"", ""stride"": [1280, 128, 1]}, {""argument"": ""args[1]"", ""shape"": [4096, 1, 128], ""dtype"": ""torch.float16"", ""device"": ""cuda:0"", ""stride"": [1280, 128, 1]}, {""argument"": ""args[2]"", ""shape"": [4096, 1, 128], ""dtype"": ""torch.float16"", ""device"": ""cuda:0"", ""stride"": [1280, 128, 1]}, {""argument"": ""args[3]"", ""shape"": [4096, 8, 128], ""dtype"": ""torch.float16"", ""device"": ""cuda:0"", ""stride"": [1024, 128, 1]}]",189251,576061,2
cloud,0,9274,prefill,2b19945777114854b82d6cd44b40f27b,optrace:9274:422,aten.view.default,"[{""request_id"": ""c4f28400bfd54f3bbb86f843f6fb61f5"", ""position"": 0, ""query_len"": 4096}]","[[4096, 8, 128]]","[""torch.float16""]","[{""argument"": ""args[0]"", ""shape"": [4096, 8, 128], ""dtype"": ""torch.float16"", ""device"": ""cuda:0"", ""stride"": [1024, 128, 1]}]",8999,0,0
cloud,0,9274,prefill,2b19945777114854b82d6cd44b40f27b,optrace:9274:423,aten.linear.default,"[{""request_id"": ""c4f28400bfd54f3bbb86f843f6fb61f5"", ""position"": 0, ""query_len"": 4096}]","[[4096, 1024], [2048, 1024]]","[""torch.float16"", ""torch.float16""]","[{""argument"": ""args[0]"", ""shape"": [4096, 1024], ""dtype"": ""torch.float16"", ""device"": ""cuda:0"", ""stride"": [1024, 1]}, {""argument"": ""args[1]"", ""shape"": [2048, 1024], ""dtype"": ""torch.float16"", ""device"": ""cuda:0"", ""stride"": [1024, 1]}]",52325,229119,1
cloud,0,9274,prefill,2b19945777114854b82d6cd44b40f27b,optrace:9274:424,vllm.all_reduce.default,"[{""request_id"": ""c4f28400bfd54f3bbb86f843f6fb61f5"", ""position"": 0, ""query_len"": 4096}]","[[4096, 2048]]","[""torch.float16""]","[{""argument"": ""args[0]"", ""shape"": [4096, 2048], ""dtype"": ""torch.float16"", ""device"": ""cuda:0"", ""stride"": [2048, 1]}]",88371,0,0
cloud,0,9274,prefill,2b19945777114854b82d6cd44b40f27b,optrace:9274:425,pynccl.all_reduce,"[{""request_id"": ""c4f28400bfd54f3bbb86f843f6fb61f5"", ""position"": 0, ""query_len"": 4096}]","[[4096, 2048]]","[""torch.float16""]","[{""argument"": ""args[0]"", ""shape"": [4096, 2048], ""dtype"": ""torch.float16"", ""device"": ""cuda:0"", ""stride"": [2048, 1]}]",63559,1233883,1
cloud,0,9274,prefill,2b19945777114854b82d6cd44b40f27b,optrace:9274:426,aten.detach.default,"[{""request_id"": ""c4f28400bfd54f3bbb86f843f6fb61f5"", ""position"": 0, ""query_len"": 4096}]",[[2048]],"[""torch.float16""]","[{""argument"": ""args[0]"", ""shape"": [2048], ""dtype"": ""torch.float16"", ""device"": ""cuda:0"", ""stride"": [1]}]",7608,0,0
cloud,0,9274,prefill,2b19945777114854b82d6cd44b40f27b,optrace:9274:427,_C.fused_add_rms_norm.default,"[{""request_id"": ""c4f28400bfd54f3bbb86f843f6fb61f5"", ""position"": 0, ""query_len"": 4096}]","[[4096, 2048], [4096, 2048], [2048]]","[""torch.float16"", ""torch.float16"", ""torch.float16""]","[{""argument"": ""args[0]"", ""shape"": [4096, 2048], ""dtype"": ""torch.float16"", ""device"": ""cuda:0"", ""stride"": [2048, 1]}, {""argument"": ""args[1]"", ""shape"": [4096, 2048], ""dtype"": ""torch.float16"", ""device"": ""cuda:0"", ""stride"": [2048, 1]}, {""argument"": ""args[2]"", ""shape"": [2048], ""dtype"": ""torch.float16"", ""device"": ""cuda:0"", ""stride"": [1]}]",18975,138463,1
cloud,0,9274,prefill,2b19945777114854b82d6cd44b40f27b,optrace:9274:428,aten.linear.default,"[{""request_id"": ""c4f28400bfd54f3bbb86f843f6fb61f5"", ""position"": 0, ""query_len"": 4096}]","[[4096, 2048], [11008, 2048]]","[""torch.float16"", ""torch.float16""]","[{""argument"": ""args[0]"", ""shape"": [4096, 2048], ""dtype"": ""torch.float16"", ""device"": ""cuda:0"", ""stride"": [2048, 1]}, {""argument"": ""args[1]"", ""shape"": [11008, 2048], ""dtype"": ""torch.float16"", ""device"": ""cuda:0"", ""stride"": [2048, 1]}]",61316,2293303,1
cloud,0,9274,prefill,2b19945777114854b82d6cd44b40f27b,optrace:9274:429,aten.empty.memory_format,"[{""request_id"": ""c4f28400bfd54f3bbb86f843f6fb61f5"", ""position"": 0, ""query_len"": 4096}]",[],[],[],21902,0,0
cloud,0,9274,prefill,2b19945777114854b82d6cd44b40f27b,optrace:9274:430,_C.silu_and_mul.default,"[{""request_id"": ""c4f28400bfd54f3bbb86f843f6fb61f5"", ""position"": 0, ""query_len"": 4096}]","[[4096, 5504], [4096, 11008]]","[""torch.float16"", ""torch.float16""]","[{""argument"": ""args[0]"", ""shape"": [4096, 5504], ""dtype"": ""torch.float16"", ""device"": ""cuda:0"", ""stride"": [5504, 1]}, {""argument"": ""args[1]"", ""shape"": [4096, 11008], ""dtype"": ""torch.float16"", ""device"": ""cuda:0"", ""stride"": [11008, 1]}]",16288,302494,1
cloud,0,9274,prefill,2b19945777114854b82d6cd44b40f27b,optrace:9274:431,aten.linear.default,"[{""request_id"": ""c4f28400bfd54f3bbb86f843f6fb61f5"", ""position"": 0, ""query_len"": 4096}]","[[4096, 5504], [2048, 5504]]","[""torch.float16"", ""torch.float16""]","[{""argument"": ""args[0]"", ""shape"": [4096, 5504], ""dtype"": ""torch.float16"", ""device"": ""cuda:0"", ""stride"": [5504, 1]}, {""argument"": ""args[1]"", ""shape"": [2048, 5504], ""dtype"": ""torch.float16"", ""device"": ""cuda:0"", ""stride"": [5504, 1]}]",44264,1091516,1
cloud,0,9274,prefill,2b19945777114854b82d6cd44b40f27b,optrace:9274:432,vllm.all_reduce.default,"[{""request_id"": ""c4f28400bfd54f3bbb86f843f6fb61f5"", ""position"": 0, ""query_len"": 4096}]","[[4096, 2048]]","[""torch.float16""]","[{""argument"": ""args[0]"", ""shape"": [4096, 2048], ""dtype"": ""torch.float16"", ""device"": ""cuda:0"", ""stride"": [2048, 1]}]",79752,0,0
cloud,0,9274,prefill,2b19945777114854b82d6cd44b40f27b,optrace:9274:433,pynccl.all_reduce,"[{""request_id"": ""c4f28400bfd54f3bbb86f843f6fb61f5"", ""position"": 0, ""query_len"": 4096}]","[[4096, 2048]]","[""torch.float16""]","[{""argument"": ""args[0]"", ""shape"": [4096, 2048], ""dtype"": ""torch.float16"", ""device"": ""cuda:0"", ""stride"": [2048, 1]}]",57835,1230490,1
cloud,0,9274,prefill,2b19945777114854b82d6cd44b40f27b,optrace:9274:434,aten.detach.default,"[{""request_id"": ""c4f28400bfd54f3bbb86f843f6fb61f5"", ""position"": 0, ""query_len"": 4096}]",[[2048]],"[""torch.float16""]","[{""argument"": ""args[0]"", ""shape"": [2048], ""dtype"": ""torch.float16"", ""device"": ""cuda:0"", ""stride"": [1]}]",7479,0,0
cloud,0,9274,prefill,2b19945777114854b82d6cd44b40f27b,optrace:9274:435,_C.fused_add_rms_norm.default,"[{""request_id"": ""c4f28400bfd54f3bbb86f843f6fb61f5"", ""position"": 0, ""query_len"": 4096}]","[[4096, 2048], [4096, 2048], [2048]]","[""torch.float16"", ""torch.float16"", ""torch.float16""]","[{""argument"": ""args[0]"", ""shape"": [4096, 2048], ""dtype"": ""torch.float16"", ""device"": ""cuda:0"", ""stride"": [2048, 1]}, {""argument"": ""args[1]"", ""shape"": [4096, 2048], ""dtype"": ""torch.float16"", ""device"": ""cuda:0"", ""stride"": [2048, 1]}, {""argument"": ""args[2]"", ""shape"": [2048], ""dtype"": ""torch.float16"", ""device"": ""cuda:0"", ""stride"": [1]}]",19086,139616,1
cloud,0,9274,prefill,2b19945777114854b82d6cd44b40f27b,optrace:9274:436,aten.linear.default,"[{""request_id"": ""c4f28400bfd54f3bbb86f843f6fb61f5"", ""position"": 0, ""query_len"": 4096}]","[[4096, 2048], [1280, 2048], [1280]]","[""torch.float16"", ""torch.float16"", ""torch.float16""]","[{""argument"": ""args[0]"", ""shape"": [4096, 2048], ""dtype"": ""torch.float16"", ""device"": ""cuda:0"", ""stride"": [2048, 1]}, {""argument"": ""args[1]"", ""shape"": [1280, 2048], ""dtype"": ""torch.float16"", ""device"": ""cuda:0"", ""stride"": [2048, 1]}, {""argument"": ""args[2]"", ""shape"": [1280], ""dtype"": ""torch.float16"", ""device"": ""cuda:0"", ""stride"": [1]}]",74778,331806,1
cloud,0,9274,prefill,2b19945777114854b82d6cd44b40f27b,optrace:9274:437,aten.split_with_sizes.default,"[{""request_id"": ""c4f28400bfd54f3bbb86f843f6fb61f5"", ""position"": 0, ""query_len"": 4096}]","[[4096, 1280]]","[""torch.float16""]","[{""argument"": ""args[0]"", ""shape"": [4096, 1280], ""dtype"": ""torch.float16"", ""device"": ""cuda:0"", ""stride"": [1280, 1]}]",14794,0,0
cloud,0,9274,prefill,2b19945777114854b82d6cd44b40f27b,optrace:9274:438,_C.rotary_embedding.default,"[{""request_id"": ""c4f28400bfd54f3bbb86f843f6fb61f5"", ""position"": 0, ""query_len"": 4096}]","[[4096], [4096, 1024], [4096, 128], [32768, 128]]","[""torch.int64"", ""torch.float16"", ""torch.float16"", ""torch.float16""]","[{""argument"": ""args[0]"", ""shape"": [4096], ""dtype"": ""torch.int64"", ""device"": ""cuda:0"", ""stride"": [1]}, {""argument"": ""args[1]"", ""shape"": [4096, 1024], ""dtype"": ""torch.float16"", ""device"": ""cuda:0"", ""stride"": [1280, 1]}, {""argument"": ""args[2]"", ""shape"": [4096, 128], ""dtype"": ""torch.float16"", ""device"": ""cuda:0"", ""stride"": [1280, 1]}, {""argument"": ""args[4]"", ""shape"": [32768, 128], ""dtype"": ""torch.float16"", ""device"": ""cuda:0"", ""stride"": [128, 1]}]",20891,50400,1
cloud,0,9274,prefill,2b19945777114854b82d6cd44b40f27b,optrace:9274:439,aten.zeros.default,"[{""request_id"": ""c4f28400bfd54f3bbb86f843f6fb61f5"", ""position"": 0, ""query_len"": 4096}]",[],[],[],64795,17920,1
cloud,0,9274,prefill,2b19945777114854b82d6cd44b40f27b,optrace:9274:440,aten.view.default,"[{""request_id"": ""c4f28400bfd54f3bbb86f843f6fb61f5"", ""position"": 0, ""query_len"": 4096}]","[[4096, 1024]]","[""torch.float16""]","[{""argument"": ""args[0]"", ""shape"": [4096, 1024], ""dtype"": ""torch.float16"", ""device"": ""cuda:0"", ""stride"": [1280, 1]}]",9570,0,0
cloud,0,9274,prefill,2b19945777114854b82d6cd44b40f27b,optrace:9274:441,aten.view.default,"[{""request_id"": ""c4f28400bfd54f3bbb86f843f6fb61f5"", ""position"": 0, ""query_len"": 4096}]","[[4096, 1024]]","[""torch.float16""]","[{""argument"": ""args[0]"", ""shape"": [4096, 1024], ""dtype"": ""torch.float16"", ""device"": ""cuda:0"", ""stride"": [1024, 1]}]",4994,0,0
cloud,0,9274,prefill,2b19945777114854b82d6cd44b40f27b,optrace:9274:442,aten.view.default,"[{""request_id"": ""c4f28400bfd54f3bbb86f843f6fb61f5"", ""position"": 0, ""query_len"": 4096}]","[[4096, 128]]","[""torch.float16""]","[{""argument"": ""args[0]"", ""shape"": [4096, 128], ""dtype"": ""torch.float16"", ""device"": ""cuda:0"", ""stride"": [1280, 1]}]",5189,0,0
cloud,0,9274,prefill,2b19945777114854b82d6cd44b40f27b,optrace:9274:443,aten.view.default,"[{""request_id"": ""c4f28400bfd54f3bbb86f843f6fb61f5"", ""position"": 0, ""query_len"": 4096}]","[[4096, 128]]","[""torch.float16""]","[{""argument"": ""args[0]"", ""shape"": [4096, 128], ""dtype"": ""torch.float16"", ""device"": ""cuda:0"", ""stride"": [1280, 1]}]",5030,0,0
cloud,0,9274,prefill,2b19945777114854b82d6cd44b40f27b,optrace:9274:444,vllm.unified_attention_with_output.default,"[{""request_id"": ""c4f28400bfd54f3bbb86f843f6fb61f5"", ""position"": 0, ""query_len"": 4096}]","[[4096, 8, 128], [4096, 1, 128], [4096, 1, 128], [4096, 8, 128]]","[""torch.float16"", ""torch.float16"", ""torch.float16"", ""torch.float16""]","[{""argument"": ""args[0]"", ""shape"": [4096, 8, 128], ""dtype"": ""torch.float16"", ""device"": ""cuda:0"", ""stride"": [1280, 128, 1]}, {""argument"": ""args[1]"", ""shape"": [4096, 1, 128], ""dtype"": ""torch.float16"", ""device"": ""cuda:0"", ""stride"": [1280, 128, 1]}, {""argument"": ""args[2]"", ""shape"": [4096, 1, 128], ""dtype"": ""torch.float16"", ""device"": ""cuda:0"", ""stride"": [1280, 128, 1]}, {""argument"": ""args[3]"", ""shape"": [4096, 8, 128], ""dtype"": ""torch.float16"", ""device"": ""cuda:0"", ""stride"": [1024, 128, 1]}]",176226,557598,2
cloud,0,9274,prefill,2b19945777114854b82d6cd44b40f27b,optrace:9274:445,aten.view.default,"[{""request_id"": ""c4f28400bfd54f3bbb86f843f6fb61f5"", ""position"": 0, ""query_len"": 4096}]","[[4096, 8, 128]]","[""torch.float16""]","[{""argument"": ""args[0]"", ""shape"": [4096, 8, 128], ""dtype"": ""torch.float16"", ""device"": ""cuda:0"", ""stride"": [1024, 128, 1]}]",8745,0,0
cloud,0,9274,prefill,2b19945777114854b82d6cd44b40f27b,optrace:9274:446,aten.linear.default,"[{""request_id"": ""c4f28400bfd54f3bbb86f843f6fb61f5"", ""position"": 0, ""query_len"": 4096}]","[[4096, 1024], [2048, 1024]]","[""torch.float16"", ""torch.float16""]","[{""argument"": ""args[0]"", ""shape"": [4096, 1024], ""dtype"": ""torch.float16"", ""device"": ""cuda:0"", ""stride"": [1024, 1]}, {""argument"": ""args[1]"", ""shape"": [2048, 1024], ""dtype"": ""torch.float16"", ""device"": ""cuda:0"", ""stride"": [1024, 1]}]",54479,233823,1
cloud,0,9274,prefill,2b19945777114854b82d6cd44b40f27b,optrace:9274:447,vllm.all_reduce.default,"[{""request_id"": ""c4f28400bfd54f3bbb86f843f6fb61f5"", ""position"": 0, ""query_len"": 4096}]","[[4096, 2048]]","[""torch.float16""]","[{""argument"": ""args[0]"", ""shape"": [4096, 2048], ""dtype"": ""torch.float16"", ""device"": ""cuda:0"", ""stride"": [2048, 1]}]",88583,0,0
cloud,0,9274,prefill,2b19945777114854b82d6cd44b40f27b,optrace:9274:448,pynccl.all_reduce,"[{""request_id"": ""c4f28400bfd54f3bbb86f843f6fb61f5"", ""position"": 0, ""query_len"": 4096}]","[[4096, 2048]]","[""torch.float16""]","[{""argument"": ""args[0]"", ""shape"": [4096, 2048], ""dtype"": ""torch.float16"", ""device"": ""cuda:0"", ""stride"": [2048, 1]}]",64531,1231450,1
cloud,0,9274,prefill,2b19945777114854b82d6cd44b40f27b,optrace:9274:449,aten.detach.default,"[{""request_id"": ""c4f28400bfd54f3bbb86f843f6fb61f5"", ""position"": 0, ""query_len"": 4096}]",[[2048]],"[""torch.float16""]","[{""argument"": ""args[0]"", ""shape"": [2048], ""dtype"": ""torch.float16"", ""device"": ""cuda:0"", ""stride"": [1]}]",7772,0,0
cloud,0,9274,prefill,2b19945777114854b82d6cd44b40f27b,optrace:9274:450,_C.fused_add_rms_norm.default,"[{""request_id"": ""c4f28400bfd54f3bbb86f843f6fb61f5"", ""position"": 0, ""query_len"": 4096}]","[[4096, 2048], [4096, 2048], [2048]]","[""torch.float16"", ""torch.float16"", ""torch.float16""]","[{""argument"": ""args[0]"", ""shape"": [4096, 2048], ""dtype"": ""torch.float16"", ""device"": ""cuda:0"", ""stride"": [2048, 1]}, {""argument"": ""args[1]"", ""shape"": [4096, 2048], ""dtype"": ""torch.float16"", ""device"": ""cuda:0"", ""stride"": [2048, 1]}, {""argument"": ""args[2]"", ""shape"": [2048], ""dtype"": ""torch.float16"", ""device"": ""cuda:0"", ""stride"": [1]}]",19778,138528,1
cloud,0,9274,prefill,2b19945777114854b82d6cd44b40f27b,optrace:9274:451,aten.linear.default,"[{""request_id"": ""c4f28400bfd54f3bbb86f843f6fb61f5"", ""position"": 0, ""query_len"": 4096}]","[[4096, 2048], [11008, 2048]]","[""torch.float16"", ""torch.float16""]","[{""argument"": ""args[0]"", ""shape"": [4096, 2048], ""dtype"": ""torch.float16"", ""device"": ""cuda:0"", ""stride"": [2048, 1]}, {""argument"": ""args[1]"", ""shape"": [11008, 2048], ""dtype"": ""torch.float16"", ""device"": ""cuda:0"", ""stride"": [2048, 1]}]",76165,2302518,1
cloud,0,9274,prefill,2b19945777114854b82d6cd44b40f27b,optrace:9274:452,aten.empty.memory_format,"[{""request_id"": ""c4f28400bfd54f3bbb86f843f6fb61f5"", ""position"": 0, ""query_len"": 4096}]",[],[],[],22153,0,0
cloud,0,9274,prefill,2b19945777114854b82d6cd44b40f27b,optrace:9274:453,_C.silu_and_mul.default,"[{""request_id"": ""c4f28400bfd54f3bbb86f843f6fb61f5"", ""position"": 0, ""query_len"": 4096}]","[[4096, 5504], [4096, 11008]]","[""torch.float16"", ""torch.float16""]","[{""argument"": ""args[0]"", ""shape"": [4096, 5504], ""dtype"": ""torch.float16"", ""device"": ""cuda:0"", ""stride"": [5504, 1]}, {""argument"": ""args[1]"", ""shape"": [4096, 11008], ""dtype"": ""torch.float16"", ""device"": ""cuda:0"", ""stride"": [11008, 1]}]",16345,302495,1
cloud,0,9274,prefill,2b19945777114854b82d6cd44b40f27b,optrace:9274:454,aten.linear.default,"[{""request_id"": ""c4f28400bfd54f3bbb86f843f6fb61f5"", ""position"": 0, ""query_len"": 4096}]","[[4096, 5504], [2048, 5504]]","[""torch.float16"", ""torch.float16""]","[{""argument"": ""args[0]"", ""shape"": [4096, 5504], ""dtype"": ""torch.float16"", ""device"": ""cuda:0"", ""stride"": [5504, 1]}, {""argument"": ""args[1]"", ""shape"": [2048, 5504], ""dtype"": ""torch.float16"", ""device"": ""cuda:0"", ""stride"": [5504, 1]}]",44782,1092795,1
cloud,0,9274,prefill,2b19945777114854b82d6cd44b40f27b,optrace:9274:455,vllm.all_reduce.default,"[{""request_id"": ""c4f28400bfd54f3bbb86f843f6fb61f5"", ""position"": 0, ""query_len"": 4096}]","[[4096, 2048]]","[""torch.float16""]","[{""argument"": ""args[0]"", ""shape"": [4096, 2048], ""dtype"": ""torch.float16"", ""device"": ""cuda:0"", ""stride"": [2048, 1]}]",90899,0,0
cloud,0,9274,prefill,2b19945777114854b82d6cd44b40f27b,optrace:9274:456,pynccl.all_reduce,"[{""request_id"": ""c4f28400bfd54f3bbb86f843f6fb61f5"", ""position"": 0, ""query_len"": 4096}]","[[4096, 2048]]","[""torch.float16""]","[{""argument"": ""args[0]"", ""shape"": [4096, 2048], ""dtype"": ""torch.float16"", ""device"": ""cuda:0"", ""stride"": [2048, 1]}]",59733,1248635,1
cloud,0,9274,prefill,2b19945777114854b82d6cd44b40f27b,optrace:9274:457,aten.detach.default,"[{""request_id"": ""c4f28400bfd54f3bbb86f843f6fb61f5"", ""position"": 0, ""query_len"": 4096}]",[[2048]],"[""torch.float16""]","[{""argument"": ""args[0]"", ""shape"": [2048], ""dtype"": ""torch.float16"", ""device"": ""cuda:0"", ""stride"": [1]}]",8543,0,0
cloud,0,9274,prefill,2b19945777114854b82d6cd44b40f27b,optrace:9274:458,_C.fused_add_rms_norm.default,"[{""request_id"": ""c4f28400bfd54f3bbb86f843f6fb61f5"", ""position"": 0, ""query_len"": 4096}]","[[4096, 2048], [4096, 2048], [2048]]","[""torch.float16"", ""torch.float16"", ""torch.float16""]","[{""argument"": ""args[0]"", ""shape"": [4096, 2048], ""dtype"": ""torch.float16"", ""device"": ""cuda:0"", ""stride"": [2048, 1]}, {""argument"": ""args[1]"", ""shape"": [4096, 2048], ""dtype"": ""torch.float16"", ""device"": ""cuda:0"", ""stride"": [2048, 1]}, {""argument"": ""args[2]"", ""shape"": [2048], ""dtype"": ""torch.float16"", ""device"": ""cuda:0"", ""stride"": [1]}]",19691,137855,1
cloud,0,9274,prefill,2b19945777114854b82d6cd44b40f27b,optrace:9274:459,aten.linear.default,"[{""request_id"": ""c4f28400bfd54f3bbb86f843f6fb61f5"", ""position"": 0, ""query_len"": 4096}]","[[4096, 2048], [1280, 2048], [1280]]","[""torch.float16"", ""torch.float16"", ""torch.float16""]","[{""argument"": ""args[0]"", ""shape"": [4096, 2048], ""dtype"": ""torch.float16"", ""device"": ""cuda:0"", ""stride"": [2048, 1]}, {""argument"": ""args[1]"", ""shape"": [1280, 2048], ""dtype"": ""torch.float16"", ""device"": ""cuda:0"", ""stride"": [2048, 1]}, {""argument"": ""args[2]"", ""shape"": [1280], ""dtype"": ""torch.float16"", ""device"": ""cuda:0"", ""stride"": [1]}]",63408,331391,1
cloud,0,9274,prefill,2b19945777114854b82d6cd44b40f27b,optrace:9274:460,aten.split_with_sizes.default,"[{""request_id"": ""c4f28400bfd54f3bbb86f843f6fb61f5"", ""position"": 0, ""query_len"": 4096}]","[[4096, 1280]]","[""torch.float16""]","[{""argument"": ""args[0]"", ""shape"": [4096, 1280], ""dtype"": ""torch.float16"", ""device"": ""cuda:0"", ""stride"": [1280, 1]}]",15416,0,0
cloud,0,9274,prefill,2b19945777114854b82d6cd44b40f27b,optrace:9274:461,_C.rotary_embedding.default,"[{""request_id"": ""c4f28400bfd54f3bbb86f843f6fb61f5"", ""position"": 0, ""query_len"": 4096}]","[[4096], [4096, 1024], [4096, 128], [32768, 128]]","[""torch.int64"", ""torch.float16"", ""torch.float16"", ""torch.float16""]","[{""argument"": ""args[0]"", ""shape"": [4096], ""dtype"": ""torch.int64"", ""device"": ""cuda:0"", ""stride"": [1]}, {""argument"": ""args[1]"", ""shape"": [4096, 1024], ""dtype"": ""torch.float16"", ""device"": ""cuda:0"", ""stride"": [1280, 1]}, {""argument"": ""args[2]"", ""shape"": [4096, 128], ""dtype"": ""torch.float16"", ""device"": ""cuda:0"", ""stride"": [1280, 1]}, {""argument"": ""args[4]"", ""shape"": [32768, 128], ""dtype"": ""torch.float16"", ""device"": ""cuda:0"", ""stride"": [128, 1]}]",20018,50624,1
cloud,0,9274,prefill,2b19945777114854b82d6cd44b40f27b,optrace:9274:462,aten.zeros.default,"[{""request_id"": ""c4f28400bfd54f3bbb86f843f6fb61f5"", ""position"": 0, ""query_len"": 4096}]",[],[],[],45745,18239,1
cloud,0,9274,prefill,2b19945777114854b82d6cd44b40f27b,optrace:9274:463,aten.view.default,"[{""request_id"": ""c4f28400bfd54f3bbb86f843f6fb61f5"", ""position"": 0, ""query_len"": 4096}]","[[4096, 1024]]","[""torch.float16""]","[{""argument"": ""args[0]"", ""shape"": [4096, 1024], ""dtype"": ""torch.float16"", ""device"": ""cuda:0"", ""stride"": [1280, 1]}]",9212,0,0
cloud,0,9274,prefill,2b19945777114854b82d6cd44b40f27b,optrace:9274:464,aten.view.default,"[{""request_id"": ""c4f28400bfd54f3bbb86f843f6fb61f5"", ""position"": 0, ""query_len"": 4096}]","[[4096, 1024]]","[""torch.float16""]","[{""argument"": ""args[0]"", ""shape"": [4096, 1024], ""dtype"": ""torch.float16"", ""device"": ""cuda:0"", ""stride"": [1024, 1]}]",5320,0,0
cloud,0,9274,prefill,2b19945777114854b82d6cd44b40f27b,optrace:9274:465,aten.view.default,"[{""request_id"": ""c4f28400bfd54f3bbb86f843f6fb61f5"", ""position"": 0, ""query_len"": 4096}]","[[4096, 128]]","[""torch.float16""]","[{""argument"": ""args[0]"", ""shape"": [4096, 128], ""dtype"": ""torch.float16"", ""device"": ""cuda:0"", ""stride"": [1280, 1]}]",5282,0,0
cloud,0,9274,prefill,2b19945777114854b82d6cd44b40f27b,optrace:9274:466,aten.view.default,"[{""request_id"": ""c4f28400bfd54f3bbb86f843f6fb61f5"", ""position"": 0, ""query_len"": 4096}]","[[4096, 128]]","[""torch.float16""]","[{""argument"": ""args[0]"", ""shape"": [4096, 128], ""dtype"": ""torch.float16"", ""device"": ""cuda:0"", ""stride"": [1280, 1]}]",5296,0,0
cloud,0,9274,prefill,2b19945777114854b82d6cd44b40f27b,optrace:9274:467,vllm.unified_attention_with_output.default,"[{""request_id"": ""c4f28400bfd54f3bbb86f843f6fb61f5"", ""position"": 0, ""query_len"": 4096}]","[[4096, 8, 128], [4096, 1, 128], [4096, 1, 128], [4096, 8, 128]]","[""torch.float16"", ""torch.float16"", ""torch.float16"", ""torch.float16""]","[{""argument"": ""args[0]"", ""shape"": [4096, 8, 128], ""dtype"": ""torch.float16"", ""device"": ""cuda:0"", ""stride"": [1280, 128, 1]}, {""argument"": ""args[1]"", ""shape"": [4096, 1, 128], ""dtype"": ""torch.float16"", ""device"": ""cuda:0"", ""stride"": [1280, 128, 1]}, {""argument"": ""args[2]"", ""shape"": [4096, 1, 128], ""dtype"": ""torch.float16"", ""device"": ""cuda:0"", ""stride"": [1280, 128, 1]}, {""argument"": ""args[3]"", ""shape"": [4096, 8, 128], ""dtype"": ""torch.float16"", ""device"": ""cuda:0"", ""stride"": [1024, 128, 1]}]",191091,579646,2
cloud,0,9274,prefill,2b19945777114854b82d6cd44b40f27b,optrace:9274:468,aten.view.default,"[{""request_id"": ""c4f28400bfd54f3bbb86f843f6fb61f5"", ""position"": 0, ""query_len"": 4096}]","[[4096, 8, 128]]","[""torch.float16""]","[{""argument"": ""args[0]"", ""shape"": [4096, 8, 128], ""dtype"": ""torch.float16"", ""device"": ""cuda:0"", ""stride"": [1024, 128, 1]}]",9203,0,0
cloud,0,9274,prefill,2b19945777114854b82d6cd44b40f27b,optrace:9274:469,aten.linear.default,"[{""request_id"": ""c4f28400bfd54f3bbb86f843f6fb61f5"", ""position"": 0, ""query_len"": 4096}]","[[4096, 1024], [2048, 1024]]","[""torch.float16"", ""torch.float16""]","[{""argument"": ""args[0]"", ""shape"": [4096, 1024], ""dtype"": ""torch.float16"", ""device"": ""cuda:0"", ""stride"": [1024, 1]}, {""argument"": ""args[1]"", ""shape"": [2048, 1024], ""dtype"": ""torch.float16"", ""device"": ""cuda:0"", ""stride"": [1024, 1]}]",54390,233439,1
cloud,0,9274,prefill,2b19945777114854b82d6cd44b40f27b,optrace:9274:470,vllm.all_reduce.default,"[{""request_id"": ""c4f28400bfd54f3bbb86f843f6fb61f5"", ""position"": 0, ""query_len"": 4096}]","[[4096, 2048]]","[""torch.float16""]","[{""argument"": ""args[0]"", ""shape"": [4096, 2048], ""dtype"": ""torch.float16"", ""device"": ""cuda:0"", ""stride"": [2048, 1]}]",96150,0,0
cloud,0,9274,prefill,2b19945777114854b82d6cd44b40f27b,optrace:9274:471,pynccl.all_reduce,"[{""request_id"": ""c4f28400bfd54f3bbb86f843f6fb61f5"", ""position"": 0, ""query_len"": 4096}]","[[4096, 2048]]","[""torch.float16""]","[{""argument"": ""args[0]"", ""shape"": [4096, 2048], ""dtype"": ""torch.float16"", ""device"": ""cuda:0"", ""stride"": [2048, 1]}]",61958,1252443,1
cloud,0,9274,prefill,2b19945777114854b82d6cd44b40f27b,optrace:9274:472,aten.detach.default,"[{""request_id"": ""c4f28400bfd54f3bbb86f843f6fb61f5"", ""position"": 0, ""query_len"": 4096}]",[[2048]],"[""torch.float16""]","[{""argument"": ""args[0]"", ""shape"": [2048], ""dtype"": ""torch.float16"", ""device"": ""cuda:0"", ""stride"": [1]}]",7513,0,0
cloud,0,9274,prefill,2b19945777114854b82d6cd44b40f27b,optrace:9274:473,_C.fused_add_rms_norm.default,"[{""request_id"": ""c4f28400bfd54f3bbb86f843f6fb61f5"", ""position"": 0, ""query_len"": 4096}]","[[4096, 2048], [4096, 2048], [2048]]","[""torch.float16"", ""torch.float16"", ""torch.float16""]","[{""argument"": ""args[0]"", ""shape"": [4096, 2048], ""dtype"": ""torch.float16"", ""device"": ""cuda:0"", ""stride"": [2048, 1]}, {""argument"": ""args[1]"", ""shape"": [4096, 2048], ""dtype"": ""torch.float16"", ""device"": ""cuda:0"", ""stride"": [2048, 1]}, {""argument"": ""args[2]"", ""shape"": [2048], ""dtype"": ""torch.float16"", ""device"": ""cuda:0"", ""stride"": [1]}]",19244,139071,1
cloud,0,9274,prefill,2b19945777114854b82d6cd44b40f27b,optrace:9274:474,aten.linear.default,"[{""request_id"": ""c4f28400bfd54f3bbb86f843f6fb61f5"", ""position"": 0, ""query_len"": 4096}]","[[4096, 2048], [11008, 2048]]","[""torch.float16"", ""torch.float16""]","[{""argument"": ""args[0]"", ""shape"": [4096, 2048], ""dtype"": ""torch.float16"", ""device"": ""cuda:0"", ""stride"": [2048, 1]}, {""argument"": ""args[1]"", ""shape"": [11008, 2048], ""dtype"": ""torch.float16"", ""device"": ""cuda:0"", ""stride"": [2048, 1]}]",62177,2302486,1
cloud,0,9274,prefill,2b19945777114854b82d6cd44b40f27b,optrace:9274:475,aten.empty.memory_format,"[{""request_id"": ""c4f28400bfd54f3bbb86f843f6fb61f5"", ""position"": 0, ""query_len"": 4096}]",[],[],[],21114,0,0
cloud,0,9274,prefill,2b19945777114854b82d6cd44b40f27b,optrace:9274:476,_C.silu_and_mul.default,"[{""request_id"": ""c4f28400bfd54f3bbb86f843f6fb61f5"", ""position"": 0, ""query_len"": 4096}]","[[4096, 5504], [4096, 11008]]","[""torch.float16"", ""torch.float16""]","[{""argument"": ""args[0]"", ""shape"": [4096, 5504], ""dtype"": ""torch.float16"", ""device"": ""cuda:0"", ""stride"": [5504, 1]}, {""argument"": ""args[1]"", ""shape"": [4096, 11008], ""dtype"": ""torch.float16"", ""device"": ""cuda:0"", ""stride"": [11008, 1]}]",16971,303487,1
cloud,0,9274,prefill,2b19945777114854b82d6cd44b40f27b,optrace:9274:477,aten.linear.default,"[{""request_id"": ""c4f28400bfd54f3bbb86f843f6fb61f5"", ""position"": 0, ""query_len"": 4096}]","[[4096, 5504], [2048, 5504]]","[""torch.float16"", ""torch.float16""]","[{""argument"": ""args[0]"", ""shape"": [4096, 5504], ""dtype"": ""torch.float16"", ""device"": ""cuda:0"", ""stride"": [5504, 1]}, {""argument"": ""args[1]"", ""shape"": [2048, 5504], ""dtype"": ""torch.float16"", ""device"": ""cuda:0"", ""stride"": [5504, 1]}]",43743,1092219,1
cloud,0,9274,prefill,2b19945777114854b82d6cd44b40f27b,optrace:9274:478,vllm.all_reduce.default,"[{""request_id"": ""c4f28400bfd54f3bbb86f843f6fb61f5"", ""position"": 0, ""query_len"": 4096}]","[[4096, 2048]]","[""torch.float16""]","[{""argument"": ""args[0]"", ""shape"": [4096, 2048], ""dtype"": ""torch.float16"", ""device"": ""cuda:0"", ""stride"": [2048, 1]}]",122068,0,0
cloud,0,9274,prefill,2b19945777114854b82d6cd44b40f27b,optrace:9274:479,pynccl.all_reduce,"[{""request_id"": ""c4f28400bfd54f3bbb86f843f6fb61f5"", ""position"": 0, ""query_len"": 4096}]","[[4096, 2048]]","[""torch.float16""]","[{""argument"": ""args[0]"", ""shape"": [4096, 2048], ""dtype"": ""torch.float16"", ""device"": ""cuda:0"", ""stride"": [2048, 1]}]",60443,1264187,1
cloud,0,9274,prefill,2b19945777114854b82d6cd44b40f27b,optrace:9274:480,aten.detach.default,"[{""request_id"": ""c4f28400bfd54f3bbb86f843f6fb61f5"", ""position"": 0, ""query_len"": 4096}]",[[2048]],"[""torch.float16""]","[{""argument"": ""args[0]"", ""shape"": [2048], ""dtype"": ""torch.float16"", ""device"": ""cuda:0"", ""stride"": [1]}]",8375,0,0
cloud,0,9274,prefill,2b19945777114854b82d6cd44b40f27b,optrace:9274:481,_C.fused_add_rms_norm.default,"[{""request_id"": ""c4f28400bfd54f3bbb86f843f6fb61f5"", ""position"": 0, ""query_len"": 4096}]","[[4096, 2048], [4096, 2048], [2048]]","[""torch.float16"", ""torch.float16"", ""torch.float16""]","[{""argument"": ""args[0]"", ""shape"": [4096, 2048], ""dtype"": ""torch.float16"", ""device"": ""cuda:0"", ""stride"": [2048, 1]}, {""argument"": ""args[1]"", ""shape"": [4096, 2048], ""dtype"": ""torch.float16"", ""device"": ""cuda:0"", ""stride"": [2048, 1]}, {""argument"": ""args[2]"", ""shape"": [2048], ""dtype"": ""torch.float16"", ""device"": ""cuda:0"", ""stride"": [1]}]",19803,139391,1
cloud,0,9274,prefill,2b19945777114854b82d6cd44b40f27b,optrace:9274:482,aten.linear.default,"[{""request_id"": ""c4f28400bfd54f3bbb86f843f6fb61f5"", ""position"": 0, ""query_len"": 4096}]","[[4096, 2048], [1280, 2048], [1280]]","[""torch.float16"", ""torch.float16"", ""torch.float16""]","[{""argument"": ""args[0]"", ""shape"": [4096, 2048], ""dtype"": ""torch.float16"", ""device"": ""cuda:0"", ""stride"": [2048, 1]}, {""argument"": ""args[1]"", ""shape"": [1280, 2048], ""dtype"": ""torch.float16"", ""device"": ""cuda:0"", ""stride"": [2048, 1]}, {""argument"": ""args[2]"", ""shape"": [1280], ""dtype"": ""torch.float16"", ""device"": ""cuda:0"", ""stride"": [1]}]",67179,331583,1
cloud,0,9274,prefill,2b19945777114854b82d6cd44b40f27b,optrace:9274:483,aten.split_with_sizes.default,"[{""request_id"": ""c4f28400bfd54f3bbb86f843f6fb61f5"", ""position"": 0, ""query_len"": 4096}]","[[4096, 1280]]","[""torch.float16""]","[{""argument"": ""args[0]"", ""shape"": [4096, 1280], ""dtype"": ""torch.float16"", ""device"": ""cuda:0"", ""stride"": [1280, 1]}]",14379,0,0
cloud,0,9274,prefill,2b19945777114854b82d6cd44b40f27b,optrace:9274:484,_C.rotary_embedding.default,"[{""request_id"": ""c4f28400bfd54f3bbb86f843f6fb61f5"", ""position"": 0, ""query_len"": 4096}]","[[4096], [4096, 1024], [4096, 128], [32768, 128]]","[""torch.int64"", ""torch.float16"", ""torch.float16"", ""torch.float16""]","[{""argument"": ""args[0]"", ""shape"": [4096], ""dtype"": ""torch.int64"", ""device"": ""cuda:0"", ""stride"": [1]}, {""argument"": ""args[1]"", ""shape"": [4096, 1024], ""dtype"": ""torch.float16"", ""device"": ""cuda:0"", ""stride"": [1280, 1]}, {""argument"": ""args[2]"", ""shape"": [4096, 128], ""dtype"": ""torch.float16"", ""device"": ""cuda:0"", ""stride"": [1280, 1]}, {""argument"": ""args[4]"", ""shape"": [32768, 128], ""dtype"": ""torch.float16"", ""device"": ""cuda:0"", ""stride"": [128, 1]}]",20424,50880,1
cloud,0,9274,prefill,2b19945777114854b82d6cd44b40f27b,optrace:9274:485,aten.zeros.default,"[{""request_id"": ""c4f28400bfd54f3bbb86f843f6fb61f5"", ""position"": 0, ""query_len"": 4096}]",[],[],[],51182,18080,1
cloud,0,9274,prefill,2b19945777114854b82d6cd44b40f27b,optrace:9274:486,aten.view.default,"[{""request_id"": ""c4f28400bfd54f3bbb86f843f6fb61f5"", ""position"": 0, ""query_len"": 4096}]","[[4096, 1024]]","[""torch.float16""]","[{""argument"": ""args[0]"", ""shape"": [4096, 1024], ""dtype"": ""torch.float16"", ""device"": ""cuda:0"", ""stride"": [1280, 1]}]",8891,0,0
cloud,0,9274,prefill,2b19945777114854b82d6cd44b40f27b,optrace:9274:487,aten.view.default,"[{""request_id"": ""c4f28400bfd54f3bbb86f843f6fb61f5"", ""position"": 0, ""query_len"": 4096}]","[[4096, 1024]]","[""torch.float16""]","[{""argument"": ""args[0]"", ""shape"": [4096, 1024], ""dtype"": ""torch.float16"", ""device"": ""cuda:0"", ""stride"": [1024, 1]}]",5442,0,0
cloud,0,9274,prefill,2b19945777114854b82d6cd44b40f27b,optrace:9274:488,aten.view.default,"[{""request_id"": ""c4f28400bfd54f3bbb86f843f6fb61f5"", ""position"": 0, ""query_len"": 4096}]","[[4096, 128]]","[""torch.float16""]","[{""argument"": ""args[0]"", ""shape"": [4096, 128], ""dtype"": ""torch.float16"", ""device"": ""cuda:0"", ""stride"": [1280, 1]}]",5604,0,0
cloud,0,9274,prefill,2b19945777114854b82d6cd44b40f27b,optrace:9274:489,aten.view.default,"[{""request_id"": ""c4f28400bfd54f3bbb86f843f6fb61f5"", ""position"": 0, ""query_len"": 4096}]","[[4096, 128]]","[""torch.float16""]","[{""argument"": ""args[0]"", ""shape"": [4096, 128], ""dtype"": ""torch.float16"", ""device"": ""cuda:0"", ""stride"": [1280, 1]}]",5803,0,0
cloud,0,9274,prefill,2b19945777114854b82d6cd44b40f27b,optrace:9274:490,vllm.unified_attention_with_output.default,"[{""request_id"": ""c4f28400bfd54f3bbb86f843f6fb61f5"", ""position"": 0, ""query_len"": 4096}]","[[4096, 8, 128], [4096, 1, 128], [4096, 1, 128], [4096, 8, 128]]","[""torch.float16"", ""torch.float16"", ""torch.float16"", ""torch.float16""]","[{""argument"": ""args[0]"", ""shape"": [4096, 8, 128], ""dtype"": ""torch.float16"", ""device"": ""cuda:0"", ""stride"": [1280, 128, 1]}, {""argument"": ""args[1]"", ""shape"": [4096, 1, 128], ""dtype"": ""torch.float16"", ""device"": ""cuda:0"", ""stride"": [1280, 128, 1]}, {""argument"": ""args[2]"", ""shape"": [4096, 1, 128], ""dtype"": ""torch.float16"", ""device"": ""cuda:0"", ""stride"": [1280, 128, 1]}, {""argument"": ""args[3]"", ""shape"": [4096, 8, 128], ""dtype"": ""torch.float16"", ""device"": ""cuda:0"", ""stride"": [1024, 128, 1]}]",167434,554845,2
cloud,0,9274,prefill,2b19945777114854b82d6cd44b40f27b,optrace:9274:491,aten.view.default,"[{""request_id"": ""c4f28400bfd54f3bbb86f843f6fb61f5"", ""position"": 0, ""query_len"": 4096}]","[[4096, 8, 128]]","[""torch.float16""]","[{""argument"": ""args[0]"", ""shape"": [4096, 8, 128], ""dtype"": ""torch.float16"", ""device"": ""cuda:0"", ""stride"": [1024, 128, 1]}]",8794,0,0
cloud,0,9274,prefill,2b19945777114854b82d6cd44b40f27b,optrace:9274:492,aten.linear.default,"[{""request_id"": ""c4f28400bfd54f3bbb86f843f6fb61f5"", ""position"": 0, ""query_len"": 4096}]","[[4096, 1024], [2048, 1024]]","[""torch.float16"", ""torch.float16""]","[{""argument"": ""args[0]"", ""shape"": [4096, 1024], ""dtype"": ""torch.float16"", ""device"": ""cuda:0"", ""stride"": [1024, 1]}, {""argument"": ""args[1]"", ""shape"": [2048, 1024], ""dtype"": ""torch.float16"", ""device"": ""cuda:0"", ""stride"": [1024, 1]}]",51452,232735,1
cloud,0,9274,prefill,2b19945777114854b82d6cd44b40f27b,optrace:9274:493,vllm.all_reduce.default,"[{""request_id"": ""c4f28400bfd54f3bbb86f843f6fb61f5"", ""position"": 0, ""query_len"": 4096}]","[[4096, 2048]]","[""torch.float16""]","[{""argument"": ""args[0]"", ""shape"": [4096, 2048], ""dtype"": ""torch.float16"", ""device"": ""cuda:0"", ""stride"": [2048, 1]}]",83850,0,0
cloud,0,9274,prefill,2b19945777114854b82d6cd44b40f27b,optrace:9274:494,pynccl.all_reduce,"[{""request_id"": ""c4f28400bfd54f3bbb86f843f6fb61f5"", ""position"": 0, ""query_len"": 4096}]","[[4096, 2048]]","[""torch.float16""]","[{""argument"": ""args[0]"", ""shape"": [4096, 2048], ""dtype"": ""torch.float16"", ""device"": ""cuda:0"", ""stride"": [2048, 1]}]",60336,1228539,1
cloud,0,9274,prefill,2b19945777114854b82d6cd44b40f27b,optrace:9274:495,aten.detach.default,"[{""request_id"": ""c4f28400bfd54f3bbb86f843f6fb61f5"", ""position"": 0, ""query_len"": 4096}]",[[2048]],"[""torch.float16""]","[{""argument"": ""args[0]"", ""shape"": [2048], ""dtype"": ""torch.float16"", ""device"": ""cuda:0"", ""stride"": [1]}]",7532,0,0
cloud,0,9274,prefill,2b19945777114854b82d6cd44b40f27b,optrace:9274:496,_C.fused_add_rms_norm.default,"[{""request_id"": ""c4f28400bfd54f3bbb86f843f6fb61f5"", ""position"": 0, ""query_len"": 4096}]","[[4096, 2048], [4096, 2048], [2048]]","[""torch.float16"", ""torch.float16"", ""torch.float16""]","[{""argument"": ""args[0]"", ""shape"": [4096, 2048], ""dtype"": ""torch.float16"", ""device"": ""cuda:0"", ""stride"": [2048, 1]}, {""argument"": ""args[1]"", ""shape"": [4096, 2048], ""dtype"": ""torch.float16"", ""device"": ""cuda:0"", ""stride"": [2048, 1]}, {""argument"": ""args[2]"", ""shape"": [2048], ""dtype"": ""torch.float16"", ""device"": ""cuda:0"", ""stride"": [1]}]",19697,138751,1
cloud,0,9274,prefill,2b19945777114854b82d6cd44b40f27b,optrace:9274:497,aten.linear.default,"[{""request_id"": ""c4f28400bfd54f3bbb86f843f6fb61f5"", ""position"": 0, ""query_len"": 4096}]","[[4096, 2048], [11008, 2048]]","[""torch.float16"", ""torch.float16""]","[{""argument"": ""args[0]"", ""shape"": [4096, 2048], ""dtype"": ""torch.float16"", ""device"": ""cuda:0"", ""stride"": [2048, 1]}, {""argument"": ""args[1]"", ""shape"": [11008, 2048], ""dtype"": ""torch.float16"", ""device"": ""cuda:0"", ""stride"": [2048, 1]}]",74708,2286359,1
cloud,0,9274,prefill,2b19945777114854b82d6cd44b40f27b,optrace:9274:498,aten.empty.memory_format,"[{""request_id"": ""c4f28400bfd54f3bbb86f843f6fb61f5"", ""position"": 0, ""query_len"": 4096}]",[],[],[],22222,0,0
cloud,0,9274,prefill,2b19945777114854b82d6cd44b40f27b,optrace:9274:499,_C.silu_and_mul.default,"[{""request_id"": ""c4f28400bfd54f3bbb86f843f6fb61f5"", ""position"": 0, ""query_len"": 4096}]","[[4096, 5504], [4096, 11008]]","[""torch.float16"", ""torch.float16""]","[{""argument"": ""args[0]"", ""shape"": [4096, 5504], ""dtype"": ""torch.float16"", ""device"": ""cuda:0"", ""stride"": [5504, 1]}, {""argument"": ""args[1]"", ""shape"": [4096, 11008], ""dtype"": ""torch.float16"", ""device"": ""cuda:0"", ""stride"": [11008, 1]}]",17515,301790,1
cloud,0,9274,prefill,2b19945777114854b82d6cd44b40f27b,optrace:9274:500,aten.linear.default,"[{""request_id"": ""c4f28400bfd54f3bbb86f843f6fb61f5"", ""position"": 0, ""query_len"": 4096}]","[[4096, 5504], [2048, 5504]]","[""torch.float16"", ""torch.float16""]","[{""argument"": ""args[0]"", ""shape"": [4096, 5504], ""dtype"": ""torch.float16"", ""device"": ""cuda:0"", ""stride"": [5504, 1]}, {""argument"": ""args[1]"", ""shape"": [2048, 5504], ""dtype"": ""torch.float16"", ""device"": ""cuda:0"", ""stride"": [5504, 1]}]",45619,1070780,1
cloud,0,9274,prefill,2b19945777114854b82d6cd44b40f27b,optrace:9274:501,vllm.all_reduce.default,"[{""request_id"": ""c4f28400bfd54f3bbb86f843f6fb61f5"", ""position"": 0, ""query_len"": 4096}]","[[4096, 2048]]","[""torch.float16""]","[{""argument"": ""args[0]"", ""shape"": [4096, 2048], ""dtype"": ""torch.float16"", ""device"": ""cuda:0"", ""stride"": [2048, 1]}]",89753,0,0
cloud,0,9274,prefill,2b19945777114854b82d6cd44b40f27b,optrace:9274:502,pynccl.all_reduce,"[{""request_id"": ""c4f28400bfd54f3bbb86f843f6fb61f5"", ""position"": 0, ""query_len"": 4096}]","[[4096, 2048]]","[""torch.float16""]","[{""argument"": ""args[0]"", ""shape"": [4096, 2048], ""dtype"": ""torch.float16"", ""device"": ""cuda:0"", ""stride"": [2048, 1]}]",70977,1302842,1
cloud,0,9274,prefill,2b19945777114854b82d6cd44b40f27b,optrace:9274:503,aten.detach.default,"[{""request_id"": ""c4f28400bfd54f3bbb86f843f6fb61f5"", ""position"": 0, ""query_len"": 4096}]",[[2048]],"[""torch.float16""]","[{""argument"": ""args[0]"", ""shape"": [2048], ""dtype"": ""torch.float16"", ""device"": ""cuda:0"", ""stride"": [1]}]",7978,0,0
cloud,0,9274,prefill,2b19945777114854b82d6cd44b40f27b,optrace:9274:504,_C.fused_add_rms_norm.default,"[{""request_id"": ""c4f28400bfd54f3bbb86f843f6fb61f5"", ""position"": 0, ""query_len"": 4096}]","[[4096, 2048], [4096, 2048], [2048]]","[""torch.float16"", ""torch.float16"", ""torch.float16""]","[{""argument"": ""args[0]"", ""shape"": [4096, 2048], ""dtype"": ""torch.float16"", ""device"": ""cuda:0"", ""stride"": [2048, 1]}, {""argument"": ""args[1]"", ""shape"": [4096, 2048], ""dtype"": ""torch.float16"", ""device"": ""cuda:0"", ""stride"": [2048, 1]}, {""argument"": ""args[2]"", ""shape"": [2048], ""dtype"": ""torch.float16"", ""device"": ""cuda:0"", ""stride"": [1]}]",19020,139680,1
cloud,0,9274,prefill,2b19945777114854b82d6cd44b40f27b,optrace:9274:505,aten.linear.default,"[{""request_id"": ""c4f28400bfd54f3bbb86f843f6fb61f5"", ""position"": 0, ""query_len"": 4096}]","[[4096, 2048], [1280, 2048], [1280]]","[""torch.float16"", ""torch.float16"", ""torch.float16""]","[{""argument"": ""args[0]"", ""shape"": [4096, 2048], ""dtype"": ""torch.float16"", ""device"": ""cuda:0"", ""stride"": [2048, 1]}, {""argument"": ""args[1]"", ""shape"": [1280, 2048], ""dtype"": ""torch.float16"", ""device"": ""cuda:0"", ""stride"": [2048, 1]}, {""argument"": ""args[2]"", ""shape"": [1280], ""dtype"": ""torch.float16"", ""device"": ""cuda:0"", ""stride"": [1]}]",60675,327422,1
cloud,0,9274,prefill,2b19945777114854b82d6cd44b40f27b,optrace:9274:506,aten.split_with_sizes.default,"[{""request_id"": ""c4f28400bfd54f3bbb86f843f6fb61f5"", ""position"": 0, ""query_len"": 4096}]","[[4096, 1280]]","[""torch.float16""]","[{""argument"": ""args[0]"", ""shape"": [4096, 1280], ""dtype"": ""torch.float16"", ""device"": ""cuda:0"", ""stride"": [1280, 1]}]",14230,0,0
cloud,0,9274,prefill,2b19945777114854b82d6cd44b40f27b,optrace:9274:507,_C.rotary_embedding.default,"[{""request_id"": ""c4f28400bfd54f3bbb86f843f6fb61f5"", ""position"": 0, ""query_len"": 4096}]","[[4096], [4096, 1024], [4096, 128], [32768, 128]]","[""torch.int64"", ""torch.float16"", ""torch.float16"", ""torch.float16""]","[{""argument"": ""args[0]"", ""shape"": [4096], ""dtype"": ""torch.int64"", ""device"": ""cuda:0"", ""stride"": [1]}, {""argument"": ""args[1]"", ""shape"": [4096, 1024], ""dtype"": ""torch.float16"", ""device"": ""cuda:0"", ""stride"": [1280, 1]}, {""argument"": ""args[2]"", ""shape"": [4096, 128], ""dtype"": ""torch.float16"", ""device"": ""cuda:0"", ""stride"": [1280, 1]}, {""argument"": ""args[4]"", ""shape"": [32768, 128], ""dtype"": ""torch.float16"", ""device"": ""cuda:0"", ""stride"": [128, 1]}]",22115,50208,1
cloud,0,9274,prefill,2b19945777114854b82d6cd44b40f27b,optrace:9274:508,aten.zeros.default,"[{""request_id"": ""c4f28400bfd54f3bbb86f843f6fb61f5"", ""position"": 0, ""query_len"": 4096}]",[],[],[],38801,17824,1
cloud,0,9274,prefill,2b19945777114854b82d6cd44b40f27b,optrace:9274:509,aten.view.default,"[{""request_id"": ""c4f28400bfd54f3bbb86f843f6fb61f5"", ""position"": 0, ""query_len"": 4096}]","[[4096, 1024]]","[""torch.float16""]","[{""argument"": ""args[0]"", ""shape"": [4096, 1024], ""dtype"": ""torch.float16"", ""device"": ""cuda:0"", ""stride"": [1280, 1]}]",8643,0,0
cloud,0,9274,prefill,2b19945777114854b82d6cd44b40f27b,optrace:9274:510,aten.view.default,"[{""request_id"": ""c4f28400bfd54f3bbb86f843f6fb61f5"", ""position"": 0, ""query_len"": 4096}]","[[4096, 1024]]","[""torch.float16""]","[{""argument"": ""args[0]"", ""shape"": [4096, 1024], ""dtype"": ""torch.float16"", ""device"": ""cuda:0"", ""stride"": [1024, 1]}]",4989,0,0
cloud,0,9274,prefill,2b19945777114854b82d6cd44b40f27b,optrace:9274:511,aten.view.default,"[{""request_id"": ""c4f28400bfd54f3bbb86f843f6fb61f5"", ""position"": 0, ""query_len"": 4096}]","[[4096, 128]]","[""torch.float16""]","[{""argument"": ""args[0]"", ""shape"": [4096, 128], ""dtype"": ""torch.float16"", ""device"": ""cuda:0"", ""stride"": [1280, 1]}]",5039,0,0
cloud,0,9274,prefill,2b19945777114854b82d6cd44b40f27b,optrace:9274:512,aten.view.default,"[{""request_id"": ""c4f28400bfd54f3bbb86f843f6fb61f5"", ""position"": 0, ""query_len"": 4096}]","[[4096, 128]]","[""torch.float16""]","[{""argument"": ""args[0]"", ""shape"": [4096, 128], ""dtype"": ""torch.float16"", ""device"": ""cuda:0"", ""stride"": [1280, 1]}]",5248,0,0
cloud,0,9274,prefill,2b19945777114854b82d6cd44b40f27b,optrace:9274:513,vllm.unified_attention_with_output.default,"[{""request_id"": ""c4f28400bfd54f3bbb86f843f6fb61f5"", ""position"": 0, ""query_len"": 4096}]","[[4096, 8, 128], [4096, 1, 128], [4096, 1, 128], [4096, 8, 128]]","[""torch.float16"", ""torch.float16"", ""torch.float16"", ""torch.float16""]","[{""argument"": ""args[0]"", ""shape"": [4096, 8, 128], ""dtype"": ""torch.float16"", ""device"": ""cuda:0"", ""stride"": [1280, 128, 1]}, {""argument"": ""args[1]"", ""shape"": [4096, 1, 128], ""dtype"": ""torch.float16"", ""device"": ""cuda:0"", ""stride"": [1280, 128, 1]}, {""argument"": ""args[2]"", ""shape"": [4096, 1, 128], ""dtype"": ""torch.float16"", ""device"": ""cuda:0"", ""stride"": [1280, 128, 1]}, {""argument"": ""args[3]"", ""shape"": [4096, 8, 128], ""dtype"": ""torch.float16"", ""device"": ""cuda:0"", ""stride"": [1024, 128, 1]}]",184665,552862,2
cloud,0,9274,prefill,2b19945777114854b82d6cd44b40f27b,optrace:9274:514,aten.view.default,"[{""request_id"": ""c4f28400bfd54f3bbb86f843f6fb61f5"", ""position"": 0, ""query_len"": 4096}]","[[4096, 8, 128]]","[""torch.float16""]","[{""argument"": ""args[0]"", ""shape"": [4096, 8, 128], ""dtype"": ""torch.float16"", ""device"": ""cuda:0"", ""stride"": [1024, 128, 1]}]",9473,0,0
cloud,0,9274,prefill,2b19945777114854b82d6cd44b40f27b,optrace:9274:515,aten.linear.default,"[{""request_id"": ""c4f28400bfd54f3bbb86f843f6fb61f5"", ""position"": 0, ""query_len"": 4096}]","[[4096, 1024], [2048, 1024]]","[""torch.float16"", ""torch.float16""]","[{""argument"": ""args[0]"", ""shape"": [4096, 1024], ""dtype"": ""torch.float16"", ""device"": ""cuda:0"", ""stride"": [1024, 1]}, {""argument"": ""args[1]"", ""shape"": [2048, 1024], ""dtype"": ""torch.float16"", ""device"": ""cuda:0"", ""stride"": [1024, 1]}]",53563,229951,1
cloud,0,9274,prefill,2b19945777114854b82d6cd44b40f27b,optrace:9274:516,vllm.all_reduce.default,"[{""request_id"": ""c4f28400bfd54f3bbb86f843f6fb61f5"", ""position"": 0, ""query_len"": 4096}]","[[4096, 2048]]","[""torch.float16""]","[{""argument"": ""args[0]"", ""shape"": [4096, 2048], ""dtype"": ""torch.float16"", ""device"": ""cuda:0"", ""stride"": [2048, 1]}]",94499,0,0
cloud,0,9274,prefill,2b19945777114854b82d6cd44b40f27b,optrace:9274:517,pynccl.all_reduce,"[{""request_id"": ""c4f28400bfd54f3bbb86f843f6fb61f5"", ""position"": 0, ""query_len"": 4096}]","[[4096, 2048]]","[""torch.float16""]","[{""argument"": ""args[0]"", ""shape"": [4096, 2048], ""dtype"": ""torch.float16"", ""device"": ""cuda:0"", ""stride"": [2048, 1]}]",75892,1268442,1
cloud,0,9274,prefill,2b19945777114854b82d6cd44b40f27b,optrace:9274:518,aten.detach.default,"[{""request_id"": ""c4f28400bfd54f3bbb86f843f6fb61f5"", ""position"": 0, ""query_len"": 4096}]",[[2048]],"[""torch.float16""]","[{""argument"": ""args[0]"", ""shape"": [2048], ""dtype"": ""torch.float16"", ""device"": ""cuda:0"", ""stride"": [1]}]",7798,0,0
cloud,0,9274,prefill,2b19945777114854b82d6cd44b40f27b,optrace:9274:519,_C.fused_add_rms_norm.default,"[{""request_id"": ""c4f28400bfd54f3bbb86f843f6fb61f5"", ""position"": 0, ""query_len"": 4096}]","[[4096, 2048], [4096, 2048], [2048]]","[""torch.float16"", ""torch.float16"", ""torch.float16""]","[{""argument"": ""args[0]"", ""shape"": [4096, 2048], ""dtype"": ""torch.float16"", ""device"": ""cuda:0"", ""stride"": [2048, 1]}, {""argument"": ""args[1]"", ""shape"": [4096, 2048], ""dtype"": ""torch.float16"", ""device"": ""cuda:0"", ""stride"": [2048, 1]}, {""argument"": ""args[2]"", ""shape"": [2048], ""dtype"": ""torch.float16"", ""device"": ""cuda:0"", ""stride"": [1]}]",20002,139104,1
cloud,0,9274,prefill,2b19945777114854b82d6cd44b40f27b,optrace:9274:520,aten.linear.default,"[{""request_id"": ""c4f28400bfd54f3bbb86f843f6fb61f5"", ""position"": 0, ""query_len"": 4096}]","[[4096, 2048], [11008, 2048]]","[""torch.float16"", ""torch.float16""]","[{""argument"": ""args[0]"", ""shape"": [4096, 2048], ""dtype"": ""torch.float16"", ""device"": ""cuda:0"", ""stride"": [2048, 1]}, {""argument"": ""args[1]"", ""shape"": [11008, 2048], ""dtype"": ""torch.float16"", ""device"": ""cuda:0"", ""stride"": [2048, 1]}]",62786,2267254,1
cloud,0,9274,prefill,2b19945777114854b82d6cd44b40f27b,optrace:9274:521,aten.empty.memory_format,"[{""request_id"": ""c4f28400bfd54f3bbb86f843f6fb61f5"", ""position"": 0, ""query_len"": 4096}]",[],[],[],25809,0,0
cloud,0,9274,prefill,2b19945777114854b82d6cd44b40f27b,optrace:9274:522,_C.silu_and_mul.default,"[{""request_id"": ""c4f28400bfd54f3bbb86f843f6fb61f5"", ""position"": 0, ""query_len"": 4096}]","[[4096, 5504], [4096, 11008]]","[""torch.float16"", ""torch.float16""]","[{""argument"": ""args[0]"", ""shape"": [4096, 5504], ""dtype"": ""torch.float16"", ""device"": ""cuda:0"", ""stride"": [5504, 1]}, {""argument"": ""args[1]"", ""shape"": [4096, 11008], ""dtype"": ""torch.float16"", ""device"": ""cuda:0"", ""stride"": [11008, 1]}]",17151,301215,1
cloud,0,9274,prefill,2b19945777114854b82d6cd44b40f27b,optrace:9274:523,aten.linear.default,"[{""request_id"": ""c4f28400bfd54f3bbb86f843f6fb61f5"", ""position"": 0, ""query_len"": 4096}]","[[4096, 5504], [2048, 5504]]","[""torch.float16"", ""torch.float16""]","[{""argument"": ""args[0]"", ""shape"": [4096, 5504], ""dtype"": ""torch.float16"", ""device"": ""cuda:0"", ""stride"": [5504, 1]}, {""argument"": ""args[1]"", ""shape"": [2048, 5504], ""dtype"": ""torch.float16"", ""device"": ""cuda:0"", ""stride"": [5504, 1]}]",46086,1071003,1
cloud,0,9274,prefill,2b19945777114854b82d6cd44b40f27b,optrace:9274:524,vllm.all_reduce.default,"[{""request_id"": ""c4f28400bfd54f3bbb86f843f6fb61f5"", ""position"": 0, ""query_len"": 4096}]","[[4096, 2048]]","[""torch.float16""]","[{""argument"": ""args[0]"", ""shape"": [4096, 2048], ""dtype"": ""torch.float16"", ""device"": ""cuda:0"", ""stride"": [2048, 1]}]",75554,0,0
cloud,0,9274,prefill,2b19945777114854b82d6cd44b40f27b,optrace:9274:525,pynccl.all_reduce,"[{""request_id"": ""c4f28400bfd54f3bbb86f843f6fb61f5"", ""position"": 0, ""query_len"": 4096}]","[[4096, 2048]]","[""torch.float16""]","[{""argument"": ""args[0]"", ""shape"": [4096, 2048], ""dtype"": ""torch.float16"", ""device"": ""cuda:0"", ""stride"": [2048, 1]}]",57734,1230395,1
cloud,0,9274,prefill,2b19945777114854b82d6cd44b40f27b,optrace:9274:526,aten.detach.default,"[{""request_id"": ""c4f28400bfd54f3bbb86f843f6fb61f5"", ""position"": 0, ""query_len"": 4096}]",[[2048]],"[""torch.float16""]","[{""argument"": ""args[0]"", ""shape"": [2048], ""dtype"": ""torch.float16"", ""device"": ""cuda:0"", ""stride"": [1]}]",7296,0,0
cloud,0,9274,prefill,2b19945777114854b82d6cd44b40f27b,optrace:9274:527,_C.fused_add_rms_norm.default,"[{""request_id"": ""c4f28400bfd54f3bbb86f843f6fb61f5"", ""position"": 0, ""query_len"": 4096}]","[[4096, 2048], [4096, 2048], [2048]]","[""torch.float16"", ""torch.float16"", ""torch.float16""]","[{""argument"": ""args[0]"", ""shape"": [4096, 2048], ""dtype"": ""torch.float16"", ""device"": ""cuda:0"", ""stride"": [2048, 1]}, {""argument"": ""args[1]"", ""shape"": [4096, 2048], ""dtype"": ""torch.float16"", ""device"": ""cuda:0"", ""stride"": [2048, 1]}, {""argument"": ""args[2]"", ""shape"": [2048], ""dtype"": ""torch.float16"", ""device"": ""cuda:0"", ""stride"": [1]}]",22975,138719,1
cloud,0,9274,prefill,2b19945777114854b82d6cd44b40f27b,optrace:9274:528,aten.linear.default,"[{""request_id"": ""c4f28400bfd54f3bbb86f843f6fb61f5"", ""position"": 0, ""query_len"": 4096}]","[[4096, 2048], [1280, 2048], [1280]]","[""torch.float16"", ""torch.float16"", ""torch.float16""]","[{""argument"": ""args[0]"", ""shape"": [4096, 2048], ""dtype"": ""torch.float16"", ""device"": ""cuda:0"", ""stride"": [2048, 1]}, {""argument"": ""args[1]"", ""shape"": [1280, 2048], ""dtype"": ""torch.float16"", ""device"": ""cuda:0"", ""stride"": [2048, 1]}, {""argument"": ""args[2]"", ""shape"": [1280], ""dtype"": ""torch.float16"", ""device"": ""cuda:0"", ""stride"": [1]}]",60771,327743,1
cloud,0,9274,prefill,2b19945777114854b82d6cd44b40f27b,optrace:9274:529,aten.split_with_sizes.default,"[{""request_id"": ""c4f28400bfd54f3bbb86f843f6fb61f5"", ""position"": 0, ""query_len"": 4096}]","[[4096, 1280]]","[""torch.float16""]","[{""argument"": ""args[0]"", ""shape"": [4096, 1280], ""dtype"": ""torch.float16"", ""device"": ""cuda:0"", ""stride"": [1280, 1]}]",15108,0,0
cloud,0,9274,prefill,2b19945777114854b82d6cd44b40f27b,optrace:9274:530,_C.rotary_embedding.default,"[{""request_id"": ""c4f28400bfd54f3bbb86f843f6fb61f5"", ""position"": 0, ""query_len"": 4096}]","[[4096], [4096, 1024], [4096, 128], [32768, 128]]","[""torch.int64"", ""torch.float16"", ""torch.float16"", ""torch.float16""]","[{""argument"": ""args[0]"", ""shape"": [4096], ""dtype"": ""torch.int64"", ""device"": ""cuda:0"", ""stride"": [1]}, {""argument"": ""args[1]"", ""shape"": [4096, 1024], ""dtype"": ""torch.float16"", ""device"": ""cuda:0"", ""stride"": [1280, 1]}, {""argument"": ""args[2]"", ""shape"": [4096, 128], ""dtype"": ""torch.float16"", ""device"": ""cuda:0"", ""stride"": [1280, 1]}, {""argument"": ""args[4]"", ""shape"": [32768, 128], ""dtype"": ""torch.float16"", ""device"": ""cuda:0"", ""stride"": [128, 1]}]",21109,50176,1
cloud,0,9274,prefill,2b19945777114854b82d6cd44b40f27b,optrace:9274:531,aten.zeros.default,"[{""request_id"": ""c4f28400bfd54f3bbb86f843f6fb61f5"", ""position"": 0, ""query_len"": 4096}]",[],[],[],38762,18112,1
cloud,0,9274,prefill,2b19945777114854b82d6cd44b40f27b,optrace:9274:532,aten.view.default,"[{""request_id"": ""c4f28400bfd54f3bbb86f843f6fb61f5"", ""position"": 0, ""query_len"": 4096}]","[[4096, 1024]]","[""torch.float16""]","[{""argument"": ""args[0]"", ""shape"": [4096, 1024], ""dtype"": ""torch.float16"", ""device"": ""cuda:0"", ""stride"": [1280, 1]}]",9193,0,0
cloud,0,9274,prefill,2b19945777114854b82d6cd44b40f27b,optrace:9274:533,aten.view.default,"[{""request_id"": ""c4f28400bfd54f3bbb86f843f6fb61f5"", ""position"": 0, ""query_len"": 4096}]","[[4096, 1024]]","[""torch.float16""]","[{""argument"": ""args[0]"", ""shape"": [4096, 1024], ""dtype"": ""torch.float16"", ""device"": ""cuda:0"", ""stride"": [1024, 1]}]",5712,0,0
cloud,0,9274,prefill,2b19945777114854b82d6cd44b40f27b,optrace:9274:534,aten.view.default,"[{""request_id"": ""c4f28400bfd54f3bbb86f843f6fb61f5"", ""position"": 0, ""query_len"": 4096}]","[[4096, 128]]","[""torch.float16""]","[{""argument"": ""args[0]"", ""shape"": [4096, 128], ""dtype"": ""torch.float16"", ""device"": ""cuda:0"", ""stride"": [1280, 1]}]",5649,0,0
cloud,0,9274,prefill,2b19945777114854b82d6cd44b40f27b,optrace:9274:535,aten.view.default,"[{""request_id"": ""c4f28400bfd54f3bbb86f843f6fb61f5"", ""position"": 0, ""query_len"": 4096}]","[[4096, 128]]","[""torch.float16""]","[{""argument"": ""args[0]"", ""shape"": [4096, 128], ""dtype"": ""torch.float16"", ""device"": ""cuda:0"", ""stride"": [1280, 1]}]",5236,0,0
cloud,0,9274,prefill,2b19945777114854b82d6cd44b40f27b,optrace:9274:536,vllm.unified_attention_with_output.default,"[{""request_id"": ""c4f28400bfd54f3bbb86f843f6fb61f5"", ""position"": 0, ""query_len"": 4096}]","[[4096, 8, 128], [4096, 1, 128], [4096, 1, 128], [4096, 8, 128]]","[""torch.float16"", ""torch.float16"", ""torch.float16"", ""torch.float16""]","[{""argument"": ""args[0]"", ""shape"": [4096, 8, 128], ""dtype"": ""torch.float16"", ""device"": ""cuda:0"", ""stride"": [1280, 128, 1]}, {""argument"": ""args[1]"", ""shape"": [4096, 1, 128], ""dtype"": ""torch.float16"", ""device"": ""cuda:0"", ""stride"": [1280, 128, 1]}, {""argument"": ""args[2]"", ""shape"": [4096, 1, 128], ""dtype"": ""torch.float16"", ""device"": ""cuda:0"", ""stride"": [1280, 128, 1]}, {""argument"": ""args[3]"", ""shape"": [4096, 8, 128], ""dtype"": ""torch.float16"", ""device"": ""cuda:0"", ""stride"": [1024, 128, 1]}]",171857,562877,2
cloud,0,9274,prefill,2b19945777114854b82d6cd44b40f27b,optrace:9274:537,aten.view.default,"[{""request_id"": ""c4f28400bfd54f3bbb86f843f6fb61f5"", ""position"": 0, ""query_len"": 4096}]","[[4096, 8, 128]]","[""torch.float16""]","[{""argument"": ""args[0]"", ""shape"": [4096, 8, 128], ""dtype"": ""torch.float16"", ""device"": ""cuda:0"", ""stride"": [1024, 128, 1]}]",9160,0,0
cloud,0,9274,prefill,2b19945777114854b82d6cd44b40f27b,optrace:9274:538,aten.linear.default,"[{""request_id"": ""c4f28400bfd54f3bbb86f843f6fb61f5"", ""position"": 0, ""query_len"": 4096}]","[[4096, 1024], [2048, 1024]]","[""torch.float16"", ""torch.float16""]","[{""argument"": ""args[0]"", ""shape"": [4096, 1024], ""dtype"": ""torch.float16"", ""device"": ""cuda:0"", ""stride"": [1024, 1]}, {""argument"": ""args[1]"", ""shape"": [2048, 1024], ""dtype"": ""torch.float16"", ""device"": ""cuda:0"", ""stride"": [1024, 1]}]",52752,229311,1
cloud,0,9274,prefill,2b19945777114854b82d6cd44b40f27b,optrace:9274:539,vllm.all_reduce.default,"[{""request_id"": ""c4f28400bfd54f3bbb86f843f6fb61f5"", ""position"": 0, ""query_len"": 4096}]","[[4096, 2048]]","[""torch.float16""]","[{""argument"": ""args[0]"", ""shape"": [4096, 2048], ""dtype"": ""torch.float16"", ""device"": ""cuda:0"", ""stride"": [2048, 1]}]",77510,0,0
cloud,0,9274,prefill,2b19945777114854b82d6cd44b40f27b,optrace:9274:540,pynccl.all_reduce,"[{""request_id"": ""c4f28400bfd54f3bbb86f843f6fb61f5"", ""position"": 0, ""query_len"": 4096}]","[[4096, 2048]]","[""torch.float16""]","[{""argument"": ""args[0]"", ""shape"": [4096, 2048], ""dtype"": ""torch.float16"", ""device"": ""cuda:0"", ""stride"": [2048, 1]}]",58931,1231291,1
cloud,0,9274,prefill,2b19945777114854b82d6cd44b40f27b,optrace:9274:541,aten.detach.default,"[{""request_id"": ""c4f28400bfd54f3bbb86f843f6fb61f5"", ""position"": 0, ""query_len"": 4096}]",[[2048]],"[""torch.float16""]","[{""argument"": ""args[0]"", ""shape"": [2048], ""dtype"": ""torch.float16"", ""device"": ""cuda:0"", ""stride"": [1]}]",7401,0,0
cloud,0,9274,prefill,2b19945777114854b82d6cd44b40f27b,optrace:9274:542,_C.fused_add_rms_norm.default,"[{""request_id"": ""c4f28400bfd54f3bbb86f843f6fb61f5"", ""position"": 0, ""query_len"": 4096}]","[[4096, 2048], [4096, 2048], [2048]]","[""torch.float16"", ""torch.float16"", ""torch.float16""]","[{""argument"": ""args[0]"", ""shape"": [4096, 2048], ""dtype"": ""torch.float16"", ""device"": ""cuda:0"", ""stride"": [2048, 1]}, {""argument"": ""args[1]"", ""shape"": [4096, 2048], ""dtype"": ""torch.float16"", ""device"": ""cuda:0"", ""stride"": [2048, 1]}, {""argument"": ""args[2]"", ""shape"": [2048], ""dtype"": ""torch.float16"", ""device"": ""cuda:0"", ""stride"": [1]}]",19481,137727,1
cloud,0,9274,prefill,2b19945777114854b82d6cd44b40f27b,optrace:9274:543,aten.linear.default,"[{""request_id"": ""c4f28400bfd54f3bbb86f843f6fb61f5"", ""position"": 0, ""query_len"": 4096}]","[[4096, 2048], [11008, 2048]]","[""torch.float16"", ""torch.float16""]","[{""argument"": ""args[0]"", ""shape"": [4096, 2048], ""dtype"": ""torch.float16"", ""device"": ""cuda:0"", ""stride"": [2048, 1]}, {""argument"": ""args[1]"", ""shape"": [11008, 2048], ""dtype"": ""torch.float16"", ""device"": ""cuda:0"", ""stride"": [2048, 1]}]",60813,2290263,1
cloud,0,9274,prefill,2b19945777114854b82d6cd44b40f27b,optrace:9274:544,aten.empty.memory_format,"[{""request_id"": ""c4f28400bfd54f3bbb86f843f6fb61f5"", ""position"": 0, ""query_len"": 4096}]",[],[],[],20684,0,0
cloud,0,9274,prefill,2b19945777114854b82d6cd44b40f27b,optrace:9274:545,_C.silu_and_mul.default,"[{""request_id"": ""c4f28400bfd54f3bbb86f843f6fb61f5"", ""position"": 0, ""query_len"": 4096}]","[[4096, 5504], [4096, 11008]]","[""torch.float16"", ""torch.float16""]","[{""argument"": ""args[0]"", ""shape"": [4096, 5504], ""dtype"": ""torch.float16"", ""device"": ""cuda:0"", ""stride"": [5504, 1]}, {""argument"": ""args[1]"", ""shape"": [4096, 11008], ""dtype"": ""torch.float16"", ""device"": ""cuda:0"", ""stride"": [11008, 1]}]",18922,301438,1
cloud,0,9274,prefill,2b19945777114854b82d6cd44b40f27b,optrace:9274:546,aten.linear.default,"[{""request_id"": ""c4f28400bfd54f3bbb86f843f6fb61f5"", ""position"": 0, ""query_len"": 4096}]","[[4096, 5504], [2048, 5504]]","[""torch.float16"", ""torch.float16""]","[{""argument"": ""args[0]"", ""shape"": [4096, 5504], ""dtype"": ""torch.float16"", ""device"": ""cuda:0"", ""stride"": [5504, 1]}, {""argument"": ""args[1]"", ""shape"": [2048, 5504], ""dtype"": ""torch.float16"", ""device"": ""cuda:0"", ""stride"": [5504, 1]}]",47849,1074172,1
cloud,0,9274,prefill,2b19945777114854b82d6cd44b40f27b,optrace:9274:547,vllm.all_reduce.default,"[{""request_id"": ""c4f28400bfd54f3bbb86f843f6fb61f5"", ""position"": 0, ""query_len"": 4096}]","[[4096, 2048]]","[""torch.float16""]","[{""argument"": ""args[0]"", ""shape"": [4096, 2048], ""dtype"": ""torch.float16"", ""device"": ""cuda:0"", ""stride"": [2048, 1]}]",75885,0,0
cloud,0,9274,prefill,2b19945777114854b82d6cd44b40f27b,optrace:9274:548,pynccl.all_reduce,"[{""request_id"": ""c4f28400bfd54f3bbb86f843f6fb61f5"", ""position"": 0, ""query_len"": 4096}]","[[4096, 2048]]","[""torch.float16""]","[{""argument"": ""args[0]"", ""shape"": [4096, 2048], ""dtype"": ""torch.float16"", ""device"": ""cuda:0"", ""stride"": [2048, 1]}]",58126,1238971,1
cloud,0,9274,prefill,2b19945777114854b82d6cd44b40f27b,optrace:9274:549,aten.detach.default,"[{""request_id"": ""c4f28400bfd54f3bbb86f843f6fb61f5"", ""position"": 0, ""query_len"": 4096}]",[[2048]],"[""torch.float16""]","[{""argument"": ""args[0]"", ""shape"": [2048], ""dtype"": ""torch.float16"", ""device"": ""cuda:0"", ""stride"": [1]}]",7860,0,0
cloud,0,9274,prefill,2b19945777114854b82d6cd44b40f27b,optrace:9274:550,_C.fused_add_rms_norm.default,"[{""request_id"": ""c4f28400bfd54f3bbb86f843f6fb61f5"", ""position"": 0, ""query_len"": 4096}]","[[4096, 2048], [4096, 2048], [2048]]","[""torch.float16"", ""torch.float16"", ""torch.float16""]","[{""argument"": ""args[0]"", ""shape"": [4096, 2048], ""dtype"": ""torch.float16"", ""device"": ""cuda:0"", ""stride"": [2048, 1]}, {""argument"": ""args[1]"", ""shape"": [4096, 2048], ""dtype"": ""torch.float16"", ""device"": ""cuda:0"", ""stride"": [2048, 1]}, {""argument"": ""args[2]"", ""shape"": [2048], ""dtype"": ""torch.float16"", ""device"": ""cuda:0"", ""stride"": [1]}]",19469,138751,1
cloud,0,9274,prefill,2b19945777114854b82d6cd44b40f27b,optrace:9274:551,aten.linear.default,"[{""request_id"": ""c4f28400bfd54f3bbb86f843f6fb61f5"", ""position"": 0, ""query_len"": 4096}]","[[4096, 2048], [1280, 2048], [1280]]","[""torch.float16"", ""torch.float16"", ""torch.float16""]","[{""argument"": ""args[0]"", ""shape"": [4096, 2048], ""dtype"": ""torch.float16"", ""device"": ""cuda:0"", ""stride"": [2048, 1]}, {""argument"": ""args[1]"", ""shape"": [1280, 2048], ""dtype"": ""torch.float16"", ""device"": ""cuda:0"", ""stride"": [2048, 1]}, {""argument"": ""args[2]"", ""shape"": [1280], ""dtype"": ""torch.float16"", ""device"": ""cuda:0"", ""stride"": [1]}]",61933,328735,1
cloud,0,9274,prefill,2b19945777114854b82d6cd44b40f27b,optrace:9274:552,aten.split_with_sizes.default,"[{""request_id"": ""c4f28400bfd54f3bbb86f843f6fb61f5"", ""position"": 0, ""query_len"": 4096}]","[[4096, 1280]]","[""torch.float16""]","[{""argument"": ""args[0]"", ""shape"": [4096, 1280], ""dtype"": ""torch.float16"", ""device"": ""cuda:0"", ""stride"": [1280, 1]}]",14880,0,0
cloud,0,9274,prefill,2b19945777114854b82d6cd44b40f27b,optrace:9274:553,_C.rotary_embedding.default,"[{""request_id"": ""c4f28400bfd54f3bbb86f843f6fb61f5"", ""position"": 0, ""query_len"": 4096}]","[[4096], [4096, 1024], [4096, 128], [32768, 128]]","[""torch.int64"", ""torch.float16"", ""torch.float16"", ""torch.float16""]","[{""argument"": ""args[0]"", ""shape"": [4096], ""dtype"": ""torch.int64"", ""device"": ""cuda:0"", ""stride"": [1]}, {""argument"": ""args[1]"", ""shape"": [4096, 1024], ""dtype"": ""torch.float16"", ""device"": ""cuda:0"", ""stride"": [1280, 1]}, {""argument"": ""args[2]"", ""shape"": [4096, 128], ""dtype"": ""torch.float16"", ""device"": ""cuda:0"", ""stride"": [1280, 1]}, {""argument"": ""args[4]"", ""shape"": [32768, 128], ""dtype"": ""torch.float16"", ""device"": ""cuda:0"", ""stride"": [128, 1]}]",20815,50271,1
cloud,0,9274,prefill,2b19945777114854b82d6cd44b40f27b,optrace:9274:554,aten.zeros.default,"[{""request_id"": ""c4f28400bfd54f3bbb86f843f6fb61f5"", ""position"": 0, ""query_len"": 4096}]",[],[],[],41887,18112,1
cloud,0,9274,prefill,2b19945777114854b82d6cd44b40f27b,optrace:9274:555,aten.view.default,"[{""request_id"": ""c4f28400bfd54f3bbb86f843f6fb61f5"", ""position"": 0, ""query_len"": 4096}]","[[4096, 1024]]","[""torch.float16""]","[{""argument"": ""args[0]"", ""shape"": [4096, 1024], ""dtype"": ""torch.float16"", ""device"": ""cuda:0"", ""stride"": [1280, 1]}]",8751,0,0
cloud,0,9274,prefill,2b19945777114854b82d6cd44b40f27b,optrace:9274:556,aten.view.default,"[{""request_id"": ""c4f28400bfd54f3bbb86f843f6fb61f5"", ""position"": 0, ""query_len"": 4096}]","[[4096, 1024]]","[""torch.float16""]","[{""argument"": ""args[0]"", ""shape"": [4096, 1024], ""dtype"": ""torch.float16"", ""device"": ""cuda:0"", ""stride"": [1024, 1]}]",5297,0,0
cloud,0,9274,prefill,2b19945777114854b82d6cd44b40f27b,optrace:9274:557,aten.view.default,"[{""request_id"": ""c4f28400bfd54f3bbb86f843f6fb61f5"", ""position"": 0, ""query_len"": 4096}]","[[4096, 128]]","[""torch.float16""]","[{""argument"": ""args[0]"", ""shape"": [4096, 128], ""dtype"": ""torch.float16"", ""device"": ""cuda:0"", ""stride"": [1280, 1]}]",5275,0,0
cloud,0,9274,prefill,2b19945777114854b82d6cd44b40f27b,optrace:9274:558,aten.view.default,"[{""request_id"": ""c4f28400bfd54f3bbb86f843f6fb61f5"", ""position"": 0, ""query_len"": 4096}]","[[4096, 128]]","[""torch.float16""]","[{""argument"": ""args[0]"", ""shape"": [4096, 128], ""dtype"": ""torch.float16"", ""device"": ""cuda:0"", ""stride"": [1280, 1]}]",5415,0,0
cloud,0,9274,prefill,2b19945777114854b82d6cd44b40f27b,optrace:9274:559,vllm.unified_attention_with_output.default,"[{""request_id"": ""c4f28400bfd54f3bbb86f843f6fb61f5"", ""position"": 0, ""query_len"": 4096}]","[[4096, 8, 128], [4096, 1, 128], [4096, 1, 128], [4096, 8, 128]]","[""torch.float16"", ""torch.float16"", ""torch.float16"", ""torch.float16""]","[{""argument"": ""args[0]"", ""shape"": [4096, 8, 128], ""dtype"": ""torch.float16"", ""device"": ""cuda:0"", ""stride"": [1280, 128, 1]}, {""argument"": ""args[1]"", ""shape"": [4096, 1, 128], ""dtype"": ""torch.float16"", ""device"": ""cuda:0"", ""stride"": [1280, 128, 1]}, {""argument"": ""args[2]"", ""shape"": [4096, 1, 128], ""dtype"": ""torch.float16"", ""device"": ""cuda:0"", ""stride"": [1280, 128, 1]}, {""argument"": ""args[3]"", ""shape"": [4096, 8, 128], ""dtype"": ""torch.float16"", ""device"": ""cuda:0"", ""stride"": [1024, 128, 1]}]",168762,576062,2
cloud,0,9274,prefill,2b19945777114854b82d6cd44b40f27b,optrace:9274:560,aten.view.default,"[{""request_id"": ""c4f28400bfd54f3bbb86f843f6fb61f5"", ""position"": 0, ""query_len"": 4096}]","[[4096, 8, 128]]","[""torch.float16""]","[{""argument"": ""args[0]"", ""shape"": [4096, 8, 128], ""dtype"": ""torch.float16"", ""device"": ""cuda:0"", ""stride"": [1024, 128, 1]}]",8650,0,0
cloud,0,9274,prefill,2b19945777114854b82d6cd44b40f27b,optrace:9274:561,aten.linear.default,"[{""request_id"": ""c4f28400bfd54f3bbb86f843f6fb61f5"", ""position"": 0, ""query_len"": 4096}]","[[4096, 1024], [2048, 1024]]","[""torch.float16"", ""torch.float16""]","[{""argument"": ""args[0]"", ""shape"": [4096, 1024], ""dtype"": ""torch.float16"", ""device"": ""cuda:0"", ""stride"": [1024, 1]}, {""argument"": ""args[1]"", ""shape"": [2048, 1024], ""dtype"": ""torch.float16"", ""device"": ""cuda:0"", ""stride"": [1024, 1]}]",54358,231295,1
cloud,0,9274,prefill,2b19945777114854b82d6cd44b40f27b,optrace:9274:562,vllm.all_reduce.default,"[{""request_id"": ""c4f28400bfd54f3bbb86f843f6fb61f5"", ""position"": 0, ""query_len"": 4096}]","[[4096, 2048]]","[""torch.float16""]","[{""argument"": ""args[0]"", ""shape"": [4096, 2048], ""dtype"": ""torch.float16"", ""device"": ""cuda:0"", ""stride"": [2048, 1]}]",82294,0,0
cloud,0,9274,prefill,2b19945777114854b82d6cd44b40f27b,optrace:9274:563,pynccl.all_reduce,"[{""request_id"": ""c4f28400bfd54f3bbb86f843f6fb61f5"", ""position"": 0, ""query_len"": 4096}]","[[4096, 2048]]","[""torch.float16""]","[{""argument"": ""args[0]"", ""shape"": [4096, 2048], ""dtype"": ""torch.float16"", ""device"": ""cuda:0"", ""stride"": [2048, 1]}]",59363,1249595,1
cloud,0,9274,prefill,2b19945777114854b82d6cd44b40f27b,optrace:9274:564,aten.detach.default,"[{""request_id"": ""c4f28400bfd54f3bbb86f843f6fb61f5"", ""position"": 0, ""query_len"": 4096}]",[[2048]],"[""torch.float16""]","[{""argument"": ""args[0]"", ""shape"": [2048], ""dtype"": ""torch.float16"", ""device"": ""cuda:0"", ""stride"": [1]}]",7586,0,0
cloud,0,9274,prefill,2b19945777114854b82d6cd44b40f27b,optrace:9274:565,_C.fused_add_rms_norm.default,"[{""request_id"": ""c4f28400bfd54f3bbb86f843f6fb61f5"", ""position"": 0, ""query_len"": 4096}]","[[4096, 2048], [4096, 2048], [2048]]","[""torch.float16"", ""torch.float16"", ""torch.float16""]","[{""argument"": ""args[0]"", ""shape"": [4096, 2048], ""dtype"": ""torch.float16"", ""device"": ""cuda:0"", ""stride"": [2048, 1]}, {""argument"": ""args[1]"", ""shape"": [4096, 2048], ""dtype"": ""torch.float16"", ""device"": ""cuda:0"", ""stride"": [2048, 1]}, {""argument"": ""args[2]"", ""shape"": [2048], ""dtype"": ""torch.float16"", ""device"": ""cuda:0"", ""stride"": [1]}]",20475,138879,1
cloud,0,9274,prefill,2b19945777114854b82d6cd44b40f27b,optrace:9274:566,aten.linear.default,"[{""request_id"": ""c4f28400bfd54f3bbb86f843f6fb61f5"", ""position"": 0, ""query_len"": 4096}]","[[4096, 2048], [11008, 2048]]","[""torch.float16"", ""torch.float16""]","[{""argument"": ""args[0]"", ""shape"": [4096, 2048], ""dtype"": ""torch.float16"", ""device"": ""cuda:0"", ""stride"": [2048, 1]}, {""argument"": ""args[1]"", ""shape"": [11008, 2048], ""dtype"": ""torch.float16"", ""device"": ""cuda:0"", ""stride"": [2048, 1]}]",62376,2300054,1
cloud,0,9274,prefill,2b19945777114854b82d6cd44b40f27b,optrace:9274:567,aten.empty.memory_format,"[{""request_id"": ""c4f28400bfd54f3bbb86f843f6fb61f5"", ""position"": 0, ""query_len"": 4096}]",[],[],[],21045,0,0
cloud,0,9274,prefill,2b19945777114854b82d6cd44b40f27b,optrace:9274:568,_C.silu_and_mul.default,"[{""request_id"": ""c4f28400bfd54f3bbb86f843f6fb61f5"", ""position"": 0, ""query_len"": 4096}]","[[4096, 5504], [4096, 11008]]","[""torch.float16"", ""torch.float16""]","[{""argument"": ""args[0]"", ""shape"": [4096, 5504], ""dtype"": ""torch.float16"", ""device"": ""cuda:0"", ""stride"": [5504, 1]}, {""argument"": ""args[1]"", ""shape"": [4096, 11008], ""dtype"": ""torch.float16"", ""device"": ""cuda:0"", ""stride"": [11008, 1]}]",16566,303455,1
cloud,0,9274,prefill,2b19945777114854b82d6cd44b40f27b,optrace:9274:569,aten.linear.default,"[{""request_id"": ""c4f28400bfd54f3bbb86f843f6fb61f5"", ""position"": 0, ""query_len"": 4096}]","[[4096, 5504], [2048, 5504]]","[""torch.float16"", ""torch.float16""]","[{""argument"": ""args[0]"", ""shape"": [4096, 5504], ""dtype"": ""torch.float16"", ""device"": ""cuda:0"", ""stride"": [5504, 1]}, {""argument"": ""args[1]"", ""shape"": [2048, 5504], ""dtype"": ""torch.float16"", ""device"": ""cuda:0"", ""stride"": [5504, 1]}]",43362,1080699,1
cloud,0,9274,prefill,2b19945777114854b82d6cd44b40f27b,optrace:9274:570,vllm.all_reduce.default,"[{""request_id"": ""c4f28400bfd54f3bbb86f843f6fb61f5"", ""position"": 0, ""query_len"": 4096}]","[[4096, 2048]]","[""torch.float16""]","[{""argument"": ""args[0]"", ""shape"": [4096, 2048], ""dtype"": ""torch.float16"", ""device"": ""cuda:0"", ""stride"": [2048, 1]}]",76663,0,0
cloud,0,9274,prefill,2b19945777114854b82d6cd44b40f27b,optrace:9274:571,pynccl.all_reduce,"[{""request_id"": ""c4f28400bfd54f3bbb86f843f6fb61f5"", ""position"": 0, ""query_len"": 4096}]","[[4096, 2048]]","[""torch.float16""]","[{""argument"": ""args[0]"", ""shape"": [4096, 2048], ""dtype"": ""torch.float16"", ""device"": ""cuda:0"", ""stride"": [2048, 1]}]",58238,1261083,1
cloud,0,9274,prefill,2b19945777114854b82d6cd44b40f27b,optrace:9274:572,aten.detach.default,"[{""request_id"": ""c4f28400bfd54f3bbb86f843f6fb61f5"", ""position"": 0, ""query_len"": 4096}]",[[2048]],"[""torch.float16""]","[{""argument"": ""args[0]"", ""shape"": [2048], ""dtype"": ""torch.float16"", ""device"": ""cuda:0"", ""stride"": [1]}]",7542,0,0
cloud,0,9274,prefill,2b19945777114854b82d6cd44b40f27b,optrace:9274:573,_C.fused_add_rms_norm.default,"[{""request_id"": ""c4f28400bfd54f3bbb86f843f6fb61f5"", ""position"": 0, ""query_len"": 4096}]","[[4096, 2048], [4096, 2048], [2048]]","[""torch.float16"", ""torch.float16"", ""torch.float16""]","[{""argument"": ""args[0]"", ""shape"": [4096, 2048], ""dtype"": ""torch.float16"", ""device"": ""cuda:0"", ""stride"": [2048, 1]}, {""argument"": ""args[1]"", ""shape"": [4096, 2048], ""dtype"": ""torch.float16"", ""device"": ""cuda:0"", ""stride"": [2048, 1]}, {""argument"": ""args[2]"", ""shape"": [2048], ""dtype"": ""torch.float16"", ""device"": ""cuda:0"", ""stride"": [1]}]",18517,139775,1
cloud,0,9274,prefill,2b19945777114854b82d6cd44b40f27b,optrace:9274:574,aten.linear.default,"[{""request_id"": ""c4f28400bfd54f3bbb86f843f6fb61f5"", ""position"": 0, ""query_len"": 4096}]","[[4096, 2048], [1280, 2048], [1280]]","[""torch.float16"", ""torch.float16"", ""torch.float16""]","[{""argument"": ""args[0]"", ""shape"": [4096, 2048], ""dtype"": ""torch.float16"", ""device"": ""cuda:0"", ""stride"": [2048, 1]}, {""argument"": ""args[1]"", ""shape"": [1280, 2048], ""dtype"": ""torch.float16"", ""device"": ""cuda:0"", ""stride"": [2048, 1]}, {""argument"": ""args[2]"", ""shape"": [1280], ""dtype"": ""torch.float16"", ""device"": ""cuda:0"", ""stride"": [1]}]",58570,329311,1
cloud,0,9274,prefill,2b19945777114854b82d6cd44b40f27b,optrace:9274:575,aten.split_with_sizes.default,"[{""request_id"": ""c4f28400bfd54f3bbb86f843f6fb61f5"", ""position"": 0, ""query_len"": 4096}]","[[4096, 1280]]","[""torch.float16""]","[{""argument"": ""args[0]"", ""shape"": [4096, 1280], ""dtype"": ""torch.float16"", ""device"": ""cuda:0"", ""stride"": [1280, 1]}]",14286,0,0
cloud,0,9274,prefill,2b19945777114854b82d6cd44b40f27b,optrace:9274:576,_C.rotary_embedding.default,"[{""request_id"": ""c4f28400bfd54f3bbb86f843f6fb61f5"", ""position"": 0, ""query_len"": 4096}]","[[4096], [4096, 1024], [4096, 128], [32768, 128]]","[""torch.int64"", ""torch.float16"", ""torch.float16"", ""torch.float16""]","[{""argument"": ""args[0]"", ""shape"": [4096], ""dtype"": ""torch.int64"", ""device"": ""cuda:0"", ""stride"": [1]}, {""argument"": ""args[1]"", ""shape"": [4096, 1024], ""dtype"": ""torch.float16"", ""device"": ""cuda:0"", ""stride"": [1280, 1]}, {""argument"": ""args[2]"", ""shape"": [4096, 128], ""dtype"": ""torch.float16"", ""device"": ""cuda:0"", ""stride"": [1280, 1]}, {""argument"": ""args[4]"", ""shape"": [32768, 128], ""dtype"": ""torch.float16"", ""device"": ""cuda:0"", ""stride"": [128, 1]}]",43109,50272,1
cloud,0,9274,prefill,2b19945777114854b82d6cd44b40f27b,optrace:9274:577,aten.zeros.default,"[{""request_id"": ""c4f28400bfd54f3bbb86f843f6fb61f5"", ""position"": 0, ""query_len"": 4096}]",[],[],[],42376,18080,1
cloud,0,9274,prefill,2b19945777114854b82d6cd44b40f27b,optrace:9274:578,aten.view.default,"[{""request_id"": ""c4f28400bfd54f3bbb86f843f6fb61f5"", ""position"": 0, ""query_len"": 4096}]","[[4096, 1024]]","[""torch.float16""]","[{""argument"": ""args[0]"", ""shape"": [4096, 1024], ""dtype"": ""torch.float16"", ""device"": ""cuda:0"", ""stride"": [1280, 1]}]",8928,0,0
cloud,0,9274,prefill,2b19945777114854b82d6cd44b40f27b,optrace:9274:579,aten.view.default,"[{""request_id"": ""c4f28400bfd54f3bbb86f843f6fb61f5"", ""position"": 0, ""query_len"": 4096}]","[[4096, 1024]]","[""torch.float16""]","[{""argument"": ""args[0]"", ""shape"": [4096, 1024], ""dtype"": ""torch.float16"", ""device"": ""cuda:0"", ""stride"": [1024, 1]}]",5277,0,0
cloud,0,9274,prefill,2b19945777114854b82d6cd44b40f27b,optrace:9274:580,aten.view.default,"[{""request_id"": ""c4f28400bfd54f3bbb86f843f6fb61f5"", ""position"": 0, ""query_len"": 4096}]","[[4096, 128]]","[""torch.float16""]","[{""argument"": ""args[0]"", ""shape"": [4096, 128], ""dtype"": ""torch.float16"", ""device"": ""cuda:0"", ""stride"": [1280, 1]}]",5076,0,0
cloud,0,9274,prefill,2b19945777114854b82d6cd44b40f27b,optrace:9274:581,aten.view.default,"[{""request_id"": ""c4f28400bfd54f3bbb86f843f6fb61f5"", ""position"": 0, ""query_len"": 4096}]","[[4096, 128]]","[""torch.float16""]","[{""argument"": ""args[0]"", ""shape"": [4096, 128], ""dtype"": ""torch.float16"", ""device"": ""cuda:0"", ""stride"": [1280, 1]}]",7573,0,0
cloud,0,9274,prefill,2b19945777114854b82d6cd44b40f27b,optrace:9274:582,vllm.unified_attention_with_output.default,"[{""request_id"": ""c4f28400bfd54f3bbb86f843f6fb61f5"", ""position"": 0, ""query_len"": 4096}]","[[4096, 8, 128], [4096, 1, 128], [4096, 1, 128], [4096, 8, 128]]","[""torch.float16"", ""torch.float16"", ""torch.float16"", ""torch.float16""]","[{""argument"": ""args[0]"", ""shape"": [4096, 8, 128], ""dtype"": ""torch.float16"", ""device"": ""cuda:0"", ""stride"": [1280, 128, 1]}, {""argument"": ""args[1]"", ""shape"": [4096, 1, 128], ""dtype"": ""torch.float16"", ""device"": ""cuda:0"", ""stride"": [1280, 128, 1]}, {""argument"": ""args[2]"", ""shape"": [4096, 1, 128], ""dtype"": ""torch.float16"", ""device"": ""cuda:0"", ""stride"": [1280, 128, 1]}, {""argument"": ""args[3]"", ""shape"": [4096, 8, 128], ""dtype"": ""torch.float16"", ""device"": ""cuda:0"", ""stride"": [1024, 128, 1]}]",178821,568765,2
cloud,0,9274,prefill,2b19945777114854b82d6cd44b40f27b,optrace:9274:583,aten.view.default,"[{""request_id"": ""c4f28400bfd54f3bbb86f843f6fb61f5"", ""position"": 0, ""query_len"": 4096}]","[[4096, 8, 128]]","[""torch.float16""]","[{""argument"": ""args[0]"", ""shape"": [4096, 8, 128], ""dtype"": ""torch.float16"", ""device"": ""cuda:0"", ""stride"": [1024, 128, 1]}]",8694,0,0
cloud,0,9274,prefill,2b19945777114854b82d6cd44b40f27b,optrace:9274:584,aten.linear.default,"[{""request_id"": ""c4f28400bfd54f3bbb86f843f6fb61f5"", ""position"": 0, ""query_len"": 4096}]","[[4096, 1024], [2048, 1024]]","[""torch.float16"", ""torch.float16""]","[{""argument"": ""args[0]"", ""shape"": [4096, 1024], ""dtype"": ""torch.float16"", ""device"": ""cuda:0"", ""stride"": [1024, 1]}, {""argument"": ""args[1]"", ""shape"": [2048, 1024], ""dtype"": ""torch.float16"", ""device"": ""cuda:0"", ""stride"": [1024, 1]}]",54269,230975,1
cloud,0,9274,prefill,2b19945777114854b82d6cd44b40f27b,optrace:9274:585,vllm.all_reduce.default,"[{""request_id"": ""c4f28400bfd54f3bbb86f843f6fb61f5"", ""position"": 0, ""query_len"": 4096}]","[[4096, 2048]]","[""torch.float16""]","[{""argument"": ""args[0]"", ""shape"": [4096, 2048], ""dtype"": ""torch.float16"", ""device"": ""cuda:0"", ""stride"": [2048, 1]}]",82166,0,0
cloud,0,9274,prefill,2b19945777114854b82d6cd44b40f27b,optrace:9274:586,pynccl.all_reduce,"[{""request_id"": ""c4f28400bfd54f3bbb86f843f6fb61f5"", ""position"": 0, ""query_len"": 4096}]","[[4096, 2048]]","[""torch.float16""]","[{""argument"": ""args[0]"", ""shape"": [4096, 2048], ""dtype"": ""torch.float16"", ""device"": ""cuda:0"", ""stride"": [2048, 1]}]",62569,1240027,1
cloud,0,9274,prefill,2b19945777114854b82d6cd44b40f27b,optrace:9274:587,aten.detach.default,"[{""request_id"": ""c4f28400bfd54f3bbb86f843f6fb61f5"", ""position"": 0, ""query_len"": 4096}]",[[2048]],"[""torch.float16""]","[{""argument"": ""args[0]"", ""shape"": [2048], ""dtype"": ""torch.float16"", ""device"": ""cuda:0"", ""stride"": [1]}]",7713,0,0
cloud,0,9274,prefill,2b19945777114854b82d6cd44b40f27b,optrace:9274:588,_C.fused_add_rms_norm.default,"[{""request_id"": ""c4f28400bfd54f3bbb86f843f6fb61f5"", ""position"": 0, ""query_len"": 4096}]","[[4096, 2048], [4096, 2048], [2048]]","[""torch.float16"", ""torch.float16"", ""torch.float16""]","[{""argument"": ""args[0]"", ""shape"": [4096, 2048], ""dtype"": ""torch.float16"", ""device"": ""cuda:0"", ""stride"": [2048, 1]}, {""argument"": ""args[1]"", ""shape"": [4096, 2048], ""dtype"": ""torch.float16"", ""device"": ""cuda:0"", ""stride"": [2048, 1]}, {""argument"": ""args[2]"", ""shape"": [2048], ""dtype"": ""torch.float16"", ""device"": ""cuda:0"", ""stride"": [1]}]",20094,138463,1
cloud,0,9274,prefill,2b19945777114854b82d6cd44b40f27b,optrace:9274:589,aten.linear.default,"[{""request_id"": ""c4f28400bfd54f3bbb86f843f6fb61f5"", ""position"": 0, ""query_len"": 4096}]","[[4096, 2048], [11008, 2048]]","[""torch.float16"", ""torch.float16""]","[{""argument"": ""args[0]"", ""shape"": [4096, 2048], ""dtype"": ""torch.float16"", ""device"": ""cuda:0"", ""stride"": [2048, 1]}, {""argument"": ""args[1]"", ""shape"": [11008, 2048], ""dtype"": ""torch.float16"", ""device"": ""cuda:0"", ""stride"": [2048, 1]}]",65664,2301270,1
cloud,0,9274,prefill,2b19945777114854b82d6cd44b40f27b,optrace:9274:590,aten.empty.memory_format,"[{""request_id"": ""c4f28400bfd54f3bbb86f843f6fb61f5"", ""position"": 0, ""query_len"": 4096}]",[],[],[],21414,0,0
cloud,0,9274,prefill,2b19945777114854b82d6cd44b40f27b,optrace:9274:591,_C.silu_and_mul.default,"[{""request_id"": ""c4f28400bfd54f3bbb86f843f6fb61f5"", ""position"": 0, ""query_len"": 4096}]","[[4096, 5504], [4096, 11008]]","[""torch.float16"", ""torch.float16""]","[{""argument"": ""args[0]"", ""shape"": [4096, 5504], ""dtype"": ""torch.float16"", ""device"": ""cuda:0"", ""stride"": [5504, 1]}, {""argument"": ""args[1]"", ""shape"": [4096, 11008], ""dtype"": ""torch.float16"", ""device"": ""cuda:0"", ""stride"": [11008, 1]}]",26748,302559,1
cloud,0,9274,prefill,2b19945777114854b82d6cd44b40f27b,optrace:9274:592,aten.linear.default,"[{""request_id"": ""c4f28400bfd54f3bbb86f843f6fb61f5"", ""position"": 0, ""query_len"": 4096}]","[[4096, 5504], [2048, 5504]]","[""torch.float16"", ""torch.float16""]","[{""argument"": ""args[0]"", ""shape"": [4096, 5504], ""dtype"": ""torch.float16"", ""device"": ""cuda:0"", ""stride"": [5504, 1]}, {""argument"": ""args[1]"", ""shape"": [2048, 5504], ""dtype"": ""torch.float16"", ""device"": ""cuda:0"", ""stride"": [5504, 1]}]",48911,1080636,1
cloud,0,9274,prefill,2b19945777114854b82d6cd44b40f27b,optrace:9274:593,vllm.all_reduce.default,"[{""request_id"": ""c4f28400bfd54f3bbb86f843f6fb61f5"", ""position"": 0, ""query_len"": 4096}]","[[4096, 2048]]","[""torch.float16""]","[{""argument"": ""args[0]"", ""shape"": [4096, 2048], ""dtype"": ""torch.float16"", ""device"": ""cuda:0"", ""stride"": [2048, 1]}]",78886,0,0
cloud,0,9274,prefill,2b19945777114854b82d6cd44b40f27b,optrace:9274:594,pynccl.all_reduce,"[{""request_id"": ""c4f28400bfd54f3bbb86f843f6fb61f5"", ""position"": 0, ""query_len"": 4096}]","[[4096, 2048]]","[""torch.float16""]","[{""argument"": ""args[0]"", ""shape"": [4096, 2048], ""dtype"": ""torch.float16"", ""device"": ""cuda:0"", ""stride"": [2048, 1]}]",59500,1236442,1
cloud,0,9274,prefill,2b19945777114854b82d6cd44b40f27b,optrace:9274:595,aten.detach.default,"[{""request_id"": ""c4f28400bfd54f3bbb86f843f6fb61f5"", ""position"": 0, ""query_len"": 4096}]",[[2048]],"[""torch.float16""]","[{""argument"": ""args[0]"", ""shape"": [2048], ""dtype"": ""torch.float16"", ""device"": ""cuda:0"", ""stride"": [1]}]",8091,0,0
cloud,0,9274,prefill,2b19945777114854b82d6cd44b40f27b,optrace:9274:596,_C.fused_add_rms_norm.default,"[{""request_id"": ""c4f28400bfd54f3bbb86f843f6fb61f5"", ""position"": 0, ""query_len"": 4096}]","[[4096, 2048], [4096, 2048], [2048]]","[""torch.float16"", ""torch.float16"", ""torch.float16""]","[{""argument"": ""args[0]"", ""shape"": [4096, 2048], ""dtype"": ""torch.float16"", ""device"": ""cuda:0"", ""stride"": [2048, 1]}, {""argument"": ""args[1]"", ""shape"": [4096, 2048], ""dtype"": ""torch.float16"", ""device"": ""cuda:0"", ""stride"": [2048, 1]}, {""argument"": ""args[2]"", ""shape"": [2048], ""dtype"": ""torch.float16"", ""device"": ""cuda:0"", ""stride"": [1]}]",20400,139296,1
cloud,0,9274,prefill,2b19945777114854b82d6cd44b40f27b,optrace:9274:597,aten.linear.default,"[{""request_id"": ""c4f28400bfd54f3bbb86f843f6fb61f5"", ""position"": 0, ""query_len"": 4096}]","[[4096, 2048], [1280, 2048], [1280]]","[""torch.float16"", ""torch.float16"", ""torch.float16""]","[{""argument"": ""args[0]"", ""shape"": [4096, 2048], ""dtype"": ""torch.float16"", ""device"": ""cuda:0"", ""stride"": [2048, 1]}, {""argument"": ""args[1]"", ""shape"": [1280, 2048], ""dtype"": ""torch.float16"", ""device"": ""cuda:0"", ""stride"": [2048, 1]}, {""argument"": ""args[2]"", ""shape"": [1280], ""dtype"": ""torch.float16"", ""device"": ""cuda:0"", ""stride"": [1]}]",62278,328318,1
cloud,0,9274,prefill,2b19945777114854b82d6cd44b40f27b,optrace:9274:598,aten.split_with_sizes.default,"[{""request_id"": ""c4f28400bfd54f3bbb86f843f6fb61f5"", ""position"": 0, ""query_len"": 4096}]","[[4096, 1280]]","[""torch.float16""]","[{""argument"": ""args[0]"", ""shape"": [4096, 1280], ""dtype"": ""torch.float16"", ""device"": ""cuda:0"", ""stride"": [1280, 1]}]",14875,0,0
cloud,0,9274,prefill,2b19945777114854b82d6cd44b40f27b,optrace:9274:599,_C.rotary_embedding.default,"[{""request_id"": ""c4f28400bfd54f3bbb86f843f6fb61f5"", ""position"": 0, ""query_len"": 4096}]","[[4096], [4096, 1024], [4096, 128], [32768, 128]]","[""torch.int64"", ""torch.float16"", ""torch.float16"", ""torch.float16""]","[{""argument"": ""args[0]"", ""shape"": [4096], ""dtype"": ""torch.int64"", ""device"": ""cuda:0"", ""stride"": [1]}, {""argument"": ""args[1]"", ""shape"": [4096, 1024], ""dtype"": ""torch.float16"", ""device"": ""cuda:0"", ""stride"": [1280, 1]}, {""argument"": ""args[2]"", ""shape"": [4096, 128], ""dtype"": ""torch.float16"", ""device"": ""cuda:0"", ""stride"": [1280, 1]}, {""argument"": ""args[4]"", ""shape"": [32768, 128], ""dtype"": ""torch.float16"", ""device"": ""cuda:0"", ""stride"": [128, 1]}]",20512,50528,1
cloud,0,9274,prefill,2b19945777114854b82d6cd44b40f27b,optrace:9274:600,aten.zeros.default,"[{""request_id"": ""c4f28400bfd54f3bbb86f843f6fb61f5"", ""position"": 0, ""query_len"": 4096}]",[],[],[],39282,18240,1
cloud,0,9274,prefill,2b19945777114854b82d6cd44b40f27b,optrace:9274:601,aten.view.default,"[{""request_id"": ""c4f28400bfd54f3bbb86f843f6fb61f5"", ""position"": 0, ""query_len"": 4096}]","[[4096, 1024]]","[""torch.float16""]","[{""argument"": ""args[0]"", ""shape"": [4096, 1024], ""dtype"": ""torch.float16"", ""device"": ""cuda:0"", ""stride"": [1280, 1]}]",8674,0,0
cloud,0,9274,prefill,2b19945777114854b82d6cd44b40f27b,optrace:9274:602,aten.view.default,"[{""request_id"": ""c4f28400bfd54f3bbb86f843f6fb61f5"", ""position"": 0, ""query_len"": 4096}]","[[4096, 1024]]","[""torch.float16""]","[{""argument"": ""args[0]"", ""shape"": [4096, 1024], ""dtype"": ""torch.float16"", ""device"": ""cuda:0"", ""stride"": [1024, 1]}]",5120,0,0
cloud,0,9274,prefill,2b19945777114854b82d6cd44b40f27b,optrace:9274:603,aten.view.default,"[{""request_id"": ""c4f28400bfd54f3bbb86f843f6fb61f5"", ""position"": 0, ""query_len"": 4096}]","[[4096, 128]]","[""torch.float16""]","[{""argument"": ""args[0]"", ""shape"": [4096, 128], ""dtype"": ""torch.float16"", ""device"": ""cuda:0"", ""stride"": [1280, 1]}]",5155,0,0
cloud,0,9274,prefill,2b19945777114854b82d6cd44b40f27b,optrace:9274:604,aten.view.default,"[{""request_id"": ""c4f28400bfd54f3bbb86f843f6fb61f5"", ""position"": 0, ""query_len"": 4096}]","[[4096, 128]]","[""torch.float16""]","[{""argument"": ""args[0]"", ""shape"": [4096, 128], ""dtype"": ""torch.float16"", ""device"": ""cuda:0"", ""stride"": [1280, 1]}]",4757,0,0
cloud,0,9274,prefill,2b19945777114854b82d6cd44b40f27b,optrace:9274:605,vllm.unified_attention_with_output.default,"[{""request_id"": ""c4f28400bfd54f3bbb86f843f6fb61f5"", ""position"": 0, ""query_len"": 4096}]","[[4096, 8, 128], [4096, 1, 128], [4096, 1, 128], [4096, 8, 128]]","[""torch.float16"", ""torch.float16"", ""torch.float16"", ""torch.float16""]","[{""argument"": ""args[0]"", ""shape"": [4096, 8, 128], ""dtype"": ""torch.float16"", ""device"": ""cuda:0"", ""stride"": [1280, 128, 1]}, {""argument"": ""args[1]"", ""shape"": [4096, 1, 128], ""dtype"": ""torch.float16"", ""device"": ""cuda:0"", ""stride"": [1280, 128, 1]}, {""argument"": ""args[2]"", ""shape"": [4096, 1, 128], ""dtype"": ""torch.float16"", ""device"": ""cuda:0"", ""stride"": [1280, 128, 1]}, {""argument"": ""args[3]"", ""shape"": [4096, 8, 128], ""dtype"": ""torch.float16"", ""device"": ""cuda:0"", ""stride"": [1024, 128, 1]}]",169661,568126,2
cloud,0,9274,prefill,2b19945777114854b82d6cd44b40f27b,optrace:9274:606,aten.view.default,"[{""request_id"": ""c4f28400bfd54f3bbb86f843f6fb61f5"", ""position"": 0, ""query_len"": 4096}]","[[4096, 8, 128]]","[""torch.float16""]","[{""argument"": ""args[0]"", ""shape"": [4096, 8, 128], ""dtype"": ""torch.float16"", ""device"": ""cuda:0"", ""stride"": [1024, 128, 1]}]",8800,0,0
cloud,0,9274,prefill,2b19945777114854b82d6cd44b40f27b,optrace:9274:607,aten.linear.default,"[{""request_id"": ""c4f28400bfd54f3bbb86f843f6fb61f5"", ""position"": 0, ""query_len"": 4096}]","[[4096, 1024], [2048, 1024]]","[""torch.float16"", ""torch.float16""]","[{""argument"": ""args[0]"", ""shape"": [4096, 1024], ""dtype"": ""torch.float16"", ""device"": ""cuda:0"", ""stride"": [1024, 1]}, {""argument"": ""args[1]"", ""shape"": [2048, 1024], ""dtype"": ""torch.float16"", ""device"": ""cuda:0"", ""stride"": [1024, 1]}]",68605,230879,1
cloud,0,9274,prefill,2b19945777114854b82d6cd44b40f27b,optrace:9274:608,vllm.all_reduce.default,"[{""request_id"": ""c4f28400bfd54f3bbb86f843f6fb61f5"", ""position"": 0, ""query_len"": 4096}]","[[4096, 2048]]","[""torch.float16""]","[{""argument"": ""args[0]"", ""shape"": [4096, 2048], ""dtype"": ""torch.float16"", ""device"": ""cuda:0"", ""stride"": [2048, 1]}]",78593,0,0
cloud,0,9274,prefill,2b19945777114854b82d6cd44b40f27b,optrace:9274:609,pynccl.all_reduce,"[{""request_id"": ""c4f28400bfd54f3bbb86f843f6fb61f5"", ""position"": 0, ""query_len"": 4096}]","[[4096, 2048]]","[""torch.float16""]","[{""argument"": ""args[0]"", ""shape"": [4096, 2048], ""dtype"": ""torch.float16"", ""device"": ""cuda:0"", ""stride"": [2048, 1]}]",59935,1233530,1
cloud,0,9274,prefill,2b19945777114854b82d6cd44b40f27b,optrace:9274:610,aten.detach.default,"[{""request_id"": ""c4f28400bfd54f3bbb86f843f6fb61f5"", ""position"": 0, ""query_len"": 4096}]",[[2048]],"[""torch.float16""]","[{""argument"": ""args[0]"", ""shape"": [2048], ""dtype"": ""torch.float16"", ""device"": ""cuda:0"", ""stride"": [1]}]",7490,0,0
cloud,0,9274,prefill,2b19945777114854b82d6cd44b40f27b,optrace:9274:611,_C.fused_add_rms_norm.default,"[{""request_id"": ""c4f28400bfd54f3bbb86f843f6fb61f5"", ""position"": 0, ""query_len"": 4096}]","[[4096, 2048], [4096, 2048], [2048]]","[""torch.float16"", ""torch.float16"", ""torch.float16""]","[{""argument"": ""args[0]"", ""shape"": [4096, 2048], ""dtype"": ""torch.float16"", ""device"": ""cuda:0"", ""stride"": [2048, 1]}, {""argument"": ""args[1]"", ""shape"": [4096, 2048], ""dtype"": ""torch.float16"", ""device"": ""cuda:0"", ""stride"": [2048, 1]}, {""argument"": ""args[2]"", ""shape"": [2048], ""dtype"": ""torch.float16"", ""device"": ""cuda:0"", ""stride"": [1]}]",21798,138688,1
cloud,0,9274,prefill,2b19945777114854b82d6cd44b40f27b,optrace:9274:612,aten.linear.default,"[{""request_id"": ""c4f28400bfd54f3bbb86f843f6fb61f5"", ""position"": 0, ""query_len"": 4096}]","[[4096, 2048], [11008, 2048]]","[""torch.float16"", ""torch.float16""]","[{""argument"": ""args[0]"", ""shape"": [4096, 2048], ""dtype"": ""torch.float16"", ""device"": ""cuda:0"", ""stride"": [2048, 1]}, {""argument"": ""args[1]"", ""shape"": [11008, 2048], ""dtype"": ""torch.float16"", ""device"": ""cuda:0"", ""stride"": [2048, 1]}]",63157,2290454,1
cloud,0,9274,prefill,2b19945777114854b82d6cd44b40f27b,optrace:9274:613,aten.empty.memory_format,"[{""request_id"": ""c4f28400bfd54f3bbb86f843f6fb61f5"", ""position"": 0, ""query_len"": 4096}]",[],[],[],20628,0,0
cloud,0,9274,prefill,2b19945777114854b82d6cd44b40f27b,optrace:9274:614,_C.silu_and_mul.default,"[{""request_id"": ""c4f28400bfd54f3bbb86f843f6fb61f5"", ""position"": 0, ""query_len"": 4096}]","[[4096, 5504], [4096, 11008]]","[""torch.float16"", ""torch.float16""]","[{""argument"": ""args[0]"", ""shape"": [4096, 5504], ""dtype"": ""torch.float16"", ""device"": ""cuda:0"", ""stride"": [5504, 1]}, {""argument"": ""args[1]"", ""shape"": [4096, 11008], ""dtype"": ""torch.float16"", ""device"": ""cuda:0"", ""stride"": [11008, 1]}]",16536,301215,1
cloud,0,9274,prefill,2b19945777114854b82d6cd44b40f27b,optrace:9274:615,aten.linear.default,"[{""request_id"": ""c4f28400bfd54f3bbb86f843f6fb61f5"", ""position"": 0, ""query_len"": 4096}]","[[4096, 5504], [2048, 5504]]","[""torch.float16"", ""torch.float16""]","[{""argument"": ""args[0]"", ""shape"": [4096, 5504], ""dtype"": ""torch.float16"", ""device"": ""cuda:0"", ""stride"": [5504, 1]}, {""argument"": ""args[1]"", ""shape"": [2048, 5504], ""dtype"": ""torch.float16"", ""device"": ""cuda:0"", ""stride"": [5504, 1]}]",47799,1069819,1
cloud,0,9274,prefill,2b19945777114854b82d6cd44b40f27b,optrace:9274:616,vllm.all_reduce.default,"[{""request_id"": ""c4f28400bfd54f3bbb86f843f6fb61f5"", ""position"": 0, ""query_len"": 4096}]","[[4096, 2048]]","[""torch.float16""]","[{""argument"": ""args[0]"", ""shape"": [4096, 2048], ""dtype"": ""torch.float16"", ""device"": ""cuda:0"", ""stride"": [2048, 1]}]",76380,0,0
cloud,0,9274,prefill,2b19945777114854b82d6cd44b40f27b,optrace:9274:617,pynccl.all_reduce,"[{""request_id"": ""c4f28400bfd54f3bbb86f843f6fb61f5"", ""position"": 0, ""query_len"": 4096}]","[[4096, 2048]]","[""torch.float16""]","[{""argument"": ""args[0]"", ""shape"": [4096, 2048], ""dtype"": ""torch.float16"", ""device"": ""cuda:0"", ""stride"": [2048, 1]}]",58532,1234267,1
cloud,0,9274,prefill,2b19945777114854b82d6cd44b40f27b,optrace:9274:618,aten.detach.default,"[{""request_id"": ""c4f28400bfd54f3bbb86f843f6fb61f5"", ""position"": 0, ""query_len"": 4096}]",[[2048]],"[""torch.float16""]","[{""argument"": ""args[0]"", ""shape"": [2048], ""dtype"": ""torch.float16"", ""device"": ""cuda:0"", ""stride"": [1]}]",7610,0,0
cloud,0,9274,prefill,2b19945777114854b82d6cd44b40f27b,optrace:9274:619,_C.fused_add_rms_norm.default,"[{""request_id"": ""c4f28400bfd54f3bbb86f843f6fb61f5"", ""position"": 0, ""query_len"": 4096}]","[[4096, 2048], [4096, 2048], [2048]]","[""torch.float16"", ""torch.float16"", ""torch.float16""]","[{""argument"": ""args[0]"", ""shape"": [4096, 2048], ""dtype"": ""torch.float16"", ""device"": ""cuda:0"", ""stride"": [2048, 1]}, {""argument"": ""args[1]"", ""shape"": [4096, 2048], ""dtype"": ""torch.float16"", ""device"": ""cuda:0"", ""stride"": [2048, 1]}, {""argument"": ""args[2]"", ""shape"": [2048], ""dtype"": ""torch.float16"", ""device"": ""cuda:0"", ""stride"": [1]}]",18048,138911,1
cloud,0,9274,prefill,2b19945777114854b82d6cd44b40f27b,optrace:9274:620,aten.linear.default,"[{""request_id"": ""c4f28400bfd54f3bbb86f843f6fb61f5"", ""position"": 0, ""query_len"": 4096}]","[[4096, 2048], [1280, 2048], [1280]]","[""torch.float16"", ""torch.float16"", ""torch.float16""]","[{""argument"": ""args[0]"", ""shape"": [4096, 2048], ""dtype"": ""torch.float16"", ""device"": ""cuda:0"", ""stride"": [2048, 1]}, {""argument"": ""args[1]"", ""shape"": [1280, 2048], ""dtype"": ""torch.float16"", ""device"": ""cuda:0"", ""stride"": [2048, 1]}, {""argument"": ""args[2]"", ""shape"": [1280], ""dtype"": ""torch.float16"", ""device"": ""cuda:0"", ""stride"": [1]}]",60984,327743,1
cloud,0,9274,prefill,2b19945777114854b82d6cd44b40f27b,optrace:9274:621,aten.split_with_sizes.default,"[{""request_id"": ""c4f28400bfd54f3bbb86f843f6fb61f5"", ""position"": 0, ""query_len"": 4096}]","[[4096, 1280]]","[""torch.float16""]","[{""argument"": ""args[0]"", ""shape"": [4096, 1280], ""dtype"": ""torch.float16"", ""device"": ""cuda:0"", ""stride"": [1280, 1]}]",14605,0,0
cloud,0,9274,prefill,2b19945777114854b82d6cd44b40f27b,optrace:9274:622,_C.rotary_embedding.default,"[{""request_id"": ""c4f28400bfd54f3bbb86f843f6fb61f5"", ""position"": 0, ""query_len"": 4096}]","[[4096], [4096, 1024], [4096, 128], [32768, 128]]","[""torch.int64"", ""torch.float16"", ""torch.float16"", ""torch.float16""]","[{""argument"": ""args[0]"", ""shape"": [4096], ""dtype"": ""torch.int64"", ""device"": ""cuda:0"", ""stride"": [1]}, {""argument"": ""args[1]"", ""shape"": [4096, 1024], ""dtype"": ""torch.float16"", ""device"": ""cuda:0"", ""stride"": [1280, 1]}, {""argument"": ""args[2]"", ""shape"": [4096, 128], ""dtype"": ""torch.float16"", ""device"": ""cuda:0"", ""stride"": [1280, 1]}, {""argument"": ""args[4]"", ""shape"": [32768, 128], ""dtype"": ""torch.float16"", ""device"": ""cuda:0"", ""stride"": [128, 1]}]",19320,50144,1
cloud,0,9274,prefill,2b19945777114854b82d6cd44b40f27b,optrace:9274:623,aten.zeros.default,"[{""request_id"": ""c4f28400bfd54f3bbb86f843f6fb61f5"", ""position"": 0, ""query_len"": 4096}]",[],[],[],39471,17984,1
cloud,0,9274,prefill,2b19945777114854b82d6cd44b40f27b,optrace:9274:624,aten.view.default,"[{""request_id"": ""c4f28400bfd54f3bbb86f843f6fb61f5"", ""position"": 0, ""query_len"": 4096}]","[[4096, 1024]]","[""torch.float16""]","[{""argument"": ""args[0]"", ""shape"": [4096, 1024], ""dtype"": ""torch.float16"", ""device"": ""cuda:0"", ""stride"": [1280, 1]}]",8967,0,0
cloud,0,9274,prefill,2b19945777114854b82d6cd44b40f27b,optrace:9274:625,aten.view.default,"[{""request_id"": ""c4f28400bfd54f3bbb86f843f6fb61f5"", ""position"": 0, ""query_len"": 4096}]","[[4096, 1024]]","[""torch.float16""]","[{""argument"": ""args[0]"", ""shape"": [4096, 1024], ""dtype"": ""torch.float16"", ""device"": ""cuda:0"", ""stride"": [1024, 1]}]",5578,0,0
cloud,0,9274,prefill,2b19945777114854b82d6cd44b40f27b,optrace:9274:626,aten.view.default,"[{""request_id"": ""c4f28400bfd54f3bbb86f843f6fb61f5"", ""position"": 0, ""query_len"": 4096}]","[[4096, 128]]","[""torch.float16""]","[{""argument"": ""args[0]"", ""shape"": [4096, 128], ""dtype"": ""torch.float16"", ""device"": ""cuda:0"", ""stride"": [1280, 1]}]",5362,0,0
cloud,0,9274,prefill,2b19945777114854b82d6cd44b40f27b,optrace:9274:627,aten.view.default,"[{""request_id"": ""c4f28400bfd54f3bbb86f843f6fb61f5"", ""position"": 0, ""query_len"": 4096}]","[[4096, 128]]","[""torch.float16""]","[{""argument"": ""args[0]"", ""shape"": [4096, 128], ""dtype"": ""torch.float16"", ""device"": ""cuda:0"", ""stride"": [1280, 1]}]",5563,0,0
cloud,0,9274,prefill,2b19945777114854b82d6cd44b40f27b,optrace:9274:628,vllm.unified_attention_with_output.default,"[{""request_id"": ""c4f28400bfd54f3bbb86f843f6fb61f5"", ""position"": 0, ""query_len"": 4096}]","[[4096, 8, 128], [4096, 1, 128], [4096, 1, 128], [4096, 8, 128]]","[""torch.float16"", ""torch.float16"", ""torch.float16"", ""torch.float16""]","[{""argument"": ""args[0]"", ""shape"": [4096, 8, 128], ""dtype"": ""torch.float16"", ""device"": ""cuda:0"", ""stride"": [1280, 128, 1]}, {""argument"": ""args[1]"", ""shape"": [4096, 1, 128], ""dtype"": ""torch.float16"", ""device"": ""cuda:0"", ""stride"": [1280, 128, 1]}, {""argument"": ""args[2]"", ""shape"": [4096, 1, 128], ""dtype"": ""torch.float16"", ""device"": ""cuda:0"", ""stride"": [1280, 128, 1]}, {""argument"": ""args[3]"", ""shape"": [4096, 8, 128], ""dtype"": ""torch.float16"", ""device"": ""cuda:0"", ""stride"": [1024, 128, 1]}]",179009,570013,2
cloud,0,9274,prefill,2b19945777114854b82d6cd44b40f27b,optrace:9274:629,aten.view.default,"[{""request_id"": ""c4f28400bfd54f3bbb86f843f6fb61f5"", ""position"": 0, ""query_len"": 4096}]","[[4096, 8, 128]]","[""torch.float16""]","[{""argument"": ""args[0]"", ""shape"": [4096, 8, 128], ""dtype"": ""torch.float16"", ""device"": ""cuda:0"", ""stride"": [1024, 128, 1]}]",8788,0,0
cloud,0,9274,prefill,2b19945777114854b82d6cd44b40f27b,optrace:9274:630,aten.linear.default,"[{""request_id"": ""c4f28400bfd54f3bbb86f843f6fb61f5"", ""position"": 0, ""query_len"": 4096}]","[[4096, 1024], [2048, 1024]]","[""torch.float16"", ""torch.float16""]","[{""argument"": ""args[0]"", ""shape"": [4096, 1024], ""dtype"": ""torch.float16"", ""device"": ""cuda:0"", ""stride"": [1024, 1]}, {""argument"": ""args[1]"", ""shape"": [2048, 1024], ""dtype"": ""torch.float16"", ""device"": ""cuda:0"", ""stride"": [1024, 1]}]",53367,229599,1
cloud,0,9274,prefill,2b19945777114854b82d6cd44b40f27b,optrace:9274:631,vllm.all_reduce.default,"[{""request_id"": ""c4f28400bfd54f3bbb86f843f6fb61f5"", ""position"": 0, ""query_len"": 4096}]","[[4096, 2048]]","[""torch.float16""]","[{""argument"": ""args[0]"", ""shape"": [4096, 2048], ""dtype"": ""torch.float16"", ""device"": ""cuda:0"", ""stride"": [2048, 1]}]",83354,0,0
cloud,0,9274,prefill,2b19945777114854b82d6cd44b40f27b,optrace:9274:632,pynccl.all_reduce,"[{""request_id"": ""c4f28400bfd54f3bbb86f843f6fb61f5"", ""position"": 0, ""query_len"": 4096}]","[[4096, 2048]]","[""torch.float16""]","[{""argument"": ""args[0]"", ""shape"": [4096, 2048], ""dtype"": ""torch.float16"", ""device"": ""cuda:0"", ""stride"": [2048, 1]}]",59713,1243163,1
cloud,0,9274,prefill,2b19945777114854b82d6cd44b40f27b,optrace:9274:633,aten.detach.default,"[{""request_id"": ""c4f28400bfd54f3bbb86f843f6fb61f5"", ""position"": 0, ""query_len"": 4096}]",[[2048]],"[""torch.float16""]","[{""argument"": ""args[0]"", ""shape"": [2048], ""dtype"": ""torch.float16"", ""device"": ""cuda:0"", ""stride"": [1]}]",7577,0,0
cloud,0,9274,prefill,2b19945777114854b82d6cd44b40f27b,optrace:9274:634,_C.fused_add_rms_norm.default,"[{""request_id"": ""c4f28400bfd54f3bbb86f843f6fb61f5"", ""position"": 0, ""query_len"": 4096}]","[[4096, 2048], [4096, 2048], [2048]]","[""torch.float16"", ""torch.float16"", ""torch.float16""]","[{""argument"": ""args[0]"", ""shape"": [4096, 2048], ""dtype"": ""torch.float16"", ""device"": ""cuda:0"", ""stride"": [2048, 1]}, {""argument"": ""args[1]"", ""shape"": [4096, 2048], ""dtype"": ""torch.float16"", ""device"": ""cuda:0"", ""stride"": [2048, 1]}, {""argument"": ""args[2]"", ""shape"": [2048], ""dtype"": ""torch.float16"", ""device"": ""cuda:0"", ""stride"": [1]}]",20155,138591,1
cloud,0,9274,prefill,2b19945777114854b82d6cd44b40f27b,optrace:9274:635,aten.linear.default,"[{""request_id"": ""c4f28400bfd54f3bbb86f843f6fb61f5"", ""position"": 0, ""query_len"": 4096}]","[[4096, 2048], [11008, 2048]]","[""torch.float16"", ""torch.float16""]","[{""argument"": ""args[0]"", ""shape"": [4096, 2048], ""dtype"": ""torch.float16"", ""device"": ""cuda:0"", ""stride"": [2048, 1]}, {""argument"": ""args[1]"", ""shape"": [11008, 2048], ""dtype"": ""torch.float16"", ""device"": ""cuda:0"", ""stride"": [2048, 1]}]",61767,2257655,1
cloud,0,9274,prefill,2b19945777114854b82d6cd44b40f27b,optrace:9274:636,aten.empty.memory_format,"[{""request_id"": ""c4f28400bfd54f3bbb86f843f6fb61f5"", ""position"": 0, ""query_len"": 4096}]",[],[],[],21437,0,0
cloud,0,9274,prefill,2b19945777114854b82d6cd44b40f27b,optrace:9274:637,_C.silu_and_mul.default,"[{""request_id"": ""c4f28400bfd54f3bbb86f843f6fb61f5"", ""position"": 0, ""query_len"": 4096}]","[[4096, 5504], [4096, 11008]]","[""torch.float16"", ""torch.float16""]","[{""argument"": ""args[0]"", ""shape"": [4096, 5504], ""dtype"": ""torch.float16"", ""device"": ""cuda:0"", ""stride"": [5504, 1]}, {""argument"": ""args[1]"", ""shape"": [4096, 11008], ""dtype"": ""torch.float16"", ""device"": ""cuda:0"", ""stride"": [11008, 1]}]",16202,300958,1
cloud,0,9274,prefill,2b19945777114854b82d6cd44b40f27b,optrace:9274:638,aten.linear.default,"[{""request_id"": ""c4f28400bfd54f3bbb86f843f6fb61f5"", ""position"": 0, ""query_len"": 4096}]","[[4096, 5504], [2048, 5504]]","[""torch.float16"", ""torch.float16""]","[{""argument"": ""args[0]"", ""shape"": [4096, 5504], ""dtype"": ""torch.float16"", ""device"": ""cuda:0"", ""stride"": [5504, 1]}, {""argument"": ""args[1]"", ""shape"": [2048, 5504], ""dtype"": ""torch.float16"", ""device"": ""cuda:0"", ""stride"": [5504, 1]}]",43168,1068540,1
cloud,0,9274,prefill,2b19945777114854b82d6cd44b40f27b,optrace:9274:639,vllm.all_reduce.default,"[{""request_id"": ""c4f28400bfd54f3bbb86f843f6fb61f5"", ""position"": 0, ""query_len"": 4096}]","[[4096, 2048]]","[""torch.float16""]","[{""argument"": ""args[0]"", ""shape"": [4096, 2048], ""dtype"": ""torch.float16"", ""device"": ""cuda:0"", ""stride"": [2048, 1]}]",80976,0,0
cloud,0,9274,prefill,2b19945777114854b82d6cd44b40f27b,optrace:9274:640,pynccl.all_reduce,"[{""request_id"": ""c4f28400bfd54f3bbb86f843f6fb61f5"", ""position"": 0, ""query_len"": 4096}]","[[4096, 2048]]","[""torch.float16""]","[{""argument"": ""args[0]"", ""shape"": [4096, 2048], ""dtype"": ""torch.float16"", ""device"": ""cuda:0"", ""stride"": [2048, 1]}]",62044,1296186,1
cloud,0,9274,prefill,2b19945777114854b82d6cd44b40f27b,optrace:9274:641,aten.to.dtype_layout,"[{""request_id"": ""c4f28400bfd54f3bbb86f843f6fb61f5"", ""position"": 0, ""query_len"": 4096}]","[[4096, 2048]]","[""torch.float16""]","[{""argument"": ""args[0]"", ""shape"": [4096, 2048], ""dtype"": ""torch.float16"", ""device"": ""cuda:0"", ""stride"": [2048, 1]}]",1178581,0,0
cloud,0,9274,prefill,2b19945777114854b82d6cd44b40f27b,optrace:9274:642,aten.detach.default,"[{""request_id"": ""c4f28400bfd54f3bbb86f843f6fb61f5"", ""position"": 0, ""query_len"": 4096}]","[[4096, 2048]]","[""torch.float16""]","[{""argument"": ""args[0]"", ""shape"": [4096, 2048], ""dtype"": ""torch.float16"", ""device"": ""cpu"", ""stride"": [2048, 1]}]",12565,0,0
cloud,0,9274,prefill,2b19945777114854b82d6cd44b40f27b,optrace:9274:643,aten.to.dtype_layout,"[{""request_id"": ""c4f28400bfd54f3bbb86f843f6fb61f5"", ""position"": 0, ""query_len"": 4096}]","[[4096, 2048]]","[""torch.float16""]","[{""argument"": ""args[0]"", ""shape"": [4096, 2048], ""dtype"": ""torch.float16"", ""device"": ""cpu"", ""stride"": [2048, 1]}]",13252,0,0
cloud,0,9274,prefill,2b19945777114854b82d6cd44b40f27b,optrace:9274:644,aten.resolve_conj.default,"[{""request_id"": ""c4f28400bfd54f3bbb86f843f6fb61f5"", ""position"": 0, ""query_len"": 4096}]","[[4096, 2048]]","[""torch.float16""]","[{""argument"": ""args[0]"", ""shape"": [4096, 2048], ""dtype"": ""torch.float16"", ""device"": ""cpu"", ""stride"": [2048, 1]}]",5878,0,0
cloud,0,9274,prefill,2b19945777114854b82d6cd44b40f27b,optrace:9274:645,aten.resolve_neg.default,"[{""request_id"": ""c4f28400bfd54f3bbb86f843f6fb61f5"", ""position"": 0, ""query_len"": 4096}]","[[4096, 2048]]","[""torch.float16""]","[{""argument"": ""args[0]"", ""shape"": [4096, 2048], ""dtype"": ""torch.float16"", ""device"": ""cpu"", ""stride"": [2048, 1]}]",3890,0,0
cloud,0,9274,prefill,2b19945777114854b82d6cd44b40f27b,optrace:9274:646,aten.to.dtype_layout,"[{""request_id"": ""c4f28400bfd54f3bbb86f843f6fb61f5"", ""position"": 0, ""query_len"": 4096}]","[[4096, 2048]]","[""torch.float16""]","[{""argument"": ""args[0]"", ""shape"": [4096, 2048], ""dtype"": ""torch.float16"", ""device"": ""cuda:0"", ""stride"": [2048, 1]}]",1100021,0,0
cloud,0,9274,prefill,2b19945777114854b82d6cd44b40f27b,optrace:9274:647,aten.detach.default,"[{""request_id"": ""c4f28400bfd54f3bbb86f843f6fb61f5"", ""position"": 0, ""query_len"": 4096}]","[[4096, 2048]]","[""torch.float16""]","[{""argument"": ""args[0]"", ""shape"": [4096, 2048], ""dtype"": ""torch.float16"", ""device"": ""cpu"", ""stride"": [2048, 1]}]",9603,0,0
cloud,0,9274,prefill,2b19945777114854b82d6cd44b40f27b,optrace:9274:648,aten.to.dtype_layout,"[{""request_id"": ""c4f28400bfd54f3bbb86f843f6fb61f5"", ""position"": 0, ""query_len"": 4096}]","[[4096, 2048]]","[""torch.float16""]","[{""argument"": ""args[0]"", ""shape"": [4096, 2048], ""dtype"": ""torch.float16"", ""device"": ""cpu"", ""stride"": [2048, 1]}]",11060,0,0
cloud,0,9274,prefill,2b19945777114854b82d6cd44b40f27b,optrace:9274:649,aten.resolve_conj.default,"[{""request_id"": ""c4f28400bfd54f3bbb86f843f6fb61f5"", ""position"": 0, ""query_len"": 4096}]","[[4096, 2048]]","[""torch.float16""]","[{""argument"": ""args[0]"", ""shape"": [4096, 2048], ""dtype"": ""torch.float16"", ""device"": ""cpu"", ""stride"": [2048, 1]}]",4104,0,0
cloud,0,9274,prefill,2b19945777114854b82d6cd44b40f27b,optrace:9274:650,aten.resolve_neg.default,"[{""request_id"": ""c4f28400bfd54f3bbb86f843f6fb61f5"", ""position"": 0, ""query_len"": 4096}]","[[4096, 2048]]","[""torch.float16""]","[{""argument"": ""args[0]"", ""shape"": [4096, 2048], ""dtype"": ""torch.float16"", ""device"": ""cpu"", ""stride"": [2048, 1]}]",7019,0,0
enterprise,0,9575,prefill,2b19945777114854b82d6cd44b40f27b,optrace:9575:1,aten.lift_fresh.default,"[{""request_id"": ""c4f28400bfd54f3bbb86f843f6fb61f5"", ""position"": 0, ""query_len"": 4096}]",[[4096]],"[""torch.int64""]","[{""argument"": ""args[0]"", ""shape"": [4096], ""dtype"": ""torch.int64"", ""device"": ""cuda:0"", ""stride"": [1]}]",33112,0,0
enterprise,0,9575,prefill,2b19945777114854b82d6cd44b40f27b,optrace:9575:2,aten.detach_.default,"[{""request_id"": ""c4f28400bfd54f3bbb86f843f6fb61f5"", ""position"": 0, ""query_len"": 4096}]",[[4096]],"[""torch.int64""]","[{""argument"": ""args[0]"", ""shape"": [4096], ""dtype"": ""torch.int64"", ""device"": ""cuda:0"", ""stride"": [1]}]",9875,0,0
enterprise,0,9575,prefill,2b19945777114854b82d6cd44b40f27b,optrace:9575:3,aten.lift_fresh.default,"[{""request_id"": ""c4f28400bfd54f3bbb86f843f6fb61f5"", ""position"": 0, ""query_len"": 4096}]",[[1]],"[""torch.int32""]","[{""argument"": ""args[0]"", ""shape"": [1], ""dtype"": ""torch.int32"", ""device"": ""cuda:0"", ""stride"": [1]}]",5076,0,0
enterprise,0,9575,prefill,2b19945777114854b82d6cd44b40f27b,optrace:9575:4,aten.detach_.default,"[{""request_id"": ""c4f28400bfd54f3bbb86f843f6fb61f5"", ""position"": 0, ""query_len"": 4096}]",[[1]],"[""torch.int32""]","[{""argument"": ""args[0]"", ""shape"": [1], ""dtype"": ""torch.int32"", ""device"": ""cuda:0"", ""stride"": [1]}]",3445,0,0
enterprise,0,9575,prefill,2b19945777114854b82d6cd44b40f27b,optrace:9575:5,aten.lift_fresh.default,"[{""request_id"": ""c4f28400bfd54f3bbb86f843f6fb61f5"", ""position"": 0, ""query_len"": 4096}]",[[1]],"[""torch.int32""]","[{""argument"": ""args[0]"", ""shape"": [1], ""dtype"": ""torch.int32"", ""device"": ""cuda:0"", ""stride"": [1]}]",8330,0,0
enterprise,0,9575,prefill,2b19945777114854b82d6cd44b40f27b,optrace:9575:6,aten.detach_.default,"[{""request_id"": ""c4f28400bfd54f3bbb86f843f6fb61f5"", ""position"": 0, ""query_len"": 4096}]",[[1]],"[""torch.int32""]","[{""argument"": ""args[0]"", ""shape"": [1], ""dtype"": ""torch.int32"", ""device"": ""cuda:0"", ""stride"": [1]}]",3738,0,0
enterprise,0,9575,prefill,2b19945777114854b82d6cd44b40f27b,optrace:9575:7,aten.empty.memory_format,"[{""request_id"": ""c4f28400bfd54f3bbb86f843f6fb61f5"", ""position"": 0, ""query_len"": 4096}]",[],[],[],33737,0,0
enterprise,0,9575,prefill,2b19945777114854b82d6cd44b40f27b,optrace:9575:8,aten.lift_fresh.default,"[{""request_id"": ""c4f28400bfd54f3bbb86f843f6fb61f5"", ""position"": 0, ""query_len"": 4096}]",[[2]],"[""torch.int32""]","[{""argument"": ""args[0]"", ""shape"": [2], ""dtype"": ""torch.int32"", ""device"": ""cuda:0"", ""stride"": [1]}]",5906,0,0
enterprise,0,9575,prefill,2b19945777114854b82d6cd44b40f27b,optrace:9575:9,aten.detach_.default,"[{""request_id"": ""c4f28400bfd54f3bbb86f843f6fb61f5"", ""position"": 0, ""query_len"": 4096}]",[[2]],"[""torch.int32""]","[{""argument"": ""args[0]"", ""shape"": [2], ""dtype"": ""torch.int32"", ""device"": ""cuda:0"", ""stride"": [1]}]",3702,0,0
enterprise,0,9575,prefill,2b19945777114854b82d6cd44b40f27b,optrace:9575:10,aten.lift_fresh.default,"[{""request_id"": ""c4f28400bfd54f3bbb86f843f6fb61f5"", ""position"": 0, ""query_len"": 4096}]",[[2]],"[""torch.int32""]","[{""argument"": ""args[0]"", ""shape"": [2], ""dtype"": ""torch.int32"", ""device"": ""cuda:0"", ""stride"": [1]}]",7992,0,0
enterprise,0,9575,prefill,2b19945777114854b82d6cd44b40f27b,optrace:9575:11,aten.detach_.default,"[{""request_id"": ""c4f28400bfd54f3bbb86f843f6fb61f5"", ""position"": 0, ""query_len"": 4096}]",[[2]],"[""torch.int32""]","[{""argument"": ""args[0]"", ""shape"": [2], ""dtype"": ""torch.int32"", ""device"": ""cuda:0"", ""stride"": [1]}]",3404,0,0
enterprise,0,9575,prefill,2b19945777114854b82d6cd44b40f27b,optrace:9575:12,aten.lift_fresh.default,"[{""request_id"": ""c4f28400bfd54f3bbb86f843f6fb61f5"", ""position"": 0, ""query_len"": 4096}]",[[4096]],"[""torch.int64""]","[{""argument"": ""args[0]"", ""shape"": [4096], ""dtype"": ""torch.int64"", ""device"": ""cuda:0"", ""stride"": [1]}]",6719,0,0
enterprise,0,9575,prefill,2b19945777114854b82d6cd44b40f27b,optrace:9575:13,aten.detach_.default,"[{""request_id"": ""c4f28400bfd54f3bbb86f843f6fb61f5"", ""position"": 0, ""query_len"": 4096}]",[[4096]],"[""torch.int64""]","[{""argument"": ""args[0]"", ""shape"": [4096], ""dtype"": ""torch.int64"", ""device"": ""cuda:0"", ""stride"": [1]}]",3863,0,0
enterprise,0,9575,prefill,2b19945777114854b82d6cd44b40f27b,optrace:9575:14,aten.lift_fresh.default,"[{""request_id"": ""c4f28400bfd54f3bbb86f843f6fb61f5"", ""position"": 0, ""query_len"": 4096}]",[[4096]],"[""torch.int64""]","[{""argument"": ""args[0]"", ""shape"": [4096], ""dtype"": ""torch.int64"", ""device"": ""cuda:0"", ""stride"": [1]}]",10016,0,0
enterprise,0,9575,prefill,2b19945777114854b82d6cd44b40f27b,optrace:9575:15,aten.detach_.default,"[{""request_id"": ""c4f28400bfd54f3bbb86f843f6fb61f5"", ""position"": 0, ""query_len"": 4096}]",[[4096]],"[""torch.int64""]","[{""argument"": ""args[0]"", ""shape"": [4096], ""dtype"": ""torch.int64"", ""device"": ""cuda:0"", ""stride"": [1]}]",4071,0,0
enterprise,0,9575,prefill,2b19945777114854b82d6cd44b40f27b,optrace:9575:16,aten.ge.Scalar,"[{""request_id"": ""c4f28400bfd54f3bbb86f843f6fb61f5"", ""position"": 0, ""query_len"": 4096}]",[[4096]],"[""torch.int64""]","[{""argument"": ""args[0]"", ""shape"": [4096], ""dtype"": ""torch.int64"", ""device"": ""cuda:0"", ""stride"": [1]}]",6704788,1760,1
enterprise,0,9575,prefill,2b19945777114854b82d6cd44b40f27b,optrace:9575:17,aten.lt.Scalar,"[{""request_id"": ""c4f28400bfd54f3bbb86f843f6fb61f5"", ""position"": 0, ""query_len"": 4096}]",[[4096]],"[""torch.int64""]","[{""argument"": ""args[0]"", ""shape"": [4096], ""dtype"": ""torch.int64"", ""device"": ""cuda:0"", ""stride"": [1]}]",67108,1696,1
enterprise,0,9575,prefill,2b19945777114854b82d6cd44b40f27b,optrace:9575:18,aten.__and__.Tensor,"[{""request_id"": ""c4f28400bfd54f3bbb86f843f6fb61f5"", ""position"": 0, ""query_len"": 4096}]","[[4096], [4096]]","[""torch.bool"", ""torch.bool""]","[{""argument"": ""args[0]"", ""shape"": [4096], ""dtype"": ""torch.bool"", ""device"": ""cuda:0"", ""stride"": [1]}, {""argument"": ""args[1]"", ""shape"": [4096], ""dtype"": ""torch.bool"", ""device"": ""cuda:0"", ""stride"": [1]}]",15639677,1376,1
enterprise,0,9575,prefill,2b19945777114854b82d6cd44b40f27b,optrace:9575:19,aten.ge.Scalar,"[{""request_id"": ""c4f28400bfd54f3bbb86f843f6fb61f5"", ""position"": 0, ""query_len"": 4096}]",[[4096]],"[""torch.int64""]","[{""argument"": ""args[0]"", ""shape"": [4096], ""dtype"": ""torch.int64"", ""device"": ""cuda:0"", ""stride"": [1]}]",63334,1568,1
enterprise,0,9575,prefill,2b19945777114854b82d6cd44b40f27b,optrace:9575:20,aten.lt.Scalar,"[{""request_id"": ""c4f28400bfd54f3bbb86f843f6fb61f5"", ""position"": 0, ""query_len"": 4096}]",[[4096]],"[""torch.int64""]","[{""argument"": ""args[0]"", ""shape"": [4096], ""dtype"": ""torch.int64"", ""device"": ""cuda:0"", ""stride"": [1]}]",27047,1568,1
enterprise,0,9575,prefill,2b19945777114854b82d6cd44b40f27b,optrace:9575:21,aten.__and__.Tensor,"[{""request_id"": ""c4f28400bfd54f3bbb86f843f6fb61f5"", ""position"": 0, ""query_len"": 4096}]","[[4096], [4096]]","[""torch.bool"", ""torch.bool""]","[{""argument"": ""args[0]"", ""shape"": [4096], ""dtype"": ""torch.bool"", ""device"": ""cuda:0"", ""stride"": [1]}, {""argument"": ""args[1]"", ""shape"": [4096], ""dtype"": ""torch.bool"", ""device"": ""cuda:0"", ""stride"": [1]}]",26271,1344,1
enterprise,0,9575,prefill,2b19945777114854b82d6cd44b40f27b,optrace:9575:22,aten.mul.Tensor,"[{""request_id"": ""c4f28400bfd54f3bbb86f843f6fb61f5"", ""position"": 0, ""query_len"": 4096}]",[[4096]],"[""torch.bool""]","[{""argument"": ""args[0]"", ""shape"": [4096], ""dtype"": ""torch.bool"", ""device"": ""cuda:0"", ""stride"": [1]}]",139929,2880,1
enterprise,0,9575,prefill,2b19945777114854b82d6cd44b40f27b,optrace:9575:23,aten.mul.Tensor,"[{""request_id"": ""c4f28400bfd54f3bbb86f843f6fb61f5"", ""position"": 0, ""query_len"": 4096}]",[[4096]],"[""torch.bool""]","[{""argument"": ""args[0]"", ""shape"": [4096], ""dtype"": ""torch.bool"", ""device"": ""cuda:0"", ""stride"": [1]}]",30012,2560,1
enterprise,0,9575,prefill,2b19945777114854b82d6cd44b40f27b,optrace:9575:24,aten.add.Tensor,"[{""request_id"": ""c4f28400bfd54f3bbb86f843f6fb61f5"", ""position"": 0, ""query_len"": 4096}]","[[4096], [4096]]","[""torch.int64"", ""torch.int64""]","[{""argument"": ""args[0]"", ""shape"": [4096], ""dtype"": ""torch.int64"", ""device"": ""cuda:0"", ""stride"": [1]}, {""argument"": ""args[1]"", ""shape"": [4096], ""dtype"": ""torch.int64"", ""device"": ""cuda:0"", ""stride"": [1]}]",57191,1728,1
enterprise,0,9575,prefill,2b19945777114854b82d6cd44b40f27b,optrace:9575:25,aten.__or__.Tensor,"[{""request_id"": ""c4f28400bfd54f3bbb86f843f6fb61f5"", ""position"": 0, ""query_len"": 4096}]","[[4096], [4096]]","[""torch.bool"", ""torch.bool""]","[{""argument"": ""args[0]"", ""shape"": [4096], ""dtype"": ""torch.bool"", ""device"": ""cuda:0"", ""stride"": [1]}, {""argument"": ""args[1]"", ""shape"": [4096], ""dtype"": ""torch.bool"", ""device"": ""cuda:0"", ""stride"": [1]}]",49164,1376,1
enterprise,0,9575,prefill,2b19945777114854b82d6cd44b40f27b,optrace:9575:26,aten.sub.Tensor,"[{""request_id"": ""c4f28400bfd54f3bbb86f843f6fb61f5"", ""position"": 0, ""query_len"": 4096}]","[[4096], [4096]]","[""torch.int64"", ""torch.int64""]","[{""argument"": ""args[0]"", ""shape"": [4096], ""dtype"": ""torch.int64"", ""device"": ""cuda:0"", ""stride"": [1]}, {""argument"": ""args[1]"", ""shape"": [4096], ""dtype"": ""torch.int64"", ""device"": ""cuda:0"", ""stride"": [1]}]",25656,1728,1
enterprise,0,9575,prefill,2b19945777114854b82d6cd44b40f27b,optrace:9575:27,aten.mul.Tensor,"[{""request_id"": ""c4f28400bfd54f3bbb86f843f6fb61f5"", ""position"": 0, ""query_len"": 4096}]","[[4096], [4096]]","[""torch.bool"", ""torch.int64""]","[{""argument"": ""args[0]"", ""shape"": [4096], ""dtype"": ""torch.bool"", ""device"": ""cuda:0"", ""stride"": [1]}, {""argument"": ""args[1]"", ""shape"": [4096], ""dtype"": ""torch.int64"", ""device"": ""cuda:0"", ""stride"": [1]}]",95504,3456,1
enterprise,0,9575,prefill,2b19945777114854b82d6cd44b40f27b,optrace:9575:28,aten.bitwise_not.default,"[{""request_id"": ""c4f28400bfd54f3bbb86f843f6fb61f5"", ""position"": 0, ""query_len"": 4096}]",[[4096]],"[""torch.bool""]","[{""argument"": ""args[0]"", ""shape"": [4096], ""dtype"": ""torch.bool"", ""device"": ""cuda:0"", ""stride"": [1]}]",29475954,1376,1
enterprise,0,9575,prefill,2b19945777114854b82d6cd44b40f27b,optrace:9575:29,aten.to.dtype,"[{""request_id"": ""c4f28400bfd54f3bbb86f843f6fb61f5"", ""position"": 0, ""query_len"": 4096}]",[[4096]],"[""torch.int64""]","[{""argument"": ""args[0]"", ""shape"": [4096], ""dtype"": ""torch.int64"", ""device"": ""cuda:0"", ""stride"": [1]}]",21360,0,0
enterprise,0,9575,prefill,2b19945777114854b82d6cd44b40f27b,optrace:9575:30,aten.embedding.default,"[{""request_id"": ""c4f28400bfd54f3bbb86f843f6fb61f5"", ""position"": 0, ""query_len"": 4096}]","[[75968, 2048], [4096]]","[""torch.float16"", ""torch.int64""]","[{""argument"": ""args[0]"", ""shape"": [75968, 2048], ""dtype"": ""torch.float16"", ""device"": ""cuda:0"", ""stride"": [2048, 1]}, {""argument"": ""args[1]"", ""shape"": [4096], ""dtype"": ""torch.int64"", ""device"": ""cuda:0"", ""stride"": [1]}]",119387,36672,1
enterprise,0,9575,prefill,2b19945777114854b82d6cd44b40f27b,optrace:9575:31,aten.unsqueeze.default,"[{""request_id"": ""c4f28400bfd54f3bbb86f843f6fb61f5"", ""position"": 0, ""query_len"": 4096}]",[[4096]],"[""torch.bool""]","[{""argument"": ""args[0]"", ""shape"": [4096], ""dtype"": ""torch.bool"", ""device"": ""cuda:0"", ""stride"": [1]}]",11923,0,0
enterprise,0,9575,prefill,2b19945777114854b82d6cd44b40f27b,optrace:9575:32,aten.masked_fill_.Scalar,"[{""request_id"": ""c4f28400bfd54f3bbb86f843f6fb61f5"", ""position"": 0, ""query_len"": 4096}]","[[4096, 2048], [4096, 1]]","[""torch.float16"", ""torch.bool""]","[{""argument"": ""args[0]"", ""shape"": [4096, 2048], ""dtype"": ""torch.float16"", ""device"": ""cuda:0"", ""stride"": [2048, 1]}, {""argument"": ""args[1]"", ""shape"": [4096, 1], ""dtype"": ""torch.bool"", ""device"": ""cuda:0"", ""stride"": [1, 1]}]",41101,76415,1
enterprise,0,9575,prefill,2b19945777114854b82d6cd44b40f27b,optrace:9575:33,vllm.all_reduce.default,"[{""request_id"": ""c4f28400bfd54f3bbb86f843f6fb61f5"", ""position"": 0, ""query_len"": 4096}]","[[4096, 2048]]","[""torch.float16""]","[{""argument"": ""args[0]"", ""shape"": [4096, 2048], ""dtype"": ""torch.float16"", ""device"": ""cuda:0"", ""stride"": [2048, 1]}]",194478,0,0
enterprise,0,9575,prefill,2b19945777114854b82d6cd44b40f27b,optrace:9575:34,pynccl.all_reduce,"[{""request_id"": ""c4f28400bfd54f3bbb86f843f6fb61f5"", ""position"": 0, ""query_len"": 4096}]","[[4096, 2048]]","[""torch.float16""]","[{""argument"": ""args[0]"", ""shape"": [4096, 2048], ""dtype"": ""torch.float16"", ""device"": ""cuda:0"", ""stride"": [2048, 1]}]",161116,2006460,1
enterprise,0,9575,prefill,2b19945777114854b82d6cd44b40f27b,optrace:9575:35,aten.detach.default,"[{""request_id"": ""c4f28400bfd54f3bbb86f843f6fb61f5"", ""position"": 0, ""query_len"": 4096}]",[[2048]],"[""torch.float16""]","[{""argument"": ""args[0]"", ""shape"": [2048], ""dtype"": ""torch.float16"", ""device"": ""cuda:0"", ""stride"": [1]}]",15153,0,0
enterprise,0,9575,prefill,2b19945777114854b82d6cd44b40f27b,optrace:9575:36,aten.empty_like.default,"[{""request_id"": ""c4f28400bfd54f3bbb86f843f6fb61f5"", ""position"": 0, ""query_len"": 4096}]","[[4096, 2048]]","[""torch.float16""]","[{""argument"": ""args[0]"", ""shape"": [4096, 2048], ""dtype"": ""torch.float16"", ""device"": ""cuda:0"", ""stride"": [2048, 1]}]",21983,0,0
enterprise,0,9575,prefill,2b19945777114854b82d6cd44b40f27b,optrace:9575:37,_C.rms_norm.default,"[{""request_id"": ""c4f28400bfd54f3bbb86f843f6fb61f5"", ""position"": 0, ""query_len"": 4096}]","[[4096, 2048], [4096, 2048], [2048]]","[""torch.float16"", ""torch.float16"", ""torch.float16""]","[{""argument"": ""args[0]"", ""shape"": [4096, 2048], ""dtype"": ""torch.float16"", ""device"": ""cuda:0"", ""stride"": [2048, 1]}, {""argument"": ""args[1]"", ""shape"": [4096, 2048], ""dtype"": ""torch.float16"", ""device"": ""cuda:0"", ""stride"": [2048, 1]}, {""argument"": ""args[2]"", ""shape"": [2048], ""dtype"": ""torch.float16"", ""device"": ""cuda:0"", ""stride"": [1]}]",38728,123167,1
enterprise,0,9575,prefill,2b19945777114854b82d6cd44b40f27b,optrace:9575:38,aten.linear.default,"[{""request_id"": ""c4f28400bfd54f3bbb86f843f6fb61f5"", ""position"": 0, ""query_len"": 4096}]","[[4096, 2048], [1280, 2048], [1280]]","[""torch.float16"", ""torch.float16"", ""torch.float16""]","[{""argument"": ""args[0]"", ""shape"": [4096, 2048], ""dtype"": ""torch.float16"", ""device"": ""cuda:0"", ""stride"": [2048, 1]}, {""argument"": ""args[1]"", ""shape"": [1280, 2048], ""dtype"": ""torch.float16"", ""device"": ""cuda:0"", ""stride"": [2048, 1]}, {""argument"": ""args[2]"", ""shape"": [1280], ""dtype"": ""torch.float16"", ""device"": ""cuda:0"", ""stride"": [1]}]",143489,292864,1
enterprise,0,9575,prefill,2b19945777114854b82d6cd44b40f27b,optrace:9575:39,aten.split_with_sizes.default,"[{""request_id"": ""c4f28400bfd54f3bbb86f843f6fb61f5"", ""position"": 0, ""query_len"": 4096}]","[[4096, 1280]]","[""torch.float16""]","[{""argument"": ""args[0]"", ""shape"": [4096, 1280], ""dtype"": ""torch.float16"", ""device"": ""cuda:0"", ""stride"": [1280, 1]}]",24214,0,0
enterprise,0,9575,prefill,2b19945777114854b82d6cd44b40f27b,optrace:9575:40,_C.rotary_embedding.default,"[{""request_id"": ""c4f28400bfd54f3bbb86f843f6fb61f5"", ""position"": 0, ""query_len"": 4096}]","[[4096], [4096, 1024], [4096, 128], [32768, 128]]","[""torch.int64"", ""torch.float16"", ""torch.float16"", ""torch.float16""]","[{""argument"": ""args[0]"", ""shape"": [4096], ""dtype"": ""torch.int64"", ""device"": ""cuda:0"", ""stride"": [1]}, {""argument"": ""args[1]"", ""shape"": [4096, 1024], ""dtype"": ""torch.float16"", ""device"": ""cuda:0"", ""stride"": [1280, 1]}, {""argument"": ""args[2]"", ""shape"": [4096, 128], ""dtype"": ""torch.float16"", ""device"": ""cuda:0"", ""stride"": [1280, 1]}, {""argument"": ""args[4]"", ""shape"": [32768, 128], ""dtype"": ""torch.float16"", ""device"": ""cuda:0"", ""stride"": [128, 1]}]",32937,46848,1
enterprise,0,9575,prefill,2b19945777114854b82d6cd44b40f27b,optrace:9575:41,aten.zeros.default,"[{""request_id"": ""c4f28400bfd54f3bbb86f843f6fb61f5"", ""position"": 0, ""query_len"": 4096}]",[],[],[],60071,17664,1
enterprise,0,9575,prefill,2b19945777114854b82d6cd44b40f27b,optrace:9575:42,aten.view.default,"[{""request_id"": ""c4f28400bfd54f3bbb86f843f6fb61f5"", ""position"": 0, ""query_len"": 4096}]","[[4096, 1024]]","[""torch.float16""]","[{""argument"": ""args[0]"", ""shape"": [4096, 1024], ""dtype"": ""torch.float16"", ""device"": ""cuda:0"", ""stride"": [1280, 1]}]",31926,0,0
enterprise,0,9575,prefill,2b19945777114854b82d6cd44b40f27b,optrace:9575:43,aten.view.default,"[{""request_id"": ""c4f28400bfd54f3bbb86f843f6fb61f5"", ""position"": 0, ""query_len"": 4096}]","[[4096, 1024]]","[""torch.float16""]","[{""argument"": ""args[0]"", ""shape"": [4096, 1024], ""dtype"": ""torch.float16"", ""device"": ""cuda:0"", ""stride"": [1024, 1]}]",5945,0,0
enterprise,0,9575,prefill,2b19945777114854b82d6cd44b40f27b,optrace:9575:44,aten.view.default,"[{""request_id"": ""c4f28400bfd54f3bbb86f843f6fb61f5"", ""position"": 0, ""query_len"": 4096}]","[[4096, 128]]","[""torch.float16""]","[{""argument"": ""args[0]"", ""shape"": [4096, 128], ""dtype"": ""torch.float16"", ""device"": ""cuda:0"", ""stride"": [1280, 1]}]",7030,0,0
enterprise,0,9575,prefill,2b19945777114854b82d6cd44b40f27b,optrace:9575:45,aten.view.default,"[{""request_id"": ""c4f28400bfd54f3bbb86f843f6fb61f5"", ""position"": 0, ""query_len"": 4096}]","[[4096, 128]]","[""torch.float16""]","[{""argument"": ""args[0]"", ""shape"": [4096, 128], ""dtype"": ""torch.float16"", ""device"": ""cuda:0"", ""stride"": [1280, 1]}]",4883,0,0
enterprise,0,9575,prefill,2b19945777114854b82d6cd44b40f27b,optrace:9575:46,vllm.unified_attention_with_output.default,"[{""request_id"": ""c4f28400bfd54f3bbb86f843f6fb61f5"", ""position"": 0, ""query_len"": 4096}]","[[4096, 8, 128], [4096, 1, 128], [4096, 1, 128], [4096, 8, 128]]","[""torch.float16"", ""torch.float16"", ""torch.float16"", ""torch.float16""]","[{""argument"": ""args[0]"", ""shape"": [4096, 8, 128], ""dtype"": ""torch.float16"", ""device"": ""cuda:0"", ""stride"": [1280, 128, 1]}, {""argument"": ""args[1]"", ""shape"": [4096, 1, 128], ""dtype"": ""torch.float16"", ""device"": ""cuda:0"", ""stride"": [1280, 128, 1]}, {""argument"": ""args[2]"", ""shape"": [4096, 1, 128], ""dtype"": ""torch.float16"", ""device"": ""cuda:0"", ""stride"": [1280, 128, 1]}, {""argument"": ""args[3]"", ""shape"": [4096, 8, 128], ""dtype"": ""torch.float16"", ""device"": ""cuda:0"", ""stride"": [1024, 128, 1]}]",513546,514431,2
enterprise,0,9575,prefill,2b19945777114854b82d6cd44b40f27b,optrace:9575:47,aten.view.default,"[{""request_id"": ""c4f28400bfd54f3bbb86f843f6fb61f5"", ""position"": 0, ""query_len"": 4096}]","[[4096, 8, 128]]","[""torch.float16""]","[{""argument"": ""args[0]"", ""shape"": [4096, 8, 128], ""dtype"": ""torch.float16"", ""device"": ""cuda:0"", ""stride"": [1024, 128, 1]}]",11310,0,0
enterprise,0,9575,prefill,2b19945777114854b82d6cd44b40f27b,optrace:9575:48,aten.linear.default,"[{""request_id"": ""c4f28400bfd54f3bbb86f843f6fb61f5"", ""position"": 0, ""query_len"": 4096}]","[[4096, 1024], [2048, 1024]]","[""torch.float16"", ""torch.float16""]","[{""argument"": ""args[0]"", ""shape"": [4096, 1024], ""dtype"": ""torch.float16"", ""device"": ""cuda:0"", ""stride"": [1024, 1]}, {""argument"": ""args[1]"", ""shape"": [2048, 1024], ""dtype"": ""torch.float16"", ""device"": ""cuda:0"", ""stride"": [1024, 1]}]",83818,200480,1
enterprise,0,9575,prefill,2b19945777114854b82d6cd44b40f27b,optrace:9575:49,vllm.all_reduce.default,"[{""request_id"": ""c4f28400bfd54f3bbb86f843f6fb61f5"", ""position"": 0, ""query_len"": 4096}]","[[4096, 2048]]","[""torch.float16""]","[{""argument"": ""args[0]"", ""shape"": [4096, 2048], ""dtype"": ""torch.float16"", ""device"": ""cuda:0"", ""stride"": [2048, 1]}]",112032,0,0
enterprise,0,9575,prefill,2b19945777114854b82d6cd44b40f27b,optrace:9575:50,pynccl.all_reduce,"[{""request_id"": ""c4f28400bfd54f3bbb86f843f6fb61f5"", ""position"": 0, ""query_len"": 4096}]","[[4096, 2048]]","[""torch.float16""]","[{""argument"": ""args[0]"", ""shape"": [4096, 2048], ""dtype"": ""torch.float16"", ""device"": ""cuda:0"", ""stride"": [2048, 1]}]",89970,1115293,1
enterprise,0,9575,prefill,2b19945777114854b82d6cd44b40f27b,optrace:9575:51,aten.detach.default,"[{""request_id"": ""c4f28400bfd54f3bbb86f843f6fb61f5"", ""position"": 0, ""query_len"": 4096}]",[[2048]],"[""torch.float16""]","[{""argument"": ""args[0]"", ""shape"": [2048], ""dtype"": ""torch.float16"", ""device"": ""cuda:0"", ""stride"": [1]}]",8871,0,0
enterprise,0,9575,prefill,2b19945777114854b82d6cd44b40f27b,optrace:9575:52,_C.fused_add_rms_norm.default,"[{""request_id"": ""c4f28400bfd54f3bbb86f843f6fb61f5"", ""position"": 0, ""query_len"": 4096}]","[[4096, 2048], [4096, 2048], [2048]]","[""torch.float16"", ""torch.float16"", ""torch.float16""]","[{""argument"": ""args[0]"", ""shape"": [4096, 2048], ""dtype"": ""torch.float16"", ""device"": ""cuda:0"", ""stride"": [2048, 1]}, {""argument"": ""args[1]"", ""shape"": [4096, 2048], ""dtype"": ""torch.float16"", ""device"": ""cuda:0"", ""stride"": [2048, 1]}, {""argument"": ""args[2]"", ""shape"": [2048], ""dtype"": ""torch.float16"", ""device"": ""cuda:0"", ""stride"": [1]}]",25570,138560,1
enterprise,0,9575,prefill,2b19945777114854b82d6cd44b40f27b,optrace:9575:53,aten.linear.default,"[{""request_id"": ""c4f28400bfd54f3bbb86f843f6fb61f5"", ""position"": 0, ""query_len"": 4096}]","[[4096, 2048], [11008, 2048]]","[""torch.float16"", ""torch.float16""]","[{""argument"": ""args[0]"", ""shape"": [4096, 2048], ""dtype"": ""torch.float16"", ""device"": ""cuda:0"", ""stride"": [2048, 1]}, {""argument"": ""args[1]"", ""shape"": [11008, 2048], ""dtype"": ""torch.float16"", ""device"": ""cuda:0"", ""stride"": [2048, 1]}]",86030,2094460,1
enterprise,0,9575,prefill,2b19945777114854b82d6cd44b40f27b,optrace:9575:54,aten.empty.memory_format,"[{""request_id"": ""c4f28400bfd54f3bbb86f843f6fb61f5"", ""position"": 0, ""query_len"": 4096}]",[],[],[],24856,0,0
enterprise,0,9575,prefill,2b19945777114854b82d6cd44b40f27b,optrace:9575:55,_C.silu_and_mul.default,"[{""request_id"": ""c4f28400bfd54f3bbb86f843f6fb61f5"", ""position"": 0, ""query_len"": 4096}]","[[4096, 5504], [4096, 11008]]","[""torch.float16"", ""torch.float16""]","[{""argument"": ""args[0]"", ""shape"": [4096, 5504], ""dtype"": ""torch.float16"", ""device"": ""cuda:0"", ""stride"": [5504, 1]}, {""argument"": ""args[1]"", ""shape"": [4096, 11008], ""dtype"": ""torch.float16"", ""device"": ""cuda:0"", ""stride"": [11008, 1]}]",22269,291231,1
enterprise,0,9575,prefill,2b19945777114854b82d6cd44b40f27b,optrace:9575:56,aten.linear.default,"[{""request_id"": ""c4f28400bfd54f3bbb86f843f6fb61f5"", ""position"": 0, ""query_len"": 4096}]","[[4096, 5504], [2048, 5504]]","[""torch.float16"", ""torch.float16""]","[{""argument"": ""args[0]"", ""shape"": [4096, 5504], ""dtype"": ""torch.float16"", ""device"": ""cuda:0"", ""stride"": [5504, 1]}, {""argument"": ""args[1]"", ""shape"": [2048, 5504], ""dtype"": ""torch.float16"", ""device"": ""cuda:0"", ""stride"": [5504, 1]}]",52436,968414,1
enterprise,0,9575,prefill,2b19945777114854b82d6cd44b40f27b,optrace:9575:57,vllm.all_reduce.default,"[{""request_id"": ""c4f28400bfd54f3bbb86f843f6fb61f5"", ""position"": 0, ""query_len"": 4096}]","[[4096, 2048]]","[""torch.float16""]","[{""argument"": ""args[0]"", ""shape"": [4096, 2048], ""dtype"": ""torch.float16"", ""device"": ""cuda:0"", ""stride"": [2048, 1]}]",86480,0,0
enterprise,0,9575,prefill,2b19945777114854b82d6cd44b40f27b,optrace:9575:58,pynccl.all_reduce,"[{""request_id"": ""c4f28400bfd54f3bbb86f843f6fb61f5"", ""position"": 0, ""query_len"": 4096}]","[[4096, 2048]]","[""torch.float16""]","[{""argument"": ""args[0]"", ""shape"": [4096, 2048], ""dtype"": ""torch.float16"", ""device"": ""cuda:0"", ""stride"": [2048, 1]}]",65951,1115837,1
enterprise,0,9575,prefill,2b19945777114854b82d6cd44b40f27b,optrace:9575:59,aten.detach.default,"[{""request_id"": ""c4f28400bfd54f3bbb86f843f6fb61f5"", ""position"": 0, ""query_len"": 4096}]",[[2048]],"[""torch.float16""]","[{""argument"": ""args[0]"", ""shape"": [2048], ""dtype"": ""torch.float16"", ""device"": ""cuda:0"", ""stride"": [1]}]",7811,0,0
enterprise,0,9575,prefill,2b19945777114854b82d6cd44b40f27b,optrace:9575:60,_C.fused_add_rms_norm.default,"[{""request_id"": ""c4f28400bfd54f3bbb86f843f6fb61f5"", ""position"": 0, ""query_len"": 4096}]","[[4096, 2048], [4096, 2048], [2048]]","[""torch.float16"", ""torch.float16"", ""torch.float16""]","[{""argument"": ""args[0]"", ""shape"": [4096, 2048], ""dtype"": ""torch.float16"", ""device"": ""cuda:0"", ""stride"": [2048, 1]}, {""argument"": ""args[1]"", ""shape"": [4096, 2048], ""dtype"": ""torch.float16"", ""device"": ""cuda:0"", ""stride"": [2048, 1]}, {""argument"": ""args[2]"", ""shape"": [2048], ""dtype"": ""torch.float16"", ""device"": ""cuda:0"", ""stride"": [1]}]",19945,139008,1
enterprise,0,9575,prefill,2b19945777114854b82d6cd44b40f27b,optrace:9575:61,aten.linear.default,"[{""request_id"": ""c4f28400bfd54f3bbb86f843f6fb61f5"", ""position"": 0, ""query_len"": 4096}]","[[4096, 2048], [1280, 2048], [1280]]","[""torch.float16"", ""torch.float16"", ""torch.float16""]","[{""argument"": ""args[0]"", ""shape"": [4096, 2048], ""dtype"": ""torch.float16"", ""device"": ""cuda:0"", ""stride"": [2048, 1]}, {""argument"": ""args[1]"", ""shape"": [1280, 2048], ""dtype"": ""torch.float16"", ""device"": ""cuda:0"", ""stride"": [2048, 1]}, {""argument"": ""args[2]"", ""shape"": [1280], ""dtype"": ""torch.float16"", ""device"": ""cuda:0"", ""stride"": [1]}]",67266,293311,1
enterprise,0,9575,prefill,2b19945777114854b82d6cd44b40f27b,optrace:9575:62,aten.split_with_sizes.default,"[{""request_id"": ""c4f28400bfd54f3bbb86f843f6fb61f5"", ""position"": 0, ""query_len"": 4096}]","[[4096, 1280]]","[""torch.float16""]","[{""argument"": ""args[0]"", ""shape"": [4096, 1280], ""dtype"": ""torch.float16"", ""device"": ""cuda:0"", ""stride"": [1280, 1]}]",14922,0,0
enterprise,0,9575,prefill,2b19945777114854b82d6cd44b40f27b,optrace:9575:63,_C.rotary_embedding.default,"[{""request_id"": ""c4f28400bfd54f3bbb86f843f6fb61f5"", ""position"": 0, ""query_len"": 4096}]","[[4096], [4096, 1024], [4096, 128], [32768, 128]]","[""torch.int64"", ""torch.float16"", ""torch.float16"", ""torch.float16""]","[{""argument"": ""args[0]"", ""shape"": [4096], ""dtype"": ""torch.int64"", ""device"": ""cuda:0"", ""stride"": [1]}, {""argument"": ""args[1]"", ""shape"": [4096, 1024], ""dtype"": ""torch.float16"", ""device"": ""cuda:0"", ""stride"": [1280, 1]}, {""argument"": ""args[2]"", ""shape"": [4096, 128], ""dtype"": ""torch.float16"", ""device"": ""cuda:0"", ""stride"": [1280, 1]}, {""argument"": ""args[4]"", ""shape"": [32768, 128], ""dtype"": ""torch.float16"", ""device"": ""cuda:0"", ""stride"": [128, 1]}]",28082,46528,1
enterprise,0,9575,prefill,2b19945777114854b82d6cd44b40f27b,optrace:9575:64,aten.zeros.default,"[{""request_id"": ""c4f28400bfd54f3bbb86f843f6fb61f5"", ""position"": 0, ""query_len"": 4096}]",[],[],[],41723,17472,1
enterprise,0,9575,prefill,2b19945777114854b82d6cd44b40f27b,optrace:9575:65,aten.view.default,"[{""request_id"": ""c4f28400bfd54f3bbb86f843f6fb61f5"", ""position"": 0, ""query_len"": 4096}]","[[4096, 1024]]","[""torch.float16""]","[{""argument"": ""args[0]"", ""shape"": [4096, 1024], ""dtype"": ""torch.float16"", ""device"": ""cuda:0"", ""stride"": [1280, 1]}]",8927,0,0
enterprise,0,9575,prefill,2b19945777114854b82d6cd44b40f27b,optrace:9575:66,aten.view.default,"[{""request_id"": ""c4f28400bfd54f3bbb86f843f6fb61f5"", ""position"": 0, ""query_len"": 4096}]","[[4096, 1024]]","[""torch.float16""]","[{""argument"": ""args[0]"", ""shape"": [4096, 1024], ""dtype"": ""torch.float16"", ""device"": ""cuda:0"", ""stride"": [1024, 1]}]",5384,0,0
enterprise,0,9575,prefill,2b19945777114854b82d6cd44b40f27b,optrace:9575:67,aten.view.default,"[{""request_id"": ""c4f28400bfd54f3bbb86f843f6fb61f5"", ""position"": 0, ""query_len"": 4096}]","[[4096, 128]]","[""torch.float16""]","[{""argument"": ""args[0]"", ""shape"": [4096, 128], ""dtype"": ""torch.float16"", ""device"": ""cuda:0"", ""stride"": [1280, 1]}]",5251,0,0
enterprise,0,9575,prefill,2b19945777114854b82d6cd44b40f27b,optrace:9575:68,aten.view.default,"[{""request_id"": ""c4f28400bfd54f3bbb86f843f6fb61f5"", ""position"": 0, ""query_len"": 4096}]","[[4096, 128]]","[""torch.float16""]","[{""argument"": ""args[0]"", ""shape"": [4096, 128], ""dtype"": ""torch.float16"", ""device"": ""cuda:0"", ""stride"": [1280, 1]}]",7748,0,0
enterprise,0,9575,prefill,2b19945777114854b82d6cd44b40f27b,optrace:9575:69,vllm.unified_attention_with_output.default,"[{""request_id"": ""c4f28400bfd54f3bbb86f843f6fb61f5"", ""position"": 0, ""query_len"": 4096}]","[[4096, 8, 128], [4096, 1, 128], [4096, 1, 128], [4096, 8, 128]]","[""torch.float16"", ""torch.float16"", ""torch.float16"", ""torch.float16""]","[{""argument"": ""args[0]"", ""shape"": [4096, 8, 128], ""dtype"": ""torch.float16"", ""device"": ""cuda:0"", ""stride"": [1280, 128, 1]}, {""argument"": ""args[1]"", ""shape"": [4096, 1, 128], ""dtype"": ""torch.float16"", ""device"": ""cuda:0"", ""stride"": [1280, 128, 1]}, {""argument"": ""args[2]"", ""shape"": [4096, 1, 128], ""dtype"": ""torch.float16"", ""device"": ""cuda:0"", ""stride"": [1280, 128, 1]}, {""argument"": ""args[3]"", ""shape"": [4096, 8, 128], ""dtype"": ""torch.float16"", ""device"": ""cuda:0"", ""stride"": [1024, 128, 1]}]",196732,505983,2
enterprise,0,9575,prefill,2b19945777114854b82d6cd44b40f27b,optrace:9575:70,aten.view.default,"[{""request_id"": ""c4f28400bfd54f3bbb86f843f6fb61f5"", ""position"": 0, ""query_len"": 4096}]","[[4096, 8, 128]]","[""torch.float16""]","[{""argument"": ""args[0]"", ""shape"": [4096, 8, 128], ""dtype"": ""torch.float16"", ""device"": ""cuda:0"", ""stride"": [1024, 128, 1]}]",9031,0,0
enterprise,0,9575,prefill,2b19945777114854b82d6cd44b40f27b,optrace:9575:71,aten.linear.default,"[{""request_id"": ""c4f28400bfd54f3bbb86f843f6fb61f5"", ""position"": 0, ""query_len"": 4096}]","[[4096, 1024], [2048, 1024]]","[""torch.float16"", ""torch.float16""]","[{""argument"": ""args[0]"", ""shape"": [4096, 1024], ""dtype"": ""torch.float16"", ""device"": ""cuda:0"", ""stride"": [1024, 1]}, {""argument"": ""args[1]"", ""shape"": [2048, 1024], ""dtype"": ""torch.float16"", ""device"": ""cuda:0"", ""stride"": [1024, 1]}]",54506,198944,1
enterprise,0,9575,prefill,2b19945777114854b82d6cd44b40f27b,optrace:9575:72,vllm.all_reduce.default,"[{""request_id"": ""c4f28400bfd54f3bbb86f843f6fb61f5"", ""position"": 0, ""query_len"": 4096}]","[[4096, 2048]]","[""torch.float16""]","[{""argument"": ""args[0]"", ""shape"": [4096, 2048], ""dtype"": ""torch.float16"", ""device"": ""cuda:0"", ""stride"": [2048, 1]}]",88494,0,0
enterprise,0,9575,prefill,2b19945777114854b82d6cd44b40f27b,optrace:9575:73,pynccl.all_reduce,"[{""request_id"": ""c4f28400bfd54f3bbb86f843f6fb61f5"", ""position"": 0, ""query_len"": 4096}]","[[4096, 2048]]","[""torch.float16""]","[{""argument"": ""args[0]"", ""shape"": [4096, 2048], ""dtype"": ""torch.float16"", ""device"": ""cuda:0"", ""stride"": [2048, 1]}]",68655,1106205,1
enterprise,0,9575,prefill,2b19945777114854b82d6cd44b40f27b,optrace:9575:74,aten.detach.default,"[{""request_id"": ""c4f28400bfd54f3bbb86f843f6fb61f5"", ""position"": 0, ""query_len"": 4096}]",[[2048]],"[""torch.float16""]","[{""argument"": ""args[0]"", ""shape"": [2048], ""dtype"": ""torch.float16"", ""device"": ""cuda:0"", ""stride"": [1]}]",7912,0,0
enterprise,0,9575,prefill,2b19945777114854b82d6cd44b40f27b,optrace:9575:75,_C.fused_add_rms_norm.default,"[{""request_id"": ""c4f28400bfd54f3bbb86f843f6fb61f5"", ""position"": 0, ""query_len"": 4096}]","[[4096, 2048], [4096, 2048], [2048]]","[""torch.float16"", ""torch.float16"", ""torch.float16""]","[{""argument"": ""args[0]"", ""shape"": [4096, 2048], ""dtype"": ""torch.float16"", ""device"": ""cuda:0"", ""stride"": [2048, 1]}, {""argument"": ""args[1]"", ""shape"": [4096, 2048], ""dtype"": ""torch.float16"", ""device"": ""cuda:0"", ""stride"": [2048, 1]}, {""argument"": ""args[2]"", ""shape"": [2048], ""dtype"": ""torch.float16"", ""device"": ""cuda:0"", ""stride"": [1]}]",21498,139136,1
enterprise,0,9575,prefill,2b19945777114854b82d6cd44b40f27b,optrace:9575:76,aten.linear.default,"[{""request_id"": ""c4f28400bfd54f3bbb86f843f6fb61f5"", ""position"": 0, ""query_len"": 4096}]","[[4096, 2048], [11008, 2048]]","[""torch.float16"", ""torch.float16""]","[{""argument"": ""args[0]"", ""shape"": [4096, 2048], ""dtype"": ""torch.float16"", ""device"": ""cuda:0"", ""stride"": [2048, 1]}, {""argument"": ""args[1]"", ""shape"": [11008, 2048], ""dtype"": ""torch.float16"", ""device"": ""cuda:0"", ""stride"": [2048, 1]}]",63527,2091131,1
enterprise,0,9575,prefill,2b19945777114854b82d6cd44b40f27b,optrace:9575:77,aten.empty.memory_format,"[{""request_id"": ""c4f28400bfd54f3bbb86f843f6fb61f5"", ""position"": 0, ""query_len"": 4096}]",[],[],[],22332,0,0
enterprise,0,9575,prefill,2b19945777114854b82d6cd44b40f27b,optrace:9575:78,_C.silu_and_mul.default,"[{""request_id"": ""c4f28400bfd54f3bbb86f843f6fb61f5"", ""position"": 0, ""query_len"": 4096}]","[[4096, 5504], [4096, 11008]]","[""torch.float16"", ""torch.float16""]","[{""argument"": ""args[0]"", ""shape"": [4096, 5504], ""dtype"": ""torch.float16"", ""device"": ""cuda:0"", ""stride"": [5504, 1]}, {""argument"": ""args[1]"", ""shape"": [4096, 11008], ""dtype"": ""torch.float16"", ""device"": ""cuda:0"", ""stride"": [11008, 1]}]",19143,291424,1
enterprise,0,9575,prefill,2b19945777114854b82d6cd44b40f27b,optrace:9575:79,aten.linear.default,"[{""request_id"": ""c4f28400bfd54f3bbb86f843f6fb61f5"", ""position"": 0, ""query_len"": 4096}]","[[4096, 5504], [2048, 5504]]","[""torch.float16"", ""torch.float16""]","[{""argument"": ""args[0]"", ""shape"": [4096, 5504], ""dtype"": ""torch.float16"", ""device"": ""cuda:0"", ""stride"": [5504, 1]}, {""argument"": ""args[1]"", ""shape"": [2048, 5504], ""dtype"": ""torch.float16"", ""device"": ""cuda:0"", ""stride"": [5504, 1]}]",47574,958046,1
enterprise,0,9575,prefill,2b19945777114854b82d6cd44b40f27b,optrace:9575:80,vllm.all_reduce.default,"[{""request_id"": ""c4f28400bfd54f3bbb86f843f6fb61f5"", ""position"": 0, ""query_len"": 4096}]","[[4096, 2048]]","[""torch.float16""]","[{""argument"": ""args[0]"", ""shape"": [4096, 2048], ""dtype"": ""torch.float16"", ""device"": ""cuda:0"", ""stride"": [2048, 1]}]",77878,0,0
enterprise,0,9575,prefill,2b19945777114854b82d6cd44b40f27b,optrace:9575:81,pynccl.all_reduce,"[{""request_id"": ""c4f28400bfd54f3bbb86f843f6fb61f5"", ""position"": 0, ""query_len"": 4096}]","[[4096, 2048]]","[""torch.float16""]","[{""argument"": ""args[0]"", ""shape"": [4096, 2048], ""dtype"": ""torch.float16"", ""device"": ""cuda:0"", ""stride"": [2048, 1]}]",59164,1122173,1
enterprise,0,9575,prefill,2b19945777114854b82d6cd44b40f27b,optrace:9575:82,aten.detach.default,"[{""request_id"": ""c4f28400bfd54f3bbb86f843f6fb61f5"", ""position"": 0, ""query_len"": 4096}]",[[2048]],"[""torch.float16""]","[{""argument"": ""args[0]"", ""shape"": [2048], ""dtype"": ""torch.float16"", ""device"": ""cuda:0"", ""stride"": [1]}]",8645,0,0
enterprise,0,9575,prefill,2b19945777114854b82d6cd44b40f27b,optrace:9575:83,_C.fused_add_rms_norm.default,"[{""request_id"": ""c4f28400bfd54f3bbb86f843f6fb61f5"", ""position"": 0, ""query_len"": 4096}]","[[4096, 2048], [4096, 2048], [2048]]","[""torch.float16"", ""torch.float16"", ""torch.float16""]","[{""argument"": ""args[0]"", ""shape"": [4096, 2048], ""dtype"": ""torch.float16"", ""device"": ""cuda:0"", ""stride"": [2048, 1]}, {""argument"": ""args[1]"", ""shape"": [4096, 2048], ""dtype"": ""torch.float16"", ""device"": ""cuda:0"", ""stride"": [2048, 1]}, {""argument"": ""args[2]"", ""shape"": [2048], ""dtype"": ""torch.float16"", ""device"": ""cuda:0"", ""stride"": [1]}]",21014,139136,1
enterprise,0,9575,prefill,2b19945777114854b82d6cd44b40f27b,optrace:9575:84,aten.linear.default,"[{""request_id"": ""c4f28400bfd54f3bbb86f843f6fb61f5"", ""position"": 0, ""query_len"": 4096}]","[[4096, 2048], [1280, 2048], [1280]]","[""torch.float16"", ""torch.float16"", ""torch.float16""]","[{""argument"": ""args[0]"", ""shape"": [4096, 2048], ""dtype"": ""torch.float16"", ""device"": ""cuda:0"", ""stride"": [2048, 1]}, {""argument"": ""args[1]"", ""shape"": [1280, 2048], ""dtype"": ""torch.float16"", ""device"": ""cuda:0"", ""stride"": [2048, 1]}, {""argument"": ""args[2]"", ""shape"": [1280], ""dtype"": ""torch.float16"", ""device"": ""cuda:0"", ""stride"": [1]}]",62852,294079,1
enterprise,0,9575,prefill,2b19945777114854b82d6cd44b40f27b,optrace:9575:85,aten.split_with_sizes.default,"[{""request_id"": ""c4f28400bfd54f3bbb86f843f6fb61f5"", ""position"": 0, ""query_len"": 4096}]","[[4096, 1280]]","[""torch.float16""]","[{""argument"": ""args[0]"", ""shape"": [4096, 1280], ""dtype"": ""torch.float16"", ""device"": ""cuda:0"", ""stride"": [1280, 1]}]",14221,0,0
enterprise,0,9575,prefill,2b19945777114854b82d6cd44b40f27b,optrace:9575:86,_C.rotary_embedding.default,"[{""request_id"": ""c4f28400bfd54f3bbb86f843f6fb61f5"", ""position"": 0, ""query_len"": 4096}]","[[4096], [4096, 1024], [4096, 128], [32768, 128]]","[""torch.int64"", ""torch.float16"", ""torch.float16"", ""torch.float16""]","[{""argument"": ""args[0]"", ""shape"": [4096], ""dtype"": ""torch.int64"", ""device"": ""cuda:0"", ""stride"": [1]}, {""argument"": ""args[1]"", ""shape"": [4096, 1024], ""dtype"": ""torch.float16"", ""device"": ""cuda:0"", ""stride"": [1280, 1]}, {""argument"": ""args[2]"", ""shape"": [4096, 128], ""dtype"": ""torch.float16"", ""device"": ""cuda:0"", ""stride"": [1280, 1]}, {""argument"": ""args[4]"", ""shape"": [32768, 128], ""dtype"": ""torch.float16"", ""device"": ""cuda:0"", ""stride"": [128, 1]}]",21062,47072,1
enterprise,0,9575,prefill,2b19945777114854b82d6cd44b40f27b,optrace:9575:87,aten.zeros.default,"[{""request_id"": ""c4f28400bfd54f3bbb86f843f6fb61f5"", ""position"": 0, ""query_len"": 4096}]",[],[],[],41451,17376,1
enterprise,0,9575,prefill,2b19945777114854b82d6cd44b40f27b,optrace:9575:88,aten.view.default,"[{""request_id"": ""c4f28400bfd54f3bbb86f843f6fb61f5"", ""position"": 0, ""query_len"": 4096}]","[[4096, 1024]]","[""torch.float16""]","[{""argument"": ""args[0]"", ""shape"": [4096, 1024], ""dtype"": ""torch.float16"", ""device"": ""cuda:0"", ""stride"": [1280, 1]}]",8737,0,0
enterprise,0,9575,prefill,2b19945777114854b82d6cd44b40f27b,optrace:9575:89,aten.view.default,"[{""request_id"": ""c4f28400bfd54f3bbb86f843f6fb61f5"", ""position"": 0, ""query_len"": 4096}]","[[4096, 1024]]","[""torch.float16""]","[{""argument"": ""args[0]"", ""shape"": [4096, 1024], ""dtype"": ""torch.float16"", ""device"": ""cuda:0"", ""stride"": [1024, 1]}]",5685,0,0
enterprise,0,9575,prefill,2b19945777114854b82d6cd44b40f27b,optrace:9575:90,aten.view.default,"[{""request_id"": ""c4f28400bfd54f3bbb86f843f6fb61f5"", ""position"": 0, ""query_len"": 4096}]","[[4096, 128]]","[""torch.float16""]","[{""argument"": ""args[0]"", ""shape"": [4096, 128], ""dtype"": ""torch.float16"", ""device"": ""cuda:0"", ""stride"": [1280, 1]}]",5111,0,0
enterprise,0,9575,prefill,2b19945777114854b82d6cd44b40f27b,optrace:9575:91,aten.view.default,"[{""request_id"": ""c4f28400bfd54f3bbb86f843f6fb61f5"", ""position"": 0, ""query_len"": 4096}]","[[4096, 128]]","[""torch.float16""]","[{""argument"": ""args[0]"", ""shape"": [4096, 128], ""dtype"": ""torch.float16"", ""device"": ""cuda:0"", ""stride"": [1280, 1]}]",5316,0,0
enterprise,0,9575,prefill,2b19945777114854b82d6cd44b40f27b,optrace:9575:92,vllm.unified_attention_with_output.default,"[{""request_id"": ""c4f28400bfd54f3bbb86f843f6fb61f5"", ""position"": 0, ""query_len"": 4096}]","[[4096, 8, 128], [4096, 1, 128], [4096, 1, 128], [4096, 8, 128]]","[""torch.float16"", ""torch.float16"", ""torch.float16"", ""torch.float16""]","[{""argument"": ""args[0]"", ""shape"": [4096, 8, 128], ""dtype"": ""torch.float16"", ""device"": ""cuda:0"", ""stride"": [1280, 128, 1]}, {""argument"": ""args[1]"", ""shape"": [4096, 1, 128], ""dtype"": ""torch.float16"", ""device"": ""cuda:0"", ""stride"": [1280, 128, 1]}, {""argument"": ""args[2]"", ""shape"": [4096, 1, 128], ""dtype"": ""torch.float16"", ""device"": ""cuda:0"", ""stride"": [1280, 128, 1]}, {""argument"": ""args[3]"", ""shape"": [4096, 8, 128], ""dtype"": ""torch.float16"", ""device"": ""cuda:0"", ""stride"": [1024, 128, 1]}]",182976,500351,2
enterprise,0,9575,prefill,2b19945777114854b82d6cd44b40f27b,optrace:9575:93,aten.view.default,"[{""request_id"": ""c4f28400bfd54f3bbb86f843f6fb61f5"", ""position"": 0, ""query_len"": 4096}]","[[4096, 8, 128]]","[""torch.float16""]","[{""argument"": ""args[0]"", ""shape"": [4096, 8, 128], ""dtype"": ""torch.float16"", ""device"": ""cuda:0"", ""stride"": [1024, 128, 1]}]",9512,0,0
enterprise,0,9575,prefill,2b19945777114854b82d6cd44b40f27b,optrace:9575:94,aten.linear.default,"[{""request_id"": ""c4f28400bfd54f3bbb86f843f6fb61f5"", ""position"": 0, ""query_len"": 4096}]","[[4096, 1024], [2048, 1024]]","[""torch.float16"", ""torch.float16""]","[{""argument"": ""args[0]"", ""shape"": [4096, 1024], ""dtype"": ""torch.float16"", ""device"": ""cuda:0"", ""stride"": [1024, 1]}, {""argument"": ""args[1]"", ""shape"": [2048, 1024], ""dtype"": ""torch.float16"", ""device"": ""cuda:0"", ""stride"": [1024, 1]}]",54104,199104,1
enterprise,0,9575,prefill,2b19945777114854b82d6cd44b40f27b,optrace:9575:95,vllm.all_reduce.default,"[{""request_id"": ""c4f28400bfd54f3bbb86f843f6fb61f5"", ""position"": 0, ""query_len"": 4096}]","[[4096, 2048]]","[""torch.float16""]","[{""argument"": ""args[0]"", ""shape"": [4096, 2048], ""dtype"": ""torch.float16"", ""device"": ""cuda:0"", ""stride"": [2048, 1]}]",87929,0,0
enterprise,0,9575,prefill,2b19945777114854b82d6cd44b40f27b,optrace:9575:96,pynccl.all_reduce,"[{""request_id"": ""c4f28400bfd54f3bbb86f843f6fb61f5"", ""position"": 0, ""query_len"": 4096}]","[[4096, 2048]]","[""torch.float16""]","[{""argument"": ""args[0]"", ""shape"": [4096, 2048], ""dtype"": ""torch.float16"", ""device"": ""cuda:0"", ""stride"": [2048, 1]}]",60891,1125981,1
enterprise,0,9575,prefill,2b19945777114854b82d6cd44b40f27b,optrace:9575:97,aten.detach.default,"[{""request_id"": ""c4f28400bfd54f3bbb86f843f6fb61f5"", ""position"": 0, ""query_len"": 4096}]",[[2048]],"[""torch.float16""]","[{""argument"": ""args[0]"", ""shape"": [2048], ""dtype"": ""torch.float16"", ""device"": ""cuda:0"", ""stride"": [1]}]",8301,0,0
enterprise,0,9575,prefill,2b19945777114854b82d6cd44b40f27b,optrace:9575:98,_C.fused_add_rms_norm.default,"[{""request_id"": ""c4f28400bfd54f3bbb86f843f6fb61f5"", ""position"": 0, ""query_len"": 4096}]","[[4096, 2048], [4096, 2048], [2048]]","[""torch.float16"", ""torch.float16"", ""torch.float16""]","[{""argument"": ""args[0]"", ""shape"": [4096, 2048], ""dtype"": ""torch.float16"", ""device"": ""cuda:0"", ""stride"": [2048, 1]}, {""argument"": ""args[1]"", ""shape"": [4096, 2048], ""dtype"": ""torch.float16"", ""device"": ""cuda:0"", ""stride"": [2048, 1]}, {""argument"": ""args[2]"", ""shape"": [2048], ""dtype"": ""torch.float16"", ""device"": ""cuda:0"", ""stride"": [1]}]",21385,139296,1
enterprise,0,9575,prefill,2b19945777114854b82d6cd44b40f27b,optrace:9575:99,aten.linear.default,"[{""request_id"": ""c4f28400bfd54f3bbb86f843f6fb61f5"", ""position"": 0, ""query_len"": 4096}]","[[4096, 2048], [11008, 2048]]","[""torch.float16"", ""torch.float16""]","[{""argument"": ""args[0]"", ""shape"": [4096, 2048], ""dtype"": ""torch.float16"", ""device"": ""cuda:0"", ""stride"": [2048, 1]}, {""argument"": ""args[1]"", ""shape"": [11008, 2048], ""dtype"": ""torch.float16"", ""device"": ""cuda:0"", ""stride"": [2048, 1]}]",62502,2089435,1
enterprise,0,9575,prefill,2b19945777114854b82d6cd44b40f27b,optrace:9575:100,aten.empty.memory_format,"[{""request_id"": ""c4f28400bfd54f3bbb86f843f6fb61f5"", ""position"": 0, ""query_len"": 4096}]",[],[],[],22318,0,0
enterprise,0,9575,prefill,2b19945777114854b82d6cd44b40f27b,optrace:9575:101,_C.silu_and_mul.default,"[{""request_id"": ""c4f28400bfd54f3bbb86f843f6fb61f5"", ""position"": 0, ""query_len"": 4096}]","[[4096, 5504], [4096, 11008]]","[""torch.float16"", ""torch.float16""]","[{""argument"": ""args[0]"", ""shape"": [4096, 5504], ""dtype"": ""torch.float16"", ""device"": ""cuda:0"", ""stride"": [5504, 1]}, {""argument"": ""args[1]"", ""shape"": [4096, 11008], ""dtype"": ""torch.float16"", ""device"": ""cuda:0"", ""stride"": [11008, 1]}]",21233,291584,1
enterprise,0,9575,prefill,2b19945777114854b82d6cd44b40f27b,optrace:9575:102,aten.linear.default,"[{""request_id"": ""c4f28400bfd54f3bbb86f843f6fb61f5"", ""position"": 0, ""query_len"": 4096}]","[[4096, 5504], [2048, 5504]]","[""torch.float16"", ""torch.float16""]","[{""argument"": ""args[0]"", ""shape"": [4096, 5504], ""dtype"": ""torch.float16"", ""device"": ""cuda:0"", ""stride"": [5504, 1]}, {""argument"": ""args[1]"", ""shape"": [2048, 5504], ""dtype"": ""torch.float16"", ""device"": ""cuda:0"", ""stride"": [5504, 1]}]",45120,964221,1
enterprise,0,9575,prefill,2b19945777114854b82d6cd44b40f27b,optrace:9575:103,vllm.all_reduce.default,"[{""request_id"": ""c4f28400bfd54f3bbb86f843f6fb61f5"", ""position"": 0, ""query_len"": 4096}]","[[4096, 2048]]","[""torch.float16""]","[{""argument"": ""args[0]"", ""shape"": [4096, 2048], ""dtype"": ""torch.float16"", ""device"": ""cuda:0"", ""stride"": [2048, 1]}]",79483,0,0
enterprise,0,9575,prefill,2b19945777114854b82d6cd44b40f27b,optrace:9575:104,pynccl.all_reduce,"[{""request_id"": ""c4f28400bfd54f3bbb86f843f6fb61f5"", ""position"": 0, ""query_len"": 4096}]","[[4096, 2048]]","[""torch.float16""]","[{""argument"": ""args[0]"", ""shape"": [4096, 2048], ""dtype"": ""torch.float16"", ""device"": ""cuda:0"", ""stride"": [2048, 1]}]",60108,1142910,1
enterprise,0,9575,prefill,2b19945777114854b82d6cd44b40f27b,optrace:9575:105,aten.detach.default,"[{""request_id"": ""c4f28400bfd54f3bbb86f843f6fb61f5"", ""position"": 0, ""query_len"": 4096}]",[[2048]],"[""torch.float16""]","[{""argument"": ""args[0]"", ""shape"": [2048], ""dtype"": ""torch.float16"", ""device"": ""cuda:0"", ""stride"": [1]}]",7659,0,0
enterprise,0,9575,prefill,2b19945777114854b82d6cd44b40f27b,optrace:9575:106,_C.fused_add_rms_norm.default,"[{""request_id"": ""c4f28400bfd54f3bbb86f843f6fb61f5"", ""position"": 0, ""query_len"": 4096}]","[[4096, 2048], [4096, 2048], [2048]]","[""torch.float16"", ""torch.float16"", ""torch.float16""]","[{""argument"": ""args[0]"", ""shape"": [4096, 2048], ""dtype"": ""torch.float16"", ""device"": ""cuda:0"", ""stride"": [2048, 1]}, {""argument"": ""args[1]"", ""shape"": [4096, 2048], ""dtype"": ""torch.float16"", ""device"": ""cuda:0"", ""stride"": [2048, 1]}, {""argument"": ""args[2]"", ""shape"": [2048], ""dtype"": ""torch.float16"", ""device"": ""cuda:0"", ""stride"": [1]}]",19674,138848,1
enterprise,0,9575,prefill,2b19945777114854b82d6cd44b40f27b,optrace:9575:107,aten.linear.default,"[{""request_id"": ""c4f28400bfd54f3bbb86f843f6fb61f5"", ""position"": 0, ""query_len"": 4096}]","[[4096, 2048], [1280, 2048], [1280]]","[""torch.float16"", ""torch.float16"", ""torch.float16""]","[{""argument"": ""args[0]"", ""shape"": [4096, 2048], ""dtype"": ""torch.float16"", ""device"": ""cuda:0"", ""stride"": [2048, 1]}, {""argument"": ""args[1]"", ""shape"": [1280, 2048], ""dtype"": ""torch.float16"", ""device"": ""cuda:0"", ""stride"": [2048, 1]}, {""argument"": ""args[2]"", ""shape"": [1280], ""dtype"": ""torch.float16"", ""device"": ""cuda:0"", ""stride"": [1]}]",60426,293695,1
enterprise,0,9575,prefill,2b19945777114854b82d6cd44b40f27b,optrace:9575:108,aten.split_with_sizes.default,"[{""request_id"": ""c4f28400bfd54f3bbb86f843f6fb61f5"", ""position"": 0, ""query_len"": 4096}]","[[4096, 1280]]","[""torch.float16""]","[{""argument"": ""args[0]"", ""shape"": [4096, 1280], ""dtype"": ""torch.float16"", ""device"": ""cuda:0"", ""stride"": [1280, 1]}]",13797,0,0
enterprise,0,9575,prefill,2b19945777114854b82d6cd44b40f27b,optrace:9575:109,_C.rotary_embedding.default,"[{""request_id"": ""c4f28400bfd54f3bbb86f843f6fb61f5"", ""position"": 0, ""query_len"": 4096}]","[[4096], [4096, 1024], [4096, 128], [32768, 128]]","[""torch.int64"", ""torch.float16"", ""torch.float16"", ""torch.float16""]","[{""argument"": ""args[0]"", ""shape"": [4096], ""dtype"": ""torch.int64"", ""device"": ""cuda:0"", ""stride"": [1]}, {""argument"": ""args[1]"", ""shape"": [4096, 1024], ""dtype"": ""torch.float16"", ""device"": ""cuda:0"", ""stride"": [1280, 1]}, {""argument"": ""args[2]"", ""shape"": [4096, 128], ""dtype"": ""torch.float16"", ""device"": ""cuda:0"", ""stride"": [1280, 1]}, {""argument"": ""args[4]"", ""shape"": [32768, 128], ""dtype"": ""torch.float16"", ""device"": ""cuda:0"", ""stride"": [128, 1]}]",22322,46400,1
enterprise,0,9575,prefill,2b19945777114854b82d6cd44b40f27b,optrace:9575:110,aten.zeros.default,"[{""request_id"": ""c4f28400bfd54f3bbb86f843f6fb61f5"", ""position"": 0, ""query_len"": 4096}]",[],[],[],39743,17408,1
enterprise,0,9575,prefill,2b19945777114854b82d6cd44b40f27b,optrace:9575:111,aten.view.default,"[{""request_id"": ""c4f28400bfd54f3bbb86f843f6fb61f5"", ""position"": 0, ""query_len"": 4096}]","[[4096, 1024]]","[""torch.float16""]","[{""argument"": ""args[0]"", ""shape"": [4096, 1024], ""dtype"": ""torch.float16"", ""device"": ""cuda:0"", ""stride"": [1280, 1]}]",9269,0,0
enterprise,0,9575,prefill,2b19945777114854b82d6cd44b40f27b,optrace:9575:112,aten.view.default,"[{""request_id"": ""c4f28400bfd54f3bbb86f843f6fb61f5"", ""position"": 0, ""query_len"": 4096}]","[[4096, 1024]]","[""torch.float16""]","[{""argument"": ""args[0]"", ""shape"": [4096, 1024], ""dtype"": ""torch.float16"", ""device"": ""cuda:0"", ""stride"": [1024, 1]}]",5330,0,0
enterprise,0,9575,prefill,2b19945777114854b82d6cd44b40f27b,optrace:9575:113,aten.view.default,"[{""request_id"": ""c4f28400bfd54f3bbb86f843f6fb61f5"", ""position"": 0, ""query_len"": 4096}]","[[4096, 128]]","[""torch.float16""]","[{""argument"": ""args[0]"", ""shape"": [4096, 128], ""dtype"": ""torch.float16"", ""device"": ""cuda:0"", ""stride"": [1280, 1]}]",15847,0,0
enterprise,0,9575,prefill,2b19945777114854b82d6cd44b40f27b,optrace:9575:114,aten.view.default,"[{""request_id"": ""c4f28400bfd54f3bbb86f843f6fb61f5"", ""position"": 0, ""query_len"": 4096}]","[[4096, 128]]","[""torch.float16""]","[{""argument"": ""args[0]"", ""shape"": [4096, 128], ""dtype"": ""torch.float16"", ""device"": ""cuda:0"", ""stride"": [1280, 1]}]",6160,0,0
enterprise,0,9575,prefill,2b19945777114854b82d6cd44b40f27b,optrace:9575:115,vllm.unified_attention_with_output.default,"[{""request_id"": ""c4f28400bfd54f3bbb86f843f6fb61f5"", ""position"": 0, ""query_len"": 4096}]","[[4096, 8, 128], [4096, 1, 128], [4096, 1, 128], [4096, 8, 128]]","[""torch.float16"", ""torch.float16"", ""torch.float16"", ""torch.float16""]","[{""argument"": ""args[0]"", ""shape"": [4096, 8, 128], ""dtype"": ""torch.float16"", ""device"": ""cuda:0"", ""stride"": [1280, 128, 1]}, {""argument"": ""args[1]"", ""shape"": [4096, 1, 128], ""dtype"": ""torch.float16"", ""device"": ""cuda:0"", ""stride"": [1280, 128, 1]}, {""argument"": ""args[2]"", ""shape"": [4096, 1, 128], ""dtype"": ""torch.float16"", ""device"": ""cuda:0"", ""stride"": [1280, 128, 1]}, {""argument"": ""args[3]"", ""shape"": [4096, 8, 128], ""dtype"": ""torch.float16"", ""device"": ""cuda:0"", ""stride"": [1024, 128, 1]}]",174582,516799,2
enterprise,0,9575,prefill,2b19945777114854b82d6cd44b40f27b,optrace:9575:116,aten.view.default,"[{""request_id"": ""c4f28400bfd54f3bbb86f843f6fb61f5"", ""position"": 0, ""query_len"": 4096}]","[[4096, 8, 128]]","[""torch.float16""]","[{""argument"": ""args[0]"", ""shape"": [4096, 8, 128], ""dtype"": ""torch.float16"", ""device"": ""cuda:0"", ""stride"": [1024, 128, 1]}]",11604,0,0
enterprise,0,9575,prefill,2b19945777114854b82d6cd44b40f27b,optrace:9575:117,aten.linear.default,"[{""request_id"": ""c4f28400bfd54f3bbb86f843f6fb61f5"", ""position"": 0, ""query_len"": 4096}]","[[4096, 1024], [2048, 1024]]","[""torch.float16"", ""torch.float16""]","[{""argument"": ""args[0]"", ""shape"": [4096, 1024], ""dtype"": ""torch.float16"", ""device"": ""cuda:0"", ""stride"": [1024, 1]}, {""argument"": ""args[1]"", ""shape"": [2048, 1024], ""dtype"": ""torch.float16"", ""device"": ""cuda:0"", ""stride"": [1024, 1]}]",52699,199999,1
enterprise,0,9575,prefill,2b19945777114854b82d6cd44b40f27b,optrace:9575:118,vllm.all_reduce.default,"[{""request_id"": ""c4f28400bfd54f3bbb86f843f6fb61f5"", ""position"": 0, ""query_len"": 4096}]","[[4096, 2048]]","[""torch.float16""]","[{""argument"": ""args[0]"", ""shape"": [4096, 2048], ""dtype"": ""torch.float16"", ""device"": ""cuda:0"", ""stride"": [2048, 1]}]",78246,0,0
enterprise,0,9575,prefill,2b19945777114854b82d6cd44b40f27b,optrace:9575:119,pynccl.all_reduce,"[{""request_id"": ""c4f28400bfd54f3bbb86f843f6fb61f5"", ""position"": 0, ""query_len"": 4096}]","[[4096, 2048]]","[""torch.float16""]","[{""argument"": ""args[0]"", ""shape"": [4096, 2048], ""dtype"": ""torch.float16"", ""device"": ""cuda:0"", ""stride"": [2048, 1]}]",59284,1099998,1
enterprise,0,9575,prefill,2b19945777114854b82d6cd44b40f27b,optrace:9575:120,aten.detach.default,"[{""request_id"": ""c4f28400bfd54f3bbb86f843f6fb61f5"", ""position"": 0, ""query_len"": 4096}]",[[2048]],"[""torch.float16""]","[{""argument"": ""args[0]"", ""shape"": [2048], ""dtype"": ""torch.float16"", ""device"": ""cuda:0"", ""stride"": [1]}]",10877,0,0
enterprise,0,9575,prefill,2b19945777114854b82d6cd44b40f27b,optrace:9575:121,_C.fused_add_rms_norm.default,"[{""request_id"": ""c4f28400bfd54f3bbb86f843f6fb61f5"", ""position"": 0, ""query_len"": 4096}]","[[4096, 2048], [4096, 2048], [2048]]","[""torch.float16"", ""torch.float16"", ""torch.float16""]","[{""argument"": ""args[0]"", ""shape"": [4096, 2048], ""dtype"": ""torch.float16"", ""device"": ""cuda:0"", ""stride"": [2048, 1]}, {""argument"": ""args[1]"", ""shape"": [4096, 2048], ""dtype"": ""torch.float16"", ""device"": ""cuda:0"", ""stride"": [2048, 1]}, {""argument"": ""args[2]"", ""shape"": [2048], ""dtype"": ""torch.float16"", ""device"": ""cuda:0"", ""stride"": [1]}]",20195,140288,1
enterprise,0,9575,prefill,2b19945777114854b82d6cd44b40f27b,optrace:9575:122,aten.linear.default,"[{""request_id"": ""c4f28400bfd54f3bbb86f843f6fb61f5"", ""position"": 0, ""query_len"": 4096}]","[[4096, 2048], [11008, 2048]]","[""torch.float16"", ""torch.float16""]","[{""argument"": ""args[0]"", ""shape"": [4096, 2048], ""dtype"": ""torch.float16"", ""device"": ""cuda:0"", ""stride"": [2048, 1]}, {""argument"": ""args[1]"", ""shape"": [11008, 2048], ""dtype"": ""torch.float16"", ""device"": ""cuda:0"", ""stride"": [2048, 1]}]",60576,2101339,1
enterprise,0,9575,prefill,2b19945777114854b82d6cd44b40f27b,optrace:9575:123,aten.empty.memory_format,"[{""request_id"": ""c4f28400bfd54f3bbb86f843f6fb61f5"", ""position"": 0, ""query_len"": 4096}]",[],[],[],22248,0,0
enterprise,0,9575,prefill,2b19945777114854b82d6cd44b40f27b,optrace:9575:124,_C.silu_and_mul.default,"[{""request_id"": ""c4f28400bfd54f3bbb86f843f6fb61f5"", ""position"": 0, ""query_len"": 4096}]","[[4096, 5504], [4096, 11008]]","[""torch.float16"", ""torch.float16""]","[{""argument"": ""args[0]"", ""shape"": [4096, 5504], ""dtype"": ""torch.float16"", ""device"": ""cuda:0"", ""stride"": [5504, 1]}, {""argument"": ""args[1]"", ""shape"": [4096, 11008], ""dtype"": ""torch.float16"", ""device"": ""cuda:0"", ""stride"": [11008, 1]}]",27056,291967,1
enterprise,0,9575,prefill,2b19945777114854b82d6cd44b40f27b,optrace:9575:125,aten.linear.default,"[{""request_id"": ""c4f28400bfd54f3bbb86f843f6fb61f5"", ""position"": 0, ""query_len"": 4096}]","[[4096, 5504], [2048, 5504]]","[""torch.float16"", ""torch.float16""]","[{""argument"": ""args[0]"", ""shape"": [4096, 5504], ""dtype"": ""torch.float16"", ""device"": ""cuda:0"", ""stride"": [5504, 1]}, {""argument"": ""args[1]"", ""shape"": [2048, 5504], ""dtype"": ""torch.float16"", ""device"": ""cuda:0"", ""stride"": [5504, 1]}]",50470,967070,1
enterprise,0,9575,prefill,2b19945777114854b82d6cd44b40f27b,optrace:9575:126,vllm.all_reduce.default,"[{""request_id"": ""c4f28400bfd54f3bbb86f843f6fb61f5"", ""position"": 0, ""query_len"": 4096}]","[[4096, 2048]]","[""torch.float16""]","[{""argument"": ""args[0]"", ""shape"": [4096, 2048], ""dtype"": ""torch.float16"", ""device"": ""cuda:0"", ""stride"": [2048, 1]}]",77351,0,0
enterprise,0,9575,prefill,2b19945777114854b82d6cd44b40f27b,optrace:9575:127,pynccl.all_reduce,"[{""request_id"": ""c4f28400bfd54f3bbb86f843f6fb61f5"", ""position"": 0, ""query_len"": 4096}]","[[4096, 2048]]","[""torch.float16""]","[{""argument"": ""args[0]"", ""shape"": [4096, 2048], ""dtype"": ""torch.float16"", ""device"": ""cuda:0"", ""stride"": [2048, 1]}]",58624,1138814,1
enterprise,0,9575,prefill,2b19945777114854b82d6cd44b40f27b,optrace:9575:128,aten.to.dtype_layout,"[{""request_id"": ""c4f28400bfd54f3bbb86f843f6fb61f5"", ""position"": 0, ""query_len"": 4096}]","[[4096, 2048]]","[""torch.float16""]","[{""argument"": ""args[0]"", ""shape"": [4096, 2048], ""dtype"": ""torch.float16"", ""device"": ""cuda:0"", ""stride"": [2048, 1]}]",8691363,0,0
enterprise,0,9575,prefill,2b19945777114854b82d6cd44b40f27b,optrace:9575:129,aten.detach.default,"[{""request_id"": ""c4f28400bfd54f3bbb86f843f6fb61f5"", ""position"": 0, ""query_len"": 4096}]","[[4096, 2048]]","[""torch.float16""]","[{""argument"": ""args[0]"", ""shape"": [4096, 2048], ""dtype"": ""torch.float16"", ""device"": ""cpu"", ""stride"": [2048, 1]}]",11771,0,0
enterprise,0,9575,prefill,2b19945777114854b82d6cd44b40f27b,optrace:9575:130,aten.to.dtype_layout,"[{""request_id"": ""c4f28400bfd54f3bbb86f843f6fb61f5"", ""position"": 0, ""query_len"": 4096}]","[[4096, 2048]]","[""torch.float16""]","[{""argument"": ""args[0]"", ""shape"": [4096, 2048], ""dtype"": ""torch.float16"", ""device"": ""cpu"", ""stride"": [2048, 1]}]",11262,0,0
enterprise,0,9575,prefill,2b19945777114854b82d6cd44b40f27b,optrace:9575:131,aten.resolve_conj.default,"[{""request_id"": ""c4f28400bfd54f3bbb86f843f6fb61f5"", ""position"": 0, ""query_len"": 4096}]","[[4096, 2048]]","[""torch.float16""]","[{""argument"": ""args[0]"", ""shape"": [4096, 2048], ""dtype"": ""torch.float16"", ""device"": ""cpu"", ""stride"": [2048, 1]}]",5324,0,0
enterprise,0,9575,prefill,2b19945777114854b82d6cd44b40f27b,optrace:9575:132,aten.resolve_neg.default,"[{""request_id"": ""c4f28400bfd54f3bbb86f843f6fb61f5"", ""position"": 0, ""query_len"": 4096}]","[[4096, 2048]]","[""torch.float16""]","[{""argument"": ""args[0]"", ""shape"": [4096, 2048], ""dtype"": ""torch.float16"", ""device"": ""cpu"", ""stride"": [2048, 1]}]",6055,0,0
enterprise,0,9575,prefill,2b19945777114854b82d6cd44b40f27b,optrace:9575:133,aten.to.dtype_layout,"[{""request_id"": ""c4f28400bfd54f3bbb86f843f6fb61f5"", ""position"": 0, ""query_len"": 4096}]","[[4096, 2048]]","[""torch.float16""]","[{""argument"": ""args[0]"", ""shape"": [4096, 2048], ""dtype"": ""torch.float16"", ""device"": ""cuda:0"", ""stride"": [2048, 1]}]",8900955,0,0
enterprise,0,9575,prefill,2b19945777114854b82d6cd44b40f27b,optrace:9575:134,aten.detach.default,"[{""request_id"": ""c4f28400bfd54f3bbb86f843f6fb61f5"", ""position"": 0, ""query_len"": 4096}]","[[4096, 2048]]","[""torch.float16""]","[{""argument"": ""args[0]"", ""shape"": [4096, 2048], ""dtype"": ""torch.float16"", ""device"": ""cpu"", ""stride"": [2048, 1]}]",11388,0,0
enterprise,0,9575,prefill,2b19945777114854b82d6cd44b40f27b,optrace:9575:135,aten.to.dtype_layout,"[{""request_id"": ""c4f28400bfd54f3bbb86f843f6fb61f5"", ""position"": 0, ""query_len"": 4096}]","[[4096, 2048]]","[""torch.float16""]","[{""argument"": ""args[0]"", ""shape"": [4096, 2048], ""dtype"": ""torch.float16"", ""device"": ""cpu"", ""stride"": [2048, 1]}]",10983,0,0
enterprise,0,9575,prefill,2b19945777114854b82d6cd44b40f27b,optrace:9575:136,aten.resolve_conj.default,"[{""request_id"": ""c4f28400bfd54f3bbb86f843f6fb61f5"", ""position"": 0, ""query_len"": 4096}]","[[4096, 2048]]","[""torch.float16""]","[{""argument"": ""args[0]"", ""shape"": [4096, 2048], ""dtype"": ""torch.float16"", ""device"": ""cpu"", ""stride"": [2048, 1]}]",3784,0,0
enterprise,0,9575,prefill,2b19945777114854b82d6cd44b40f27b,optrace:9575:137,aten.resolve_neg.default,"[{""request_id"": ""c4f28400bfd54f3bbb86f843f6fb61f5"", ""position"": 0, ""query_len"": 4096}]","[[4096, 2048]]","[""torch.float16""]","[{""argument"": ""args[0]"", ""shape"": [4096, 2048], ""dtype"": ""torch.float16"", ""device"": ""cpu"", ""stride"": [2048, 1]}]",3342,0,0
enterprise,0,9575,prefill,2b19945777114854b82d6cd44b40f27b,optrace:9575:138,aten.lift_fresh.default,"[{""request_id"": ""c4f28400bfd54f3bbb86f843f6fb61f5"", ""position"": 0, ""query_len"": 4096}]","[[4096, 2048]]","[""torch.float16""]","[{""argument"": ""args[0]"", ""shape"": [4096, 2048], ""dtype"": ""torch.float16"", ""device"": ""cpu"", ""stride"": [2048, 1]}]",22203,0,0
enterprise,0,9575,prefill,2b19945777114854b82d6cd44b40f27b,optrace:9575:139,aten.to.dtype_layout,"[{""request_id"": ""c4f28400bfd54f3bbb86f843f6fb61f5"", ""position"": 0, ""query_len"": 4096}]","[[4096, 2048]]","[""torch.float16""]","[{""argument"": ""args[0]"", ""shape"": [4096, 2048], ""dtype"": ""torch.float16"", ""device"": ""cpu"", ""stride"": [2048, 1]}]",1645333,0,0
enterprise,0,9575,prefill,2b19945777114854b82d6cd44b40f27b,optrace:9575:140,c10d.broadcast_.default,"[{""request_id"": ""c4f28400bfd54f3bbb86f843f6fb61f5"", ""position"": 0, ""query_len"": 4096}]","[[4096, 2048]]","[""torch.float16""]","[{""argument"": ""args[0][0]"", ""shape"": [4096, 2048], ""dtype"": ""torch.float16"", ""device"": ""cuda:0"", ""stride"": [2048, 1]}]",267046,665598,1
enterprise,0,9575,prefill,2b19945777114854b82d6cd44b40f27b,optrace:9575:141,aten.lift_fresh.default,"[{""request_id"": ""c4f28400bfd54f3bbb86f843f6fb61f5"", ""position"": 0, ""query_len"": 4096}]","[[4096, 2048]]","[""torch.float16""]","[{""argument"": ""args[0]"", ""shape"": [4096, 2048], ""dtype"": ""torch.float16"", ""device"": ""cpu"", ""stride"": [2048, 1]}]",9751,0,0
enterprise,0,9575,prefill,2b19945777114854b82d6cd44b40f27b,optrace:9575:142,aten.to.dtype_layout,"[{""request_id"": ""c4f28400bfd54f3bbb86f843f6fb61f5"", ""position"": 0, ""query_len"": 4096}]","[[4096, 2048]]","[""torch.float16""]","[{""argument"": ""args[0]"", ""shape"": [4096, 2048], ""dtype"": ""torch.float16"", ""device"": ""cpu"", ""stride"": [2048, 1]}]",1844016,0,0
enterprise,0,9575,prefill,2b19945777114854b82d6cd44b40f27b,optrace:9575:143,c10d.broadcast_.default,"[{""request_id"": ""c4f28400bfd54f3bbb86f843f6fb61f5"", ""position"": 0, ""query_len"": 4096}]","[[4096, 2048]]","[""torch.float16""]","[{""argument"": ""args[0][0]"", ""shape"": [4096, 2048], ""dtype"": ""torch.float16"", ""device"": ""cuda:0"", ""stride"": [2048, 1]}]",182086,663358,1
enterprise,0,9575,prefill,2b19945777114854b82d6cd44b40f27b,optrace:9575:144,aten.detach.default,"[{""request_id"": ""c4f28400bfd54f3bbb86f843f6fb61f5"", ""position"": 0, ""query_len"": 4096}]",[[2048]],"[""torch.float16""]","[{""argument"": ""args[0]"", ""shape"": [2048], ""dtype"": ""torch.float16"", ""device"": ""cuda:0"", ""stride"": [1]}]",16871,0,0
enterprise,0,9575,prefill,2b19945777114854b82d6cd44b40f27b,optrace:9575:145,_C.fused_add_rms_norm.default,"[{""request_id"": ""c4f28400bfd54f3bbb86f843f6fb61f5"", ""position"": 0, ""query_len"": 4096}]","[[4096, 2048], [4096, 2048], [2048]]","[""torch.float16"", ""torch.float16"", ""torch.float16""]","[{""argument"": ""args[0]"", ""shape"": [4096, 2048], ""dtype"": ""torch.float16"", ""device"": ""cuda:0"", ""stride"": [2048, 1]}, {""argument"": ""args[1]"", ""shape"": [4096, 2048], ""dtype"": ""torch.float16"", ""device"": ""cuda:0"", ""stride"": [2048, 1]}, {""argument"": ""args[2]"", ""shape"": [2048], ""dtype"": ""torch.float16"", ""device"": ""cuda:0"", ""stride"": [1]}]",34582,134336,1
enterprise,0,9575,prefill,2b19945777114854b82d6cd44b40f27b,optrace:9575:146,aten.linear.default,"[{""request_id"": ""c4f28400bfd54f3bbb86f843f6fb61f5"", ""position"": 0, ""query_len"": 4096}]","[[4096, 2048], [1280, 2048], [1280]]","[""torch.float16"", ""torch.float16"", ""torch.float16""]","[{""argument"": ""args[0]"", ""shape"": [4096, 2048], ""dtype"": ""torch.float16"", ""device"": ""cuda:0"", ""stride"": [2048, 1]}, {""argument"": ""args[1]"", ""shape"": [1280, 2048], ""dtype"": ""torch.float16"", ""device"": ""cuda:0"", ""stride"": [2048, 1]}, {""argument"": ""args[2]"", ""shape"": [1280], ""dtype"": ""torch.float16"", ""device"": ""cuda:0"", ""stride"": [1]}]",161922,293984,1
enterprise,0,9575,prefill,2b19945777114854b82d6cd44b40f27b,optrace:9575:147,aten.split_with_sizes.default,"[{""request_id"": ""c4f28400bfd54f3bbb86f843f6fb61f5"", ""position"": 0, ""query_len"": 4096}]","[[4096, 1280]]","[""torch.float16""]","[{""argument"": ""args[0]"", ""shape"": [4096, 1280], ""dtype"": ""torch.float16"", ""device"": ""cuda:0"", ""stride"": [1280, 1]}]",19727,0,0
enterprise,0,9575,prefill,2b19945777114854b82d6cd44b40f27b,optrace:9575:148,_C.rotary_embedding.default,"[{""request_id"": ""c4f28400bfd54f3bbb86f843f6fb61f5"", ""position"": 0, ""query_len"": 4096}]","[[4096], [4096, 1024], [4096, 128], [32768, 128]]","[""torch.int64"", ""torch.float16"", ""torch.float16"", ""torch.float16""]","[{""argument"": ""args[0]"", ""shape"": [4096], ""dtype"": ""torch.int64"", ""device"": ""cuda:0"", ""stride"": [1]}, {""argument"": ""args[1]"", ""shape"": [4096, 1024], ""dtype"": ""torch.float16"", ""device"": ""cuda:0"", ""stride"": [1280, 1]}, {""argument"": ""args[2]"", ""shape"": [4096, 128], ""dtype"": ""torch.float16"", ""device"": ""cuda:0"", ""stride"": [1280, 1]}, {""argument"": ""args[4]"", ""shape"": [32768, 128], ""dtype"": ""torch.float16"", ""device"": ""cuda:0"", ""stride"": [128, 1]}]",30566,46976,1
enterprise,0,9575,prefill,2b19945777114854b82d6cd44b40f27b,optrace:9575:149,aten.zeros.default,"[{""request_id"": ""c4f28400bfd54f3bbb86f843f6fb61f5"", ""position"": 0, ""query_len"": 4096}]",[],[],[],56826,17472,1
enterprise,0,9575,prefill,2b19945777114854b82d6cd44b40f27b,optrace:9575:150,aten.view.default,"[{""request_id"": ""c4f28400bfd54f3bbb86f843f6fb61f5"", ""position"": 0, ""query_len"": 4096}]","[[4096, 1024]]","[""torch.float16""]","[{""argument"": ""args[0]"", ""shape"": [4096, 1024], ""dtype"": ""torch.float16"", ""device"": ""cuda:0"", ""stride"": [1280, 1]}]",14731,0,0
enterprise,0,9575,prefill,2b19945777114854b82d6cd44b40f27b,optrace:9575:151,aten.view.default,"[{""request_id"": ""c4f28400bfd54f3bbb86f843f6fb61f5"", ""position"": 0, ""query_len"": 4096}]","[[4096, 1024]]","[""torch.float16""]","[{""argument"": ""args[0]"", ""shape"": [4096, 1024], ""dtype"": ""torch.float16"", ""device"": ""cuda:0"", ""stride"": [1024, 1]}]",5344,0,0
enterprise,0,9575,prefill,2b19945777114854b82d6cd44b40f27b,optrace:9575:152,aten.view.default,"[{""request_id"": ""c4f28400bfd54f3bbb86f843f6fb61f5"", ""position"": 0, ""query_len"": 4096}]","[[4096, 128]]","[""torch.float16""]","[{""argument"": ""args[0]"", ""shape"": [4096, 128], ""dtype"": ""torch.float16"", ""device"": ""cuda:0"", ""stride"": [1280, 1]}]",4997,0,0
enterprise,0,9575,prefill,2b19945777114854b82d6cd44b40f27b,optrace:9575:153,aten.view.default,"[{""request_id"": ""c4f28400bfd54f3bbb86f843f6fb61f5"", ""position"": 0, ""query_len"": 4096}]","[[4096, 128]]","[""torch.float16""]","[{""argument"": ""args[0]"", ""shape"": [4096, 128], ""dtype"": ""torch.float16"", ""device"": ""cuda:0"", ""stride"": [1280, 1]}]",5121,0,0
enterprise,0,9575,prefill,2b19945777114854b82d6cd44b40f27b,optrace:9575:154,vllm.unified_attention_with_output.default,"[{""request_id"": ""c4f28400bfd54f3bbb86f843f6fb61f5"", ""position"": 0, ""query_len"": 4096}]","[[4096, 8, 128], [4096, 1, 128], [4096, 1, 128], [4096, 8, 128]]","[""torch.float16"", ""torch.float16"", ""torch.float16"", ""torch.float16""]","[{""argument"": ""args[0]"", ""shape"": [4096, 8, 128], ""dtype"": ""torch.float16"", ""device"": ""cuda:0"", ""stride"": [1280, 128, 1]}, {""argument"": ""args[1]"", ""shape"": [4096, 1, 128], ""dtype"": ""torch.float16"", ""device"": ""cuda:0"", ""stride"": [1280, 128, 1]}, {""argument"": ""args[2]"", ""shape"": [4096, 1, 128], ""dtype"": ""torch.float16"", ""device"": ""cuda:0"", ""stride"": [1280, 128, 1]}, {""argument"": ""args[3]"", ""shape"": [4096, 8, 128], ""dtype"": ""torch.float16"", ""device"": ""cuda:0"", ""stride"": [1024, 128, 1]}]",247048,504735,2
enterprise,0,9575,prefill,2b19945777114854b82d6cd44b40f27b,optrace:9575:155,aten.view.default,"[{""request_id"": ""c4f28400bfd54f3bbb86f843f6fb61f5"", ""position"": 0, ""query_len"": 4096}]","[[4096, 8, 128]]","[""torch.float16""]","[{""argument"": ""args[0]"", ""shape"": [4096, 8, 128], ""dtype"": ""torch.float16"", ""device"": ""cuda:0"", ""stride"": [1024, 128, 1]}]",13469,0,0
enterprise,0,9575,prefill,2b19945777114854b82d6cd44b40f27b,optrace:9575:156,aten.linear.default,"[{""request_id"": ""c4f28400bfd54f3bbb86f843f6fb61f5"", ""position"": 0, ""query_len"": 4096}]","[[4096, 1024], [2048, 1024]]","[""torch.float16"", ""torch.float16""]","[{""argument"": ""args[0]"", ""shape"": [4096, 1024], ""dtype"": ""torch.float16"", ""device"": ""cuda:0"", ""stride"": [1024, 1]}, {""argument"": ""args[1]"", ""shape"": [2048, 1024], ""dtype"": ""torch.float16"", ""device"": ""cuda:0"", ""stride"": [1024, 1]}]",80451,199391,1
enterprise,0,9575,prefill,2b19945777114854b82d6cd44b40f27b,optrace:9575:157,vllm.all_reduce.default,"[{""request_id"": ""c4f28400bfd54f3bbb86f843f6fb61f5"", ""position"": 0, ""query_len"": 4096}]","[[4096, 2048]]","[""torch.float16""]","[{""argument"": ""args[0]"", ""shape"": [4096, 2048], ""dtype"": ""torch.float16"", ""device"": ""cuda:0"", ""stride"": [2048, 1]}]",137360,0,0
enterprise,0,9575,prefill,2b19945777114854b82d6cd44b40f27b,optrace:9575:158,pynccl.all_reduce,"[{""request_id"": ""c4f28400bfd54f3bbb86f843f6fb61f5"", ""position"": 0, ""query_len"": 4096}]","[[4096, 2048]]","[""torch.float16""]","[{""argument"": ""args[0]"", ""shape"": [4096, 2048], ""dtype"": ""torch.float16"", ""device"": ""cuda:0"", ""stride"": [2048, 1]}]",107475,1269374,1
enterprise,0,9575,prefill,2b19945777114854b82d6cd44b40f27b,optrace:9575:159,aten.detach.default,"[{""request_id"": ""c4f28400bfd54f3bbb86f843f6fb61f5"", ""position"": 0, ""query_len"": 4096}]",[[2048]],"[""torch.float16""]","[{""argument"": ""args[0]"", ""shape"": [2048], ""dtype"": ""torch.float16"", ""device"": ""cuda:0"", ""stride"": [1]}]",11920,0,0
enterprise,0,9575,prefill,2b19945777114854b82d6cd44b40f27b,optrace:9575:160,_C.fused_add_rms_norm.default,"[{""request_id"": ""c4f28400bfd54f3bbb86f843f6fb61f5"", ""position"": 0, ""query_len"": 4096}]","[[4096, 2048], [4096, 2048], [2048]]","[""torch.float16"", ""torch.float16"", ""torch.float16""]","[{""argument"": ""args[0]"", ""shape"": [4096, 2048], ""dtype"": ""torch.float16"", ""device"": ""cuda:0"", ""stride"": [2048, 1]}, {""argument"": ""args[1]"", ""shape"": [4096, 2048], ""dtype"": ""torch.float16"", ""device"": ""cuda:0"", ""stride"": [2048, 1]}, {""argument"": ""args[2]"", ""shape"": [2048], ""dtype"": ""torch.float16"", ""device"": ""cuda:0"", ""stride"": [1]}]",27548,138783,1
enterprise,0,9575,prefill,2b19945777114854b82d6cd44b40f27b,optrace:9575:161,aten.linear.default,"[{""request_id"": ""c4f28400bfd54f3bbb86f843f6fb61f5"", ""position"": 0, ""query_len"": 4096}]","[[4096, 2048], [11008, 2048]]","[""torch.float16"", ""torch.float16""]","[{""argument"": ""args[0]"", ""shape"": [4096, 2048], ""dtype"": ""torch.float16"", ""device"": ""cuda:0"", ""stride"": [2048, 1]}, {""argument"": ""args[1]"", ""shape"": [11008, 2048], ""dtype"": ""torch.float16"", ""device"": ""cuda:0"", ""stride"": [2048, 1]}]",71493,2072284,1
enterprise,0,9575,prefill,2b19945777114854b82d6cd44b40f27b,optrace:9575:162,aten.empty.memory_format,"[{""request_id"": ""c4f28400bfd54f3bbb86f843f6fb61f5"", ""position"": 0, ""query_len"": 4096}]",[],[],[],23877,0,0
enterprise,0,9575,prefill,2b19945777114854b82d6cd44b40f27b,optrace:9575:163,_C.silu_and_mul.default,"[{""request_id"": ""c4f28400bfd54f3bbb86f843f6fb61f5"", ""position"": 0, ""query_len"": 4096}]","[[4096, 5504], [4096, 11008]]","[""torch.float16"", ""torch.float16""]","[{""argument"": ""args[0]"", ""shape"": [4096, 5504], ""dtype"": ""torch.float16"", ""device"": ""cuda:0"", ""stride"": [5504, 1]}, {""argument"": ""args[1]"", ""shape"": [4096, 11008], ""dtype"": ""torch.float16"", ""device"": ""cuda:0"", ""stride"": [11008, 1]}]",19449,291455,1
enterprise,0,9575,prefill,2b19945777114854b82d6cd44b40f27b,optrace:9575:164,aten.linear.default,"[{""request_id"": ""c4f28400bfd54f3bbb86f843f6fb61f5"", ""position"": 0, ""query_len"": 4096}]","[[4096, 5504], [2048, 5504]]","[""torch.float16"", ""torch.float16""]","[{""argument"": ""args[0]"", ""shape"": [4096, 5504], ""dtype"": ""torch.float16"", ""device"": ""cuda:0"", ""stride"": [5504, 1]}, {""argument"": ""args[1]"", ""shape"": [2048, 5504], ""dtype"": ""torch.float16"", ""device"": ""cuda:0"", ""stride"": [5504, 1]}]",51372,966238,1
enterprise,0,9575,prefill,2b19945777114854b82d6cd44b40f27b,optrace:9575:165,vllm.all_reduce.default,"[{""request_id"": ""c4f28400bfd54f3bbb86f843f6fb61f5"", ""position"": 0, ""query_len"": 4096}]","[[4096, 2048]]","[""torch.float16""]","[{""argument"": ""args[0]"", ""shape"": [4096, 2048], ""dtype"": ""torch.float16"", ""device"": ""cuda:0"", ""stride"": [2048, 1]}]",87236,0,0
enterprise,0,9575,prefill,2b19945777114854b82d6cd44b40f27b,optrace:9575:166,pynccl.all_reduce,"[{""request_id"": ""c4f28400bfd54f3bbb86f843f6fb61f5"", ""position"": 0, ""query_len"": 4096}]","[[4096, 2048]]","[""torch.float16""]","[{""argument"": ""args[0]"", ""shape"": [4096, 2048], ""dtype"": ""torch.float16"", ""device"": ""cuda:0"", ""stride"": [2048, 1]}]",63221,1130910,1
enterprise,0,9575,prefill,2b19945777114854b82d6cd44b40f27b,optrace:9575:167,aten.detach.default,"[{""request_id"": ""c4f28400bfd54f3bbb86f843f6fb61f5"", ""position"": 0, ""query_len"": 4096}]",[[2048]],"[""torch.float16""]","[{""argument"": ""args[0]"", ""shape"": [2048], ""dtype"": ""torch.float16"", ""device"": ""cuda:0"", ""stride"": [1]}]",8246,0,0
enterprise,0,9575,prefill,2b19945777114854b82d6cd44b40f27b,optrace:9575:168,_C.fused_add_rms_norm.default,"[{""request_id"": ""c4f28400bfd54f3bbb86f843f6fb61f5"", ""position"": 0, ""query_len"": 4096}]","[[4096, 2048], [4096, 2048], [2048]]","[""torch.float16"", ""torch.float16"", ""torch.float16""]","[{""argument"": ""args[0]"", ""shape"": [4096, 2048], ""dtype"": ""torch.float16"", ""device"": ""cuda:0"", ""stride"": [2048, 1]}, {""argument"": ""args[1]"", ""shape"": [4096, 2048], ""dtype"": ""torch.float16"", ""device"": ""cuda:0"", ""stride"": [2048, 1]}, {""argument"": ""args[2]"", ""shape"": [2048], ""dtype"": ""torch.float16"", ""device"": ""cuda:0"", ""stride"": [1]}]",21835,138431,1
enterprise,0,9575,prefill,2b19945777114854b82d6cd44b40f27b,optrace:9575:169,aten.linear.default,"[{""request_id"": ""c4f28400bfd54f3bbb86f843f6fb61f5"", ""position"": 0, ""query_len"": 4096}]","[[4096, 2048], [1280, 2048], [1280]]","[""torch.float16"", ""torch.float16"", ""torch.float16""]","[{""argument"": ""args[0]"", ""shape"": [4096, 2048], ""dtype"": ""torch.float16"", ""device"": ""cuda:0"", ""stride"": [2048, 1]}, {""argument"": ""args[1]"", ""shape"": [1280, 2048], ""dtype"": ""torch.float16"", ""device"": ""cuda:0"", ""stride"": [2048, 1]}, {""argument"": ""args[2]"", ""shape"": [1280], ""dtype"": ""torch.float16"", ""device"": ""cuda:0"", ""stride"": [1]}]",67107,293504,1
enterprise,0,9575,prefill,2b19945777114854b82d6cd44b40f27b,optrace:9575:170,aten.split_with_sizes.default,"[{""request_id"": ""c4f28400bfd54f3bbb86f843f6fb61f5"", ""position"": 0, ""query_len"": 4096}]","[[4096, 1280]]","[""torch.float16""]","[{""argument"": ""args[0]"", ""shape"": [4096, 1280], ""dtype"": ""torch.float16"", ""device"": ""cuda:0"", ""stride"": [1280, 1]}]",15671,0,0
enterprise,0,9575,prefill,2b19945777114854b82d6cd44b40f27b,optrace:9575:171,_C.rotary_embedding.default,"[{""request_id"": ""c4f28400bfd54f3bbb86f843f6fb61f5"", ""position"": 0, ""query_len"": 4096}]","[[4096], [4096, 1024], [4096, 128], [32768, 128]]","[""torch.int64"", ""torch.float16"", ""torch.float16"", ""torch.float16""]","[{""argument"": ""args[0]"", ""shape"": [4096], ""dtype"": ""torch.int64"", ""device"": ""cuda:0"", ""stride"": [1]}, {""argument"": ""args[1]"", ""shape"": [4096, 1024], ""dtype"": ""torch.float16"", ""device"": ""cuda:0"", ""stride"": [1280, 1]}, {""argument"": ""args[2]"", ""shape"": [4096, 128], ""dtype"": ""torch.float16"", ""device"": ""cuda:0"", ""stride"": [1280, 1]}, {""argument"": ""args[4]"", ""shape"": [32768, 128], ""dtype"": ""torch.float16"", ""device"": ""cuda:0"", ""stride"": [128, 1]}]",24056,46464,1
enterprise,0,9575,prefill,2b19945777114854b82d6cd44b40f27b,optrace:9575:172,aten.zeros.default,"[{""request_id"": ""c4f28400bfd54f3bbb86f843f6fb61f5"", ""position"": 0, ""query_len"": 4096}]",[],[],[],43870,17695,1
enterprise,0,9575,prefill,2b19945777114854b82d6cd44b40f27b,optrace:9575:173,aten.view.default,"[{""request_id"": ""c4f28400bfd54f3bbb86f843f6fb61f5"", ""position"": 0, ""query_len"": 4096}]","[[4096, 1024]]","[""torch.float16""]","[{""argument"": ""args[0]"", ""shape"": [4096, 1024], ""dtype"": ""torch.float16"", ""device"": ""cuda:0"", ""stride"": [1280, 1]}]",9020,0,0
enterprise,0,9575,prefill,2b19945777114854b82d6cd44b40f27b,optrace:9575:174,aten.view.default,"[{""request_id"": ""c4f28400bfd54f3bbb86f843f6fb61f5"", ""position"": 0, ""query_len"": 4096}]","[[4096, 1024]]","[""torch.float16""]","[{""argument"": ""args[0]"", ""shape"": [4096, 1024], ""dtype"": ""torch.float16"", ""device"": ""cuda:0"", ""stride"": [1024, 1]}]",5607,0,0
enterprise,0,9575,prefill,2b19945777114854b82d6cd44b40f27b,optrace:9575:175,aten.view.default,"[{""request_id"": ""c4f28400bfd54f3bbb86f843f6fb61f5"", ""position"": 0, ""query_len"": 4096}]","[[4096, 128]]","[""torch.float16""]","[{""argument"": ""args[0]"", ""shape"": [4096, 128], ""dtype"": ""torch.float16"", ""device"": ""cuda:0"", ""stride"": [1280, 1]}]",5163,0,0
enterprise,0,9575,prefill,2b19945777114854b82d6cd44b40f27b,optrace:9575:176,aten.view.default,"[{""request_id"": ""c4f28400bfd54f3bbb86f843f6fb61f5"", ""position"": 0, ""query_len"": 4096}]","[[4096, 128]]","[""torch.float16""]","[{""argument"": ""args[0]"", ""shape"": [4096, 128], ""dtype"": ""torch.float16"", ""device"": ""cuda:0"", ""stride"": [1280, 1]}]",5133,0,0
enterprise,0,9575,prefill,2b19945777114854b82d6cd44b40f27b,optrace:9575:177,vllm.unified_attention_with_output.default,"[{""request_id"": ""c4f28400bfd54f3bbb86f843f6fb61f5"", ""position"": 0, ""query_len"": 4096}]","[[4096, 8, 128], [4096, 1, 128], [4096, 1, 128], [4096, 8, 128]]","[""torch.float16"", ""torch.float16"", ""torch.float16"", ""torch.float16""]","[{""argument"": ""args[0]"", ""shape"": [4096, 8, 128], ""dtype"": ""torch.float16"", ""device"": ""cuda:0"", ""stride"": [1280, 128, 1]}, {""argument"": ""args[1]"", ""shape"": [4096, 1, 128], ""dtype"": ""torch.float16"", ""device"": ""cuda:0"", ""stride"": [1280, 128, 1]}, {""argument"": ""args[2]"", ""shape"": [4096, 1, 128], ""dtype"": ""torch.float16"", ""device"": ""cuda:0"", ""stride"": [1280, 128, 1]}, {""argument"": ""args[3]"", ""shape"": [4096, 8, 128], ""dtype"": ""torch.float16"", ""device"": ""cuda:0"", ""stride"": [1024, 128, 1]}]",188750,511871,2
enterprise,0,9575,prefill,2b19945777114854b82d6cd44b40f27b,optrace:9575:178,aten.view.default,"[{""request_id"": ""c4f28400bfd54f3bbb86f843f6fb61f5"", ""position"": 0, ""query_len"": 4096}]","[[4096, 8, 128]]","[""torch.float16""]","[{""argument"": ""args[0]"", ""shape"": [4096, 8, 128], ""dtype"": ""torch.float16"", ""device"": ""cuda:0"", ""stride"": [1024, 128, 1]}]",9014,0,0
enterprise,0,9575,prefill,2b19945777114854b82d6cd44b40f27b,optrace:9575:179,aten.linear.default,"[{""request_id"": ""c4f28400bfd54f3bbb86f843f6fb61f5"", ""position"": 0, ""query_len"": 4096}]","[[4096, 1024], [2048, 1024]]","[""torch.float16"", ""torch.float16""]","[{""argument"": ""args[0]"", ""shape"": [4096, 1024], ""dtype"": ""torch.float16"", ""device"": ""cuda:0"", ""stride"": [1024, 1]}, {""argument"": ""args[1]"", ""shape"": [2048, 1024], ""dtype"": ""torch.float16"", ""device"": ""cuda:0"", ""stride"": [1024, 1]}]",53478,199520,1
enterprise,0,9575,prefill,2b19945777114854b82d6cd44b40f27b,optrace:9575:180,vllm.all_reduce.default,"[{""request_id"": ""c4f28400bfd54f3bbb86f843f6fb61f5"", ""position"": 0, ""query_len"": 4096}]","[[4096, 2048]]","[""torch.float16""]","[{""argument"": ""args[0]"", ""shape"": [4096, 2048], ""dtype"": ""torch.float16"", ""device"": ""cuda:0"", ""stride"": [2048, 1]}]",80744,0,0
enterprise,0,9575,prefill,2b19945777114854b82d6cd44b40f27b,optrace:9575:181,pynccl.all_reduce,"[{""request_id"": ""c4f28400bfd54f3bbb86f843f6fb61f5"", ""position"": 0, ""query_len"": 4096}]","[[4096, 2048]]","[""torch.float16""]","[{""argument"": ""args[0]"", ""shape"": [4096, 2048], ""dtype"": ""torch.float16"", ""device"": ""cuda:0"", ""stride"": [2048, 1]}]",60895,1112382,1
enterprise,0,9575,prefill,2b19945777114854b82d6cd44b40f27b,optrace:9575:182,aten.detach.default,"[{""request_id"": ""c4f28400bfd54f3bbb86f843f6fb61f5"", ""position"": 0, ""query_len"": 4096}]",[[2048]],"[""torch.float16""]","[{""argument"": ""args[0]"", ""shape"": [2048], ""dtype"": ""torch.float16"", ""device"": ""cuda:0"", ""stride"": [1]}]",7890,0,0
enterprise,0,9575,prefill,2b19945777114854b82d6cd44b40f27b,optrace:9575:183,_C.fused_add_rms_norm.default,"[{""request_id"": ""c4f28400bfd54f3bbb86f843f6fb61f5"", ""position"": 0, ""query_len"": 4096}]","[[4096, 2048], [4096, 2048], [2048]]","[""torch.float16"", ""torch.float16"", ""torch.float16""]","[{""argument"": ""args[0]"", ""shape"": [4096, 2048], ""dtype"": ""torch.float16"", ""device"": ""cuda:0"", ""stride"": [2048, 1]}, {""argument"": ""args[1]"", ""shape"": [4096, 2048], ""dtype"": ""torch.float16"", ""device"": ""cuda:0"", ""stride"": [2048, 1]}, {""argument"": ""args[2]"", ""shape"": [2048], ""dtype"": ""torch.float16"", ""device"": ""cuda:0"", ""stride"": [1]}]",21648,138624,1
enterprise,0,9575,prefill,2b19945777114854b82d6cd44b40f27b,optrace:9575:184,aten.linear.default,"[{""request_id"": ""c4f28400bfd54f3bbb86f843f6fb61f5"", ""position"": 0, ""query_len"": 4096}]","[[4096, 2048], [11008, 2048]]","[""torch.float16"", ""torch.float16""]","[{""argument"": ""args[0]"", ""shape"": [4096, 2048], ""dtype"": ""torch.float16"", ""device"": ""cuda:0"", ""stride"": [2048, 1]}, {""argument"": ""args[1]"", ""shape"": [11008, 2048], ""dtype"": ""torch.float16"", ""device"": ""cuda:0"", ""stride"": [2048, 1]}]",62908,2105020,1
enterprise,0,9575,prefill,2b19945777114854b82d6cd44b40f27b,optrace:9575:185,aten.empty.memory_format,"[{""request_id"": ""c4f28400bfd54f3bbb86f843f6fb61f5"", ""position"": 0, ""query_len"": 4096}]",[],[],[],21679,0,0
enterprise,0,9575,prefill,2b19945777114854b82d6cd44b40f27b,optrace:9575:186,_C.silu_and_mul.default,"[{""request_id"": ""c4f28400bfd54f3bbb86f843f6fb61f5"", ""position"": 0, ""query_len"": 4096}]","[[4096, 5504], [4096, 11008]]","[""torch.float16"", ""torch.float16""]","[{""argument"": ""args[0]"", ""shape"": [4096, 5504], ""dtype"": ""torch.float16"", ""device"": ""cuda:0"", ""stride"": [5504, 1]}, {""argument"": ""args[1]"", ""shape"": [4096, 11008], ""dtype"": ""torch.float16"", ""device"": ""cuda:0"", ""stride"": [11008, 1]}]",16804,292703,1
enterprise,0,9575,prefill,2b19945777114854b82d6cd44b40f27b,optrace:9575:187,aten.linear.default,"[{""request_id"": ""c4f28400bfd54f3bbb86f843f6fb61f5"", ""position"": 0, ""query_len"": 4096}]","[[4096, 5504], [2048, 5504]]","[""torch.float16"", ""torch.float16""]","[{""argument"": ""args[0]"", ""shape"": [4096, 5504], ""dtype"": ""torch.float16"", ""device"": ""cuda:0"", ""stride"": [5504, 1]}, {""argument"": ""args[1]"", ""shape"": [2048, 5504], ""dtype"": ""torch.float16"", ""device"": ""cuda:0"", ""stride"": [5504, 1]}]",46819,969150,1
enterprise,0,9575,prefill,2b19945777114854b82d6cd44b40f27b,optrace:9575:188,vllm.all_reduce.default,"[{""request_id"": ""c4f28400bfd54f3bbb86f843f6fb61f5"", ""position"": 0, ""query_len"": 4096}]","[[4096, 2048]]","[""torch.float16""]","[{""argument"": ""args[0]"", ""shape"": [4096, 2048], ""dtype"": ""torch.float16"", ""device"": ""cuda:0"", ""stride"": [2048, 1]}]",86990,0,0
enterprise,0,9575,prefill,2b19945777114854b82d6cd44b40f27b,optrace:9575:189,pynccl.all_reduce,"[{""request_id"": ""c4f28400bfd54f3bbb86f843f6fb61f5"", ""position"": 0, ""query_len"": 4096}]","[[4096, 2048]]","[""torch.float16""]","[{""argument"": ""args[0]"", ""shape"": [4096, 2048], ""dtype"": ""torch.float16"", ""device"": ""cuda:0"", ""stride"": [2048, 1]}]",61816,1111229,1
enterprise,0,9575,prefill,2b19945777114854b82d6cd44b40f27b,optrace:9575:190,aten.detach.default,"[{""request_id"": ""c4f28400bfd54f3bbb86f843f6fb61f5"", ""position"": 0, ""query_len"": 4096}]",[[2048]],"[""torch.float16""]","[{""argument"": ""args[0]"", ""shape"": [2048], ""dtype"": ""torch.float16"", ""device"": ""cuda:0"", ""stride"": [1]}]",8203,0,0
enterprise,0,9575,prefill,2b19945777114854b82d6cd44b40f27b,optrace:9575:191,_C.fused_add_rms_norm.default,"[{""request_id"": ""c4f28400bfd54f3bbb86f843f6fb61f5"", ""position"": 0, ""query_len"": 4096}]","[[4096, 2048], [4096, 2048], [2048]]","[""torch.float16"", ""torch.float16"", ""torch.float16""]","[{""argument"": ""args[0]"", ""shape"": [4096, 2048], ""dtype"": ""torch.float16"", ""device"": ""cuda:0"", ""stride"": [2048, 1]}, {""argument"": ""args[1]"", ""shape"": [4096, 2048], ""dtype"": ""torch.float16"", ""device"": ""cuda:0"", ""stride"": [2048, 1]}, {""argument"": ""args[2]"", ""shape"": [2048], ""dtype"": ""torch.float16"", ""device"": ""cuda:0"", ""stride"": [1]}]",19085,138336,1
enterprise,0,9575,prefill,2b19945777114854b82d6cd44b40f27b,optrace:9575:192,aten.linear.default,"[{""request_id"": ""c4f28400bfd54f3bbb86f843f6fb61f5"", ""position"": 0, ""query_len"": 4096}]","[[4096, 2048], [1280, 2048], [1280]]","[""torch.float16"", ""torch.float16"", ""torch.float16""]","[{""argument"": ""args[0]"", ""shape"": [4096, 2048], ""dtype"": ""torch.float16"", ""device"": ""cuda:0"", ""stride"": [2048, 1]}, {""argument"": ""args[1]"", ""shape"": [1280, 2048], ""dtype"": ""torch.float16"", ""device"": ""cuda:0"", ""stride"": [2048, 1]}, {""argument"": ""args[2]"", ""shape"": [1280], ""dtype"": ""torch.float16"", ""device"": ""cuda:0"", ""stride"": [1]}]",62196,293727,1
enterprise,0,9575,prefill,2b19945777114854b82d6cd44b40f27b,optrace:9575:193,aten.split_with_sizes.default,"[{""request_id"": ""c4f28400bfd54f3bbb86f843f6fb61f5"", ""position"": 0, ""query_len"": 4096}]","[[4096, 1280]]","[""torch.float16""]","[{""argument"": ""args[0]"", ""shape"": [4096, 1280], ""dtype"": ""torch.float16"", ""device"": ""cuda:0"", ""stride"": [1280, 1]}]",14332,0,0
enterprise,0,9575,prefill,2b19945777114854b82d6cd44b40f27b,optrace:9575:194,_C.rotary_embedding.default,"[{""request_id"": ""c4f28400bfd54f3bbb86f843f6fb61f5"", ""position"": 0, ""query_len"": 4096}]","[[4096], [4096, 1024], [4096, 128], [32768, 128]]","[""torch.int64"", ""torch.float16"", ""torch.float16"", ""torch.float16""]","[{""argument"": ""args[0]"", ""shape"": [4096], ""dtype"": ""torch.int64"", ""device"": ""cuda:0"", ""stride"": [1]}, {""argument"": ""args[1]"", ""shape"": [4096, 1024], ""dtype"": ""torch.float16"", ""device"": ""cuda:0"", ""stride"": [1280, 1]}, {""argument"": ""args[2]"", ""shape"": [4096, 128], ""dtype"": ""torch.float16"", ""device"": ""cuda:0"", ""stride"": [1280, 1]}, {""argument"": ""args[4]"", ""shape"": [32768, 128], ""dtype"": ""torch.float16"", ""device"": ""cuda:0"", ""stride"": [128, 1]}]",21276,46816,1
enterprise,0,9575,prefill,2b19945777114854b82d6cd44b40f27b,optrace:9575:195,aten.zeros.default,"[{""request_id"": ""c4f28400bfd54f3bbb86f843f6fb61f5"", ""position"": 0, ""query_len"": 4096}]",[],[],[],42259,17632,1
enterprise,0,9575,prefill,2b19945777114854b82d6cd44b40f27b,optrace:9575:196,aten.view.default,"[{""request_id"": ""c4f28400bfd54f3bbb86f843f6fb61f5"", ""position"": 0, ""query_len"": 4096}]","[[4096, 1024]]","[""torch.float16""]","[{""argument"": ""args[0]"", ""shape"": [4096, 1024], ""dtype"": ""torch.float16"", ""device"": ""cuda:0"", ""stride"": [1280, 1]}]",8770,0,0
enterprise,0,9575,prefill,2b19945777114854b82d6cd44b40f27b,optrace:9575:197,aten.view.default,"[{""request_id"": ""c4f28400bfd54f3bbb86f843f6fb61f5"", ""position"": 0, ""query_len"": 4096}]","[[4096, 1024]]","[""torch.float16""]","[{""argument"": ""args[0]"", ""shape"": [4096, 1024], ""dtype"": ""torch.float16"", ""device"": ""cuda:0"", ""stride"": [1024, 1]}]",5194,0,0
enterprise,0,9575,prefill,2b19945777114854b82d6cd44b40f27b,optrace:9575:198,aten.view.default,"[{""request_id"": ""c4f28400bfd54f3bbb86f843f6fb61f5"", ""position"": 0, ""query_len"": 4096}]","[[4096, 128]]","[""torch.float16""]","[{""argument"": ""args[0]"", ""shape"": [4096, 128], ""dtype"": ""torch.float16"", ""device"": ""cuda:0"", ""stride"": [1280, 1]}]",4974,0,0
enterprise,0,9575,prefill,2b19945777114854b82d6cd44b40f27b,optrace:9575:199,aten.view.default,"[{""request_id"": ""c4f28400bfd54f3bbb86f843f6fb61f5"", ""position"": 0, ""query_len"": 4096}]","[[4096, 128]]","[""torch.float16""]","[{""argument"": ""args[0]"", ""shape"": [4096, 128], ""dtype"": ""torch.float16"", ""device"": ""cuda:0"", ""stride"": [1280, 1]}]",5122,0,0
enterprise,0,9575,prefill,2b19945777114854b82d6cd44b40f27b,optrace:9575:200,vllm.unified_attention_with_output.default,"[{""request_id"": ""c4f28400bfd54f3bbb86f843f6fb61f5"", ""position"": 0, ""query_len"": 4096}]","[[4096, 8, 128], [4096, 1, 128], [4096, 1, 128], [4096, 8, 128]]","[""torch.float16"", ""torch.float16"", ""torch.float16"", ""torch.float16""]","[{""argument"": ""args[0]"", ""shape"": [4096, 8, 128], ""dtype"": ""torch.float16"", ""device"": ""cuda:0"", ""stride"": [1280, 128, 1]}, {""argument"": ""args[1]"", ""shape"": [4096, 1, 128], ""dtype"": ""torch.float16"", ""device"": ""cuda:0"", ""stride"": [1280, 128, 1]}, {""argument"": ""args[2]"", ""shape"": [4096, 1, 128], ""dtype"": ""torch.float16"", ""device"": ""cuda:0"", ""stride"": [1280, 128, 1]}, {""argument"": ""args[3]"", ""shape"": [4096, 8, 128], ""dtype"": ""torch.float16"", ""device"": ""cuda:0"", ""stride"": [1024, 128, 1]}]",194049,513279,2
enterprise,0,9575,prefill,2b19945777114854b82d6cd44b40f27b,optrace:9575:201,aten.view.default,"[{""request_id"": ""c4f28400bfd54f3bbb86f843f6fb61f5"", ""position"": 0, ""query_len"": 4096}]","[[4096, 8, 128]]","[""torch.float16""]","[{""argument"": ""args[0]"", ""shape"": [4096, 8, 128], ""dtype"": ""torch.float16"", ""device"": ""cuda:0"", ""stride"": [1024, 128, 1]}]",9052,0,0
enterprise,0,9575,prefill,2b19945777114854b82d6cd44b40f27b,optrace:9575:202,aten.linear.default,"[{""request_id"": ""c4f28400bfd54f3bbb86f843f6fb61f5"", ""position"": 0, ""query_len"": 4096}]","[[4096, 1024], [2048, 1024]]","[""torch.float16"", ""torch.float16""]","[{""argument"": ""args[0]"", ""shape"": [4096, 1024], ""dtype"": ""torch.float16"", ""device"": ""cuda:0"", ""stride"": [1024, 1]}, {""argument"": ""args[1]"", ""shape"": [2048, 1024], ""dtype"": ""torch.float16"", ""device"": ""cuda:0"", ""stride"": [1024, 1]}]",65744,199168,1
enterprise,0,9575,prefill,2b19945777114854b82d6cd44b40f27b,optrace:9575:203,vllm.all_reduce.default,"[{""request_id"": ""c4f28400bfd54f3bbb86f843f6fb61f5"", ""position"": 0, ""query_len"": 4096}]","[[4096, 2048]]","[""torch.float16""]","[{""argument"": ""args[0]"", ""shape"": [4096, 2048], ""dtype"": ""torch.float16"", ""device"": ""cuda:0"", ""stride"": [2048, 1]}]",78095,0,0
enterprise,0,9575,prefill,2b19945777114854b82d6cd44b40f27b,optrace:9575:204,pynccl.all_reduce,"[{""request_id"": ""c4f28400bfd54f3bbb86f843f6fb61f5"", ""position"": 0, ""query_len"": 4096}]","[[4096, 2048]]","[""torch.float16""]","[{""argument"": ""args[0]"", ""shape"": [4096, 2048], ""dtype"": ""torch.float16"", ""device"": ""cuda:0"", ""stride"": [2048, 1]}]",59639,1106397,1
enterprise,0,9575,prefill,2b19945777114854b82d6cd44b40f27b,optrace:9575:205,aten.detach.default,"[{""request_id"": ""c4f28400bfd54f3bbb86f843f6fb61f5"", ""position"": 0, ""query_len"": 4096}]",[[2048]],"[""torch.float16""]","[{""argument"": ""args[0]"", ""shape"": [2048], ""dtype"": ""torch.float16"", ""device"": ""cuda:0"", ""stride"": [1]}]",7473,0,0
enterprise,0,9575,prefill,2b19945777114854b82d6cd44b40f27b,optrace:9575:206,_C.fused_add_rms_norm.default,"[{""request_id"": ""c4f28400bfd54f3bbb86f843f6fb61f5"", ""position"": 0, ""query_len"": 4096}]","[[4096, 2048], [4096, 2048], [2048]]","[""torch.float16"", ""torch.float16"", ""torch.float16""]","[{""argument"": ""args[0]"", ""shape"": [4096, 2048], ""dtype"": ""torch.float16"", ""device"": ""cuda:0"", ""stride"": [2048, 1]}, {""argument"": ""args[1]"", ""shape"": [4096, 2048], ""dtype"": ""torch.float16"", ""device"": ""cuda:0"", ""stride"": [2048, 1]}, {""argument"": ""args[2]"", ""shape"": [2048], ""dtype"": ""torch.float16"", ""device"": ""cuda:0"", ""stride"": [1]}]",19495,138432,1
enterprise,0,9575,prefill,2b19945777114854b82d6cd44b40f27b,optrace:9575:207,aten.linear.default,"[{""request_id"": ""c4f28400bfd54f3bbb86f843f6fb61f5"", ""position"": 0, ""query_len"": 4096}]","[[4096, 2048], [11008, 2048]]","[""torch.float16"", ""torch.float16""]","[{""argument"": ""args[0]"", ""shape"": [4096, 2048], ""dtype"": ""torch.float16"", ""device"": ""cuda:0"", ""stride"": [2048, 1]}, {""argument"": ""args[1]"", ""shape"": [11008, 2048], ""dtype"": ""torch.float16"", ""device"": ""cuda:0"", ""stride"": [2048, 1]}]",62164,2089051,1
enterprise,0,9575,prefill,2b19945777114854b82d6cd44b40f27b,optrace:9575:208,aten.empty.memory_format,"[{""request_id"": ""c4f28400bfd54f3bbb86f843f6fb61f5"", ""position"": 0, ""query_len"": 4096}]",[],[],[],21111,0,0
enterprise,0,9575,prefill,2b19945777114854b82d6cd44b40f27b,optrace:9575:209,_C.silu_and_mul.default,"[{""request_id"": ""c4f28400bfd54f3bbb86f843f6fb61f5"", ""position"": 0, ""query_len"": 4096}]","[[4096, 5504], [4096, 11008]]","[""torch.float16"", ""torch.float16""]","[{""argument"": ""args[0]"", ""shape"": [4096, 5504], ""dtype"": ""torch.float16"", ""device"": ""cuda:0"", ""stride"": [5504, 1]}, {""argument"": ""args[1]"", ""shape"": [4096, 11008], ""dtype"": ""torch.float16"", ""device"": ""cuda:0"", ""stride"": [11008, 1]}]",17436,291968,1
enterprise,0,9575,prefill,2b19945777114854b82d6cd44b40f27b,optrace:9575:210,aten.linear.default,"[{""request_id"": ""c4f28400bfd54f3bbb86f843f6fb61f5"", ""position"": 0, ""query_len"": 4096}]","[[4096, 5504], [2048, 5504]]","[""torch.float16"", ""torch.float16""]","[{""argument"": ""args[0]"", ""shape"": [4096, 5504], ""dtype"": ""torch.float16"", ""device"": ""cuda:0"", ""stride"": [5504, 1]}, {""argument"": ""args[1]"", ""shape"": [2048, 5504], ""dtype"": ""torch.float16"", ""device"": ""cuda:0"", ""stride"": [5504, 1]}]",44159,969534,1
enterprise,0,9575,prefill,2b19945777114854b82d6cd44b40f27b,optrace:9575:211,vllm.all_reduce.default,"[{""request_id"": ""c4f28400bfd54f3bbb86f843f6fb61f5"", ""position"": 0, ""query_len"": 4096}]","[[4096, 2048]]","[""torch.float16""]","[{""argument"": ""args[0]"", ""shape"": [4096, 2048], ""dtype"": ""torch.float16"", ""device"": ""cuda:0"", ""stride"": [2048, 1]}]",83553,0,0
enterprise,0,9575,prefill,2b19945777114854b82d6cd44b40f27b,optrace:9575:212,pynccl.all_reduce,"[{""request_id"": ""c4f28400bfd54f3bbb86f843f6fb61f5"", ""position"": 0, ""query_len"": 4096}]","[[4096, 2048]]","[""torch.float16""]","[{""argument"": ""args[0]"", ""shape"": [4096, 2048], ""dtype"": ""torch.float16"", ""device"": ""cuda:0"", ""stride"": [2048, 1]}]",58543,1106429,1
enterprise,0,9575,prefill,2b19945777114854b82d6cd44b40f27b,optrace:9575:213,aten.detach.default,"[{""request_id"": ""c4f28400bfd54f3bbb86f843f6fb61f5"", ""position"": 0, ""query_len"": 4096}]",[[2048]],"[""torch.float16""]","[{""argument"": ""args[0]"", ""shape"": [2048], ""dtype"": ""torch.float16"", ""device"": ""cuda:0"", ""stride"": [1]}]",8022,0,0
enterprise,0,9575,prefill,2b19945777114854b82d6cd44b40f27b,optrace:9575:214,_C.fused_add_rms_norm.default,"[{""request_id"": ""c4f28400bfd54f3bbb86f843f6fb61f5"", ""position"": 0, ""query_len"": 4096}]","[[4096, 2048], [4096, 2048], [2048]]","[""torch.float16"", ""torch.float16"", ""torch.float16""]","[{""argument"": ""args[0]"", ""shape"": [4096, 2048], ""dtype"": ""torch.float16"", ""device"": ""cuda:0"", ""stride"": [2048, 1]}, {""argument"": ""args[1]"", ""shape"": [4096, 2048], ""dtype"": ""torch.float16"", ""device"": ""cuda:0"", ""stride"": [2048, 1]}, {""argument"": ""args[2]"", ""shape"": [2048], ""dtype"": ""torch.float16"", ""device"": ""cuda:0"", ""stride"": [1]}]",22951,139136,1
enterprise,0,9575,prefill,2b19945777114854b82d6cd44b40f27b,optrace:9575:215,aten.linear.default,"[{""request_id"": ""c4f28400bfd54f3bbb86f843f6fb61f5"", ""position"": 0, ""query_len"": 4096}]","[[4096, 2048], [1280, 2048], [1280]]","[""torch.float16"", ""torch.float16"", ""torch.float16""]","[{""argument"": ""args[0]"", ""shape"": [4096, 2048], ""dtype"": ""torch.float16"", ""device"": ""cuda:0"", ""stride"": [2048, 1]}, {""argument"": ""args[1]"", ""shape"": [1280, 2048], ""dtype"": ""torch.float16"", ""device"": ""cuda:0"", ""stride"": [2048, 1]}, {""argument"": ""args[2]"", ""shape"": [1280], ""dtype"": ""torch.float16"", ""device"": ""cuda:0"", ""stride"": [1]}]",62620,293183,1
enterprise,0,9575,prefill,2b19945777114854b82d6cd44b40f27b,optrace:9575:216,aten.split_with_sizes.default,"[{""request_id"": ""c4f28400bfd54f3bbb86f843f6fb61f5"", ""position"": 0, ""query_len"": 4096}]","[[4096, 1280]]","[""torch.float16""]","[{""argument"": ""args[0]"", ""shape"": [4096, 1280], ""dtype"": ""torch.float16"", ""device"": ""cuda:0"", ""stride"": [1280, 1]}]",14172,0,0
enterprise,0,9575,prefill,2b19945777114854b82d6cd44b40f27b,optrace:9575:217,_C.rotary_embedding.default,"[{""request_id"": ""c4f28400bfd54f3bbb86f843f6fb61f5"", ""position"": 0, ""query_len"": 4096}]","[[4096], [4096, 1024], [4096, 128], [32768, 128]]","[""torch.int64"", ""torch.float16"", ""torch.float16"", ""torch.float16""]","[{""argument"": ""args[0]"", ""shape"": [4096], ""dtype"": ""torch.int64"", ""device"": ""cuda:0"", ""stride"": [1]}, {""argument"": ""args[1]"", ""shape"": [4096, 1024], ""dtype"": ""torch.float16"", ""device"": ""cuda:0"", ""stride"": [1280, 1]}, {""argument"": ""args[2]"", ""shape"": [4096, 128], ""dtype"": ""torch.float16"", ""device"": ""cuda:0"", ""stride"": [1280, 1]}, {""argument"": ""args[4]"", ""shape"": [32768, 128], ""dtype"": ""torch.float16"", ""device"": ""cuda:0"", ""stride"": [128, 1]}]",20635,47008,1
enterprise,0,9575,prefill,2b19945777114854b82d6cd44b40f27b,optrace:9575:218,aten.zeros.default,"[{""request_id"": ""c4f28400bfd54f3bbb86f843f6fb61f5"", ""position"": 0, ""query_len"": 4096}]",[],[],[],43484,17600,1
enterprise,0,9575,prefill,2b19945777114854b82d6cd44b40f27b,optrace:9575:219,aten.view.default,"[{""request_id"": ""c4f28400bfd54f3bbb86f843f6fb61f5"", ""position"": 0, ""query_len"": 4096}]","[[4096, 1024]]","[""torch.float16""]","[{""argument"": ""args[0]"", ""shape"": [4096, 1024], ""dtype"": ""torch.float16"", ""device"": ""cuda:0"", ""stride"": [1280, 1]}]",8718,0,0
enterprise,0,9575,prefill,2b19945777114854b82d6cd44b40f27b,optrace:9575:220,aten.view.default,"[{""request_id"": ""c4f28400bfd54f3bbb86f843f6fb61f5"", ""position"": 0, ""query_len"": 4096}]","[[4096, 1024]]","[""torch.float16""]","[{""argument"": ""args[0]"", ""shape"": [4096, 1024], ""dtype"": ""torch.float16"", ""device"": ""cuda:0"", ""stride"": [1024, 1]}]",5177,0,0
enterprise,0,9575,prefill,2b19945777114854b82d6cd44b40f27b,optrace:9575:221,aten.view.default,"[{""request_id"": ""c4f28400bfd54f3bbb86f843f6fb61f5"", ""position"": 0, ""query_len"": 4096}]","[[4096, 128]]","[""torch.float16""]","[{""argument"": ""args[0]"", ""shape"": [4096, 128], ""dtype"": ""torch.float16"", ""device"": ""cuda:0"", ""stride"": [1280, 1]}]",5022,0,0
enterprise,0,9575,prefill,2b19945777114854b82d6cd44b40f27b,optrace:9575:222,aten.view.default,"[{""request_id"": ""c4f28400bfd54f3bbb86f843f6fb61f5"", ""position"": 0, ""query_len"": 4096}]","[[4096, 128]]","[""torch.float16""]","[{""argument"": ""args[0]"", ""shape"": [4096, 128], ""dtype"": ""torch.float16"", ""device"": ""cuda:0"", ""stride"": [1280, 1]}]",5011,0,0
enterprise,0,9575,prefill,2b19945777114854b82d6cd44b40f27b,optrace:9575:223,vllm.unified_attention_with_output.default,"[{""request_id"": ""c4f28400bfd54f3bbb86f843f6fb61f5"", ""position"": 0, ""query_len"": 4096}]","[[4096, 8, 128], [4096, 1, 128], [4096, 1, 128], [4096, 8, 128]]","[""torch.float16"", ""torch.float16"", ""torch.float16"", ""torch.float16""]","[{""argument"": ""args[0]"", ""shape"": [4096, 8, 128], ""dtype"": ""torch.float16"", ""device"": ""cuda:0"", ""stride"": [1280, 128, 1]}, {""argument"": ""args[1]"", ""shape"": [4096, 1, 128], ""dtype"": ""torch.float16"", ""device"": ""cuda:0"", ""stride"": [1280, 128, 1]}, {""argument"": ""args[2]"", ""shape"": [4096, 1, 128], ""dtype"": ""torch.float16"", ""device"": ""cuda:0"", ""stride"": [1280, 128, 1]}, {""argument"": ""args[3]"", ""shape"": [4096, 8, 128], ""dtype"": ""torch.float16"", ""device"": ""cuda:0"", ""stride"": [1024, 128, 1]}]",175336,514015,2
enterprise,0,9575,prefill,2b19945777114854b82d6cd44b40f27b,optrace:9575:224,aten.view.default,"[{""request_id"": ""c4f28400bfd54f3bbb86f843f6fb61f5"", ""position"": 0, ""query_len"": 4096}]","[[4096, 8, 128]]","[""torch.float16""]","[{""argument"": ""args[0]"", ""shape"": [4096, 8, 128], ""dtype"": ""torch.float16"", ""device"": ""cuda:0"", ""stride"": [1024, 128, 1]}]",9320,0,0
enterprise,0,9575,prefill,2b19945777114854b82d6cd44b40f27b,optrace:9575:225,aten.linear.default,"[{""request_id"": ""c4f28400bfd54f3bbb86f843f6fb61f5"", ""position"": 0, ""query_len"": 4096}]","[[4096, 1024], [2048, 1024]]","[""torch.float16"", ""torch.float16""]","[{""argument"": ""args[0]"", ""shape"": [4096, 1024], ""dtype"": ""torch.float16"", ""device"": ""cuda:0"", ""stride"": [1024, 1]}, {""argument"": ""args[1]"", ""shape"": [2048, 1024], ""dtype"": ""torch.float16"", ""device"": ""cuda:0"", ""stride"": [1024, 1]}]",55032,199744,1
enterprise,0,9575,prefill,2b19945777114854b82d6cd44b40f27b,optrace:9575:226,vllm.all_reduce.default,"[{""request_id"": ""c4f28400bfd54f3bbb86f843f6fb61f5"", ""position"": 0, ""query_len"": 4096}]","[[4096, 2048]]","[""torch.float16""]","[{""argument"": ""args[0]"", ""shape"": [4096, 2048], ""dtype"": ""torch.float16"", ""device"": ""cuda:0"", ""stride"": [2048, 1]}]",86314,0,0
enterprise,0,9575,prefill,2b19945777114854b82d6cd44b40f27b,optrace:9575:227,pynccl.all_reduce,"[{""request_id"": ""c4f28400bfd54f3bbb86f843f6fb61f5"", ""position"": 0, ""query_len"": 4096}]","[[4096, 2048]]","[""torch.float16""]","[{""argument"": ""args[0]"", ""shape"": [4096, 2048], ""dtype"": ""torch.float16"", ""device"": ""cuda:0"", ""stride"": [2048, 1]}]",62845,1130429,1
enterprise,0,9575,prefill,2b19945777114854b82d6cd44b40f27b,optrace:9575:228,aten.detach.default,"[{""request_id"": ""c4f28400bfd54f3bbb86f843f6fb61f5"", ""position"": 0, ""query_len"": 4096}]",[[2048]],"[""torch.float16""]","[{""argument"": ""args[0]"", ""shape"": [2048], ""dtype"": ""torch.float16"", ""device"": ""cuda:0"", ""stride"": [1]}]",8238,0,0
enterprise,0,9575,prefill,2b19945777114854b82d6cd44b40f27b,optrace:9575:229,_C.fused_add_rms_norm.default,"[{""request_id"": ""c4f28400bfd54f3bbb86f843f6fb61f5"", ""position"": 0, ""query_len"": 4096}]","[[4096, 2048], [4096, 2048], [2048]]","[""torch.float16"", ""torch.float16"", ""torch.float16""]","[{""argument"": ""args[0]"", ""shape"": [4096, 2048], ""dtype"": ""torch.float16"", ""device"": ""cuda:0"", ""stride"": [2048, 1]}, {""argument"": ""args[1]"", ""shape"": [4096, 2048], ""dtype"": ""torch.float16"", ""device"": ""cuda:0"", ""stride"": [2048, 1]}, {""argument"": ""args[2]"", ""shape"": [2048], ""dtype"": ""torch.float16"", ""device"": ""cuda:0"", ""stride"": [1]}]",19938,139840,1
enterprise,0,9575,prefill,2b19945777114854b82d6cd44b40f27b,optrace:9575:230,aten.linear.default,"[{""request_id"": ""c4f28400bfd54f3bbb86f843f6fb61f5"", ""position"": 0, ""query_len"": 4096}]","[[4096, 2048], [11008, 2048]]","[""torch.float16"", ""torch.float16""]","[{""argument"": ""args[0]"", ""shape"": [4096, 2048], ""dtype"": ""torch.float16"", ""device"": ""cuda:0"", ""stride"": [2048, 1]}, {""argument"": ""args[1]"", ""shape"": [11008, 2048], ""dtype"": ""torch.float16"", ""device"": ""cuda:0"", ""stride"": [2048, 1]}]",64949,2107675,1
enterprise,0,9575,prefill,2b19945777114854b82d6cd44b40f27b,optrace:9575:231,aten.empty.memory_format,"[{""request_id"": ""c4f28400bfd54f3bbb86f843f6fb61f5"", ""position"": 0, ""query_len"": 4096}]",[],[],[],22760,0,0
enterprise,0,9575,prefill,2b19945777114854b82d6cd44b40f27b,optrace:9575:232,_C.silu_and_mul.default,"[{""request_id"": ""c4f28400bfd54f3bbb86f843f6fb61f5"", ""position"": 0, ""query_len"": 4096}]","[[4096, 5504], [4096, 11008]]","[""torch.float16"", ""torch.float16""]","[{""argument"": ""args[0]"", ""shape"": [4096, 5504], ""dtype"": ""torch.float16"", ""device"": ""cuda:0"", ""stride"": [5504, 1]}, {""argument"": ""args[1]"", ""shape"": [4096, 11008], ""dtype"": ""torch.float16"", ""device"": ""cuda:0"", ""stride"": [11008, 1]}]",17715,292256,1
enterprise,0,9575,prefill,2b19945777114854b82d6cd44b40f27b,optrace:9575:233,aten.linear.default,"[{""request_id"": ""c4f28400bfd54f3bbb86f843f6fb61f5"", ""position"": 0, ""query_len"": 4096}]","[[4096, 5504], [2048, 5504]]","[""torch.float16"", ""torch.float16""]","[{""argument"": ""args[0]"", ""shape"": [4096, 5504], ""dtype"": ""torch.float16"", ""device"": ""cuda:0"", ""stride"": [5504, 1]}, {""argument"": ""args[1]"", ""shape"": [2048, 5504], ""dtype"": ""torch.float16"", ""device"": ""cuda:0"", ""stride"": [5504, 1]}]",60429,969117,1
enterprise,0,9575,prefill,2b19945777114854b82d6cd44b40f27b,optrace:9575:234,vllm.all_reduce.default,"[{""request_id"": ""c4f28400bfd54f3bbb86f843f6fb61f5"", ""position"": 0, ""query_len"": 4096}]","[[4096, 2048]]","[""torch.float16""]","[{""argument"": ""args[0]"", ""shape"": [4096, 2048], ""dtype"": ""torch.float16"", ""device"": ""cuda:0"", ""stride"": [2048, 1]}]",83910,0,0
enterprise,0,9575,prefill,2b19945777114854b82d6cd44b40f27b,optrace:9575:235,pynccl.all_reduce,"[{""request_id"": ""c4f28400bfd54f3bbb86f843f6fb61f5"", ""position"": 0, ""query_len"": 4096}]","[[4096, 2048]]","[""torch.float16""]","[{""argument"": ""args[0]"", ""shape"": [4096, 2048], ""dtype"": ""torch.float16"", ""device"": ""cuda:0"", ""stride"": [2048, 1]}]",60354,1098238,1
enterprise,0,9575,prefill,2b19945777114854b82d6cd44b40f27b,optrace:9575:236,aten.detach.default,"[{""request_id"": ""c4f28400bfd54f3bbb86f843f6fb61f5"", ""position"": 0, ""query_len"": 4096}]",[[2048]],"[""torch.float16""]","[{""argument"": ""args[0]"", ""shape"": [2048], ""dtype"": ""torch.float16"", ""device"": ""cuda:0"", ""stride"": [1]}]",8122,0,0
enterprise,0,9575,prefill,2b19945777114854b82d6cd44b40f27b,optrace:9575:237,_C.fused_add_rms_norm.default,"[{""request_id"": ""c4f28400bfd54f3bbb86f843f6fb61f5"", ""position"": 0, ""query_len"": 4096}]","[[4096, 2048], [4096, 2048], [2048]]","[""torch.float16"", ""torch.float16"", ""torch.float16""]","[{""argument"": ""args[0]"", ""shape"": [4096, 2048], ""dtype"": ""torch.float16"", ""device"": ""cuda:0"", ""stride"": [2048, 1]}, {""argument"": ""args[1]"", ""shape"": [4096, 2048], ""dtype"": ""torch.float16"", ""device"": ""cuda:0"", ""stride"": [2048, 1]}, {""argument"": ""args[2]"", ""shape"": [2048], ""dtype"": ""torch.float16"", ""device"": ""cuda:0"", ""stride"": [1]}]",19424,140064,1
enterprise,0,9575,prefill,2b19945777114854b82d6cd44b40f27b,optrace:9575:238,aten.linear.default,"[{""request_id"": ""c4f28400bfd54f3bbb86f843f6fb61f5"", ""position"": 0, ""query_len"": 4096}]","[[4096, 2048], [1280, 2048], [1280]]","[""torch.float16"", ""torch.float16"", ""torch.float16""]","[{""argument"": ""args[0]"", ""shape"": [4096, 2048], ""dtype"": ""torch.float16"", ""device"": ""cuda:0"", ""stride"": [2048, 1]}, {""argument"": ""args[1]"", ""shape"": [1280, 2048], ""dtype"": ""torch.float16"", ""device"": ""cuda:0"", ""stride"": [2048, 1]}, {""argument"": ""args[2]"", ""shape"": [1280], ""dtype"": ""torch.float16"", ""device"": ""cuda:0"", ""stride"": [1]}]",62375,299775,1
enterprise,0,9575,prefill,2b19945777114854b82d6cd44b40f27b,optrace:9575:239,aten.split_with_sizes.default,"[{""request_id"": ""c4f28400bfd54f3bbb86f843f6fb61f5"", ""position"": 0, ""query_len"": 4096}]","[[4096, 1280]]","[""torch.float16""]","[{""argument"": ""args[0]"", ""shape"": [4096, 1280], ""dtype"": ""torch.float16"", ""device"": ""cuda:0"", ""stride"": [1280, 1]}]",16482,0,0
enterprise,0,9575,prefill,2b19945777114854b82d6cd44b40f27b,optrace:9575:240,_C.rotary_embedding.default,"[{""request_id"": ""c4f28400bfd54f3bbb86f843f6fb61f5"", ""position"": 0, ""query_len"": 4096}]","[[4096], [4096, 1024], [4096, 128], [32768, 128]]","[""torch.int64"", ""torch.float16"", ""torch.float16"", ""torch.float16""]","[{""argument"": ""args[0]"", ""shape"": [4096], ""dtype"": ""torch.int64"", ""device"": ""cuda:0"", ""stride"": [1]}, {""argument"": ""args[1]"", ""shape"": [4096, 1024], ""dtype"": ""torch.float16"", ""device"": ""cuda:0"", ""stride"": [1280, 1]}, {""argument"": ""args[2]"", ""shape"": [4096, 128], ""dtype"": ""torch.float16"", ""device"": ""cuda:0"", ""stride"": [1280, 1]}, {""argument"": ""args[4]"", ""shape"": [32768, 128], ""dtype"": ""torch.float16"", ""device"": ""cuda:0"", ""stride"": [128, 1]}]",23345,47872,1
enterprise,0,9575,prefill,2b19945777114854b82d6cd44b40f27b,optrace:9575:241,aten.zeros.default,"[{""request_id"": ""c4f28400bfd54f3bbb86f843f6fb61f5"", ""position"": 0, ""query_len"": 4096}]",[],[],[],39232,17696,1
enterprise,0,9575,prefill,2b19945777114854b82d6cd44b40f27b,optrace:9575:242,aten.view.default,"[{""request_id"": ""c4f28400bfd54f3bbb86f843f6fb61f5"", ""position"": 0, ""query_len"": 4096}]","[[4096, 1024]]","[""torch.float16""]","[{""argument"": ""args[0]"", ""shape"": [4096, 1024], ""dtype"": ""torch.float16"", ""device"": ""cuda:0"", ""stride"": [1280, 1]}]",8593,0,0
enterprise,0,9575,prefill,2b19945777114854b82d6cd44b40f27b,optrace:9575:243,aten.view.default,"[{""request_id"": ""c4f28400bfd54f3bbb86f843f6fb61f5"", ""position"": 0, ""query_len"": 4096}]","[[4096, 1024]]","[""torch.float16""]","[{""argument"": ""args[0]"", ""shape"": [4096, 1024], ""dtype"": ""torch.float16"", ""device"": ""cuda:0"", ""stride"": [1024, 1]}]",5244,0,0
enterprise,0,9575,prefill,2b19945777114854b82d6cd44b40f27b,optrace:9575:244,aten.view.default,"[{""request_id"": ""c4f28400bfd54f3bbb86f843f6fb61f5"", ""position"": 0, ""query_len"": 4096}]","[[4096, 128]]","[""torch.float16""]","[{""argument"": ""args[0]"", ""shape"": [4096, 128], ""dtype"": ""torch.float16"", ""device"": ""cuda:0"", ""stride"": [1280, 1]}]",5350,0,0
enterprise,0,9575,prefill,2b19945777114854b82d6cd44b40f27b,optrace:9575:245,aten.view.default,"[{""request_id"": ""c4f28400bfd54f3bbb86f843f6fb61f5"", ""position"": 0, ""query_len"": 4096}]","[[4096, 128]]","[""torch.float16""]","[{""argument"": ""args[0]"", ""shape"": [4096, 128], ""dtype"": ""torch.float16"", ""device"": ""cuda:0"", ""stride"": [1280, 1]}]",4910,0,0
enterprise,0,9575,prefill,2b19945777114854b82d6cd44b40f27b,optrace:9575:246,vllm.unified_attention_with_output.default,"[{""request_id"": ""c4f28400bfd54f3bbb86f843f6fb61f5"", ""position"": 0, ""query_len"": 4096}]","[[4096, 8, 128], [4096, 1, 128], [4096, 1, 128], [4096, 8, 128]]","[""torch.float16"", ""torch.float16"", ""torch.float16"", ""torch.float16""]","[{""argument"": ""args[0]"", ""shape"": [4096, 8, 128], ""dtype"": ""torch.float16"", ""device"": ""cuda:0"", ""stride"": [1280, 128, 1]}, {""argument"": ""args[1]"", ""shape"": [4096, 1, 128], ""dtype"": ""torch.float16"", ""device"": ""cuda:0"", ""stride"": [1280, 128, 1]}, {""argument"": ""args[2]"", ""shape"": [4096, 1, 128], ""dtype"": ""torch.float16"", ""device"": ""cuda:0"", ""stride"": [1280, 128, 1]}, {""argument"": ""args[3]"", ""shape"": [4096, 8, 128], ""dtype"": ""torch.float16"", ""device"": ""cuda:0"", ""stride"": [1024, 128, 1]}]",188996,522431,2
enterprise,0,9575,prefill,2b19945777114854b82d6cd44b40f27b,optrace:9575:247,aten.view.default,"[{""request_id"": ""c4f28400bfd54f3bbb86f843f6fb61f5"", ""position"": 0, ""query_len"": 4096}]","[[4096, 8, 128]]","[""torch.float16""]","[{""argument"": ""args[0]"", ""shape"": [4096, 8, 128], ""dtype"": ""torch.float16"", ""device"": ""cuda:0"", ""stride"": [1024, 128, 1]}]",20362,0,0
enterprise,0,9575,prefill,2b19945777114854b82d6cd44b40f27b,optrace:9575:248,aten.linear.default,"[{""request_id"": ""c4f28400bfd54f3bbb86f843f6fb61f5"", ""position"": 0, ""query_len"": 4096}]","[[4096, 1024], [2048, 1024]]","[""torch.float16"", ""torch.float16""]","[{""argument"": ""args[0]"", ""shape"": [4096, 1024], ""dtype"": ""torch.float16"", ""device"": ""cuda:0"", ""stride"": [1024, 1]}, {""argument"": ""args[1]"", ""shape"": [2048, 1024], ""dtype"": ""torch.float16"", ""device"": ""cuda:0"", ""stride"": [1024, 1]}]",54662,210079,1
enterprise,0,9575,prefill,2b19945777114854b82d6cd44b40f27b,optrace:9575:249,vllm.all_reduce.default,"[{""request_id"": ""c4f28400bfd54f3bbb86f843f6fb61f5"", ""position"": 0, ""query_len"": 4096}]","[[4096, 2048]]","[""torch.float16""]","[{""argument"": ""args[0]"", ""shape"": [4096, 2048], ""dtype"": ""torch.float16"", ""device"": ""cuda:0"", ""stride"": [2048, 1]}]",84810,0,0
enterprise,0,9575,prefill,2b19945777114854b82d6cd44b40f27b,optrace:9575:250,pynccl.all_reduce,"[{""request_id"": ""c4f28400bfd54f3bbb86f843f6fb61f5"", ""position"": 0, ""query_len"": 4096}]","[[4096, 2048]]","[""torch.float16""]","[{""argument"": ""args[0]"", ""shape"": [4096, 2048], ""dtype"": ""torch.float16"", ""device"": ""cuda:0"", ""stride"": [2048, 1]}]",61801,1108126,1
enterprise,0,9575,prefill,2b19945777114854b82d6cd44b40f27b,optrace:9575:251,aten.detach.default,"[{""request_id"": ""c4f28400bfd54f3bbb86f843f6fb61f5"", ""position"": 0, ""query_len"": 4096}]",[[2048]],"[""torch.float16""]","[{""argument"": ""args[0]"", ""shape"": [2048], ""dtype"": ""torch.float16"", ""device"": ""cuda:0"", ""stride"": [1]}]",7779,0,0
enterprise,0,9575,prefill,2b19945777114854b82d6cd44b40f27b,optrace:9575:252,_C.fused_add_rms_norm.default,"[{""request_id"": ""c4f28400bfd54f3bbb86f843f6fb61f5"", ""position"": 0, ""query_len"": 4096}]","[[4096, 2048], [4096, 2048], [2048]]","[""torch.float16"", ""torch.float16"", ""torch.float16""]","[{""argument"": ""args[0]"", ""shape"": [4096, 2048], ""dtype"": ""torch.float16"", ""device"": ""cuda:0"", ""stride"": [2048, 1]}, {""argument"": ""args[1]"", ""shape"": [4096, 2048], ""dtype"": ""torch.float16"", ""device"": ""cuda:0"", ""stride"": [2048, 1]}, {""argument"": ""args[2]"", ""shape"": [2048], ""dtype"": ""torch.float16"", ""device"": ""cuda:0"", ""stride"": [1]}]",19179,139264,1
enterprise,0,9575,prefill,2b19945777114854b82d6cd44b40f27b,optrace:9575:253,aten.linear.default,"[{""request_id"": ""c4f28400bfd54f3bbb86f843f6fb61f5"", ""position"": 0, ""query_len"": 4096}]","[[4096, 2048], [11008, 2048]]","[""torch.float16"", ""torch.float16""]","[{""argument"": ""args[0]"", ""shape"": [4096, 2048], ""dtype"": ""torch.float16"", ""device"": ""cuda:0"", ""stride"": [2048, 1]}, {""argument"": ""args[1]"", ""shape"": [11008, 2048], ""dtype"": ""torch.float16"", ""device"": ""cuda:0"", ""stride"": [2048, 1]}]",61145,2120859,1
enterprise,0,9575,prefill,2b19945777114854b82d6cd44b40f27b,optrace:9575:254,aten.empty.memory_format,"[{""request_id"": ""c4f28400bfd54f3bbb86f843f6fb61f5"", ""position"": 0, ""query_len"": 4096}]",[],[],[],21113,0,0
enterprise,0,9575,prefill,2b19945777114854b82d6cd44b40f27b,optrace:9575:255,_C.silu_and_mul.default,"[{""request_id"": ""c4f28400bfd54f3bbb86f843f6fb61f5"", ""position"": 0, ""query_len"": 4096}]","[[4096, 5504], [4096, 11008]]","[""torch.float16"", ""torch.float16""]","[{""argument"": ""args[0]"", ""shape"": [4096, 5504], ""dtype"": ""torch.float16"", ""device"": ""cuda:0"", ""stride"": [5504, 1]}, {""argument"": ""args[1]"", ""shape"": [4096, 11008], ""dtype"": ""torch.float16"", ""device"": ""cuda:0"", ""stride"": [11008, 1]}]",15920,296447,1
enterprise,0,9575,prefill,2b19945777114854b82d6cd44b40f27b,optrace:9575:256,aten.linear.default,"[{""request_id"": ""c4f28400bfd54f3bbb86f843f6fb61f5"", ""position"": 0, ""query_len"": 4096}]","[[4096, 5504], [2048, 5504]]","[""torch.float16"", ""torch.float16""]","[{""argument"": ""args[0]"", ""shape"": [4096, 5504], ""dtype"": ""torch.float16"", ""device"": ""cuda:0"", ""stride"": [5504, 1]}, {""argument"": ""args[1]"", ""shape"": [2048, 5504], ""dtype"": ""torch.float16"", ""device"": ""cuda:0"", ""stride"": [5504, 1]}]",45234,993982,1
enterprise,0,9575,prefill,2b19945777114854b82d6cd44b40f27b,optrace:9575:257,vllm.all_reduce.default,"[{""request_id"": ""c4f28400bfd54f3bbb86f843f6fb61f5"", ""position"": 0, ""query_len"": 4096}]","[[4096, 2048]]","[""torch.float16""]","[{""argument"": ""args[0]"", ""shape"": [4096, 2048], ""dtype"": ""torch.float16"", ""device"": ""cuda:0"", ""stride"": [2048, 1]}]",76157,0,0
enterprise,0,9575,prefill,2b19945777114854b82d6cd44b40f27b,optrace:9575:258,pynccl.all_reduce,"[{""request_id"": ""c4f28400bfd54f3bbb86f843f6fb61f5"", ""position"": 0, ""query_len"": 4096}]","[[4096, 2048]]","[""torch.float16""]","[{""argument"": ""args[0]"", ""shape"": [4096, 2048], ""dtype"": ""torch.float16"", ""device"": ""cuda:0"", ""stride"": [2048, 1]}]",57420,1116990,1
enterprise,0,9575,prefill,2b19945777114854b82d6cd44b40f27b,optrace:9575:259,aten.detach.default,"[{""request_id"": ""c4f28400bfd54f3bbb86f843f6fb61f5"", ""position"": 0, ""query_len"": 4096}]",[[2048]],"[""torch.float16""]","[{""argument"": ""args[0]"", ""shape"": [2048], ""dtype"": ""torch.float16"", ""device"": ""cuda:0"", ""stride"": [1]}]",7733,0,0
enterprise,0,9575,prefill,2b19945777114854b82d6cd44b40f27b,optrace:9575:260,_C.fused_add_rms_norm.default,"[{""request_id"": ""c4f28400bfd54f3bbb86f843f6fb61f5"", ""position"": 0, ""query_len"": 4096}]","[[4096, 2048], [4096, 2048], [2048]]","[""torch.float16"", ""torch.float16"", ""torch.float16""]","[{""argument"": ""args[0]"", ""shape"": [4096, 2048], ""dtype"": ""torch.float16"", ""device"": ""cuda:0"", ""stride"": [2048, 1]}, {""argument"": ""args[1]"", ""shape"": [4096, 2048], ""dtype"": ""torch.float16"", ""device"": ""cuda:0"", ""stride"": [2048, 1]}, {""argument"": ""args[2]"", ""shape"": [2048], ""dtype"": ""torch.float16"", ""device"": ""cuda:0"", ""stride"": [1]}]",19965,139167,1
enterprise,0,9575,prefill,2b19945777114854b82d6cd44b40f27b,optrace:9575:261,aten.lift_fresh.default,"[{""request_id"": ""c4f28400bfd54f3bbb86f843f6fb61f5"", ""position"": 0, ""query_len"": 4096}]",[[1]],"[""torch.int64""]","[{""argument"": ""args[0]"", ""shape"": [1], ""dtype"": ""torch.int64"", ""device"": ""cpu"", ""stride"": [1]}]",5463,0,0
enterprise,0,9575,prefill,2b19945777114854b82d6cd44b40f27b,optrace:9575:262,aten.to.device,"[{""request_id"": ""c4f28400bfd54f3bbb86f843f6fb61f5"", ""position"": 0, ""query_len"": 4096}]",[[1]],"[""torch.int64""]","[{""argument"": ""args[0]"", ""shape"": [1], ""dtype"": ""torch.int64"", ""device"": ""cpu"", ""stride"": [1]}]",27419820,0,0
enterprise,0,9575,prefill,2b19945777114854b82d6cd44b40f27b,optrace:9575:263,aten.detach_.default,"[{""request_id"": ""c4f28400bfd54f3bbb86f843f6fb61f5"", ""position"": 0, ""query_len"": 4096}]",[[1]],"[""torch.int64""]","[{""argument"": ""args[0]"", ""shape"": [1], ""dtype"": ""torch.int64"", ""device"": ""cuda:0"", ""stride"": [1]}]",7823,0,0
enterprise,0,9575,prefill,2b19945777114854b82d6cd44b40f27b,optrace:9575:264,aten.index_select.default,"[{""request_id"": ""c4f28400bfd54f3bbb86f843f6fb61f5"", ""position"": 0, ""query_len"": 4096}]","[[4096, 2048], [1]]","[""torch.float16"", ""torch.int64""]","[{""argument"": ""args[0]"", ""shape"": [4096, 2048], ""dtype"": ""torch.float16"", ""device"": ""cuda:0"", ""stride"": [2048, 1]}, {""argument"": ""args[2]"", ""shape"": [1], ""dtype"": ""torch.int64"", ""device"": ""cuda:0"", ""stride"": [1]}]",63218,3040,1
enterprise,0,9575,prefill,2b19945777114854b82d6cd44b40f27b,optrace:9575:265,aten.linear.default,"[{""request_id"": ""c4f28400bfd54f3bbb86f843f6fb61f5"", ""position"": 0, ""query_len"": 4096}]","[[1, 2048], [75968, 2048]]","[""torch.float16"", ""torch.float16""]","[{""argument"": ""args[0]"", ""shape"": [1, 2048], ""dtype"": ""torch.float16"", ""device"": ""cuda:0"", ""stride"": [2048, 1]}, {""argument"": ""args[1]"", ""shape"": [75968, 2048], ""dtype"": ""torch.float16"", ""device"": ""cuda:0"", ""stride"": [2048, 1]}]",62347,644446,1
enterprise,0,9575,prefill,2b19945777114854b82d6cd44b40f27b,optrace:9575:266,aten.empty_like.default,"[{""request_id"": ""c4f28400bfd54f3bbb86f843f6fb61f5"", ""position"": 0, ""query_len"": 4096}]","[[1, 75968]]","[""torch.float16""]","[{""argument"": ""args[0]"", ""shape"": [1, 75968], ""dtype"": ""torch.float16"", ""device"": ""cuda:0"", ""stride"": [75968, 1]}]",17039,0,0
enterprise,0,9575,prefill,2b19945777114854b82d6cd44b40f27b,optrace:9575:267,aten.empty_like.default,"[{""request_id"": ""c4f28400bfd54f3bbb86f843f6fb61f5"", ""position"": 0, ""query_len"": 4096}]","[[1, 75968]]","[""torch.float16""]","[{""argument"": ""args[0]"", ""shape"": [1, 75968], ""dtype"": ""torch.float16"", ""device"": ""cuda:0"", ""stride"": [75968, 1]}]",10339,0,0
enterprise,0,9575,prefill,2b19945777114854b82d6cd44b40f27b,optrace:9575:268,c10d.gather_.default,"[{""request_id"": ""c4f28400bfd54f3bbb86f843f6fb61f5"", ""position"": 0, ""query_len"": 4096}]","[[1, 75968], [1, 75968], [1, 75968]]","[""torch.float16"", ""torch.float16"", ""torch.float16""]","[{""argument"": ""args[0][0][0]"", ""shape"": [1, 75968], ""dtype"": ""torch.float16"", ""device"": ""cuda:0"", ""stride"": [75968, 1]}, {""argument"": ""args[0][0][1]"", ""shape"": [1, 75968], ""dtype"": ""torch.float16"", ""device"": ""cuda:0"", ""stride"": [75968, 1]}, {""argument"": ""args[1][0]"", ""shape"": [1, 75968], ""dtype"": ""torch.float16"", ""device"": ""cuda:0"", ""stride"": [75968, 1]}]",208770,44608,1
enterprise,0,9575,prefill,2b19945777114854b82d6cd44b40f27b,optrace:9575:269,aten.cat.default,"[{""request_id"": ""c4f28400bfd54f3bbb86f843f6fb61f5"", ""position"": 0, ""query_len"": 4096}]","[[1, 75968], [1, 75968]]","[""torch.float16"", ""torch.float16""]","[{""argument"": ""args[0][0]"", ""shape"": [1, 75968], ""dtype"": ""torch.float16"", ""device"": ""cuda:0"", ""stride"": [75968, 1]}, {""argument"": ""args[0][1]"", ""shape"": [1, 75968], ""dtype"": ""torch.float16"", ""device"": ""cuda:0"", ""stride"": [75968, 1]}]",50399,3136,1
enterprise,0,9575,prefill,2b19945777114854b82d6cd44b40f27b,optrace:9575:270,aten.alias.default,"[{""request_id"": ""c4f28400bfd54f3bbb86f843f6fb61f5"", ""position"": 0, ""query_len"": 4096}]","[[1, 151936]]","[""torch.float16""]","[{""argument"": ""args[0]"", ""shape"": [1, 151936], ""dtype"": ""torch.float16"", ""device"": ""cuda:0"", ""stride"": [151936, 1]}]",8264,0,0
enterprise,0,9575,prefill,2b19945777114854b82d6cd44b40f27b,optrace:9575:271,aten.to.dtype,"[{""request_id"": ""c4f28400bfd54f3bbb86f843f6fb61f5"", ""position"": 0, ""query_len"": 4096}]","[[1, 151936]]","[""torch.float16""]","[{""argument"": ""args[0]"", ""shape"": [1, 151936], ""dtype"": ""torch.float16"", ""device"": ""cuda:0"", ""stride"": [151936, 1]}]",44409,3744,1
enterprise,0,9575,prefill,2b19945777114854b82d6cd44b40f27b,optrace:9575:272,aten.to.dtype_layout,"[{""request_id"": ""c4f28400bfd54f3bbb86f843f6fb61f5"", ""position"": 0, ""query_len"": 4096}]","[[1, 151936]]","[""torch.float32""]","[{""argument"": ""args[0]"", ""shape"": [1, 151936], ""dtype"": ""torch.float32"", ""device"": ""cuda:0"", ""stride"": [151936, 1]}]",114800,0,0
enterprise,0,9575,prefill,2b19945777114854b82d6cd44b40f27b,optrace:9575:273,aten.detach.default,"[{""request_id"": ""c4f28400bfd54f3bbb86f843f6fb61f5"", ""position"": 0, ""query_len"": 4096}]","[[1, 151936]]","[""torch.float32""]","[{""argument"": ""args[0]"", ""shape"": [1, 151936], ""dtype"": ""torch.float32"", ""device"": ""cpu"", ""stride"": [151936, 1]}]",7429,0,0
enterprise,0,9575,prefill,2b19945777114854b82d6cd44b40f27b,optrace:9575:274,aten.to.dtype_layout,"[{""request_id"": ""c4f28400bfd54f3bbb86f843f6fb61f5"", ""position"": 0, ""query_len"": 4096}]","[[1, 151936]]","[""torch.float32""]","[{""argument"": ""args[0]"", ""shape"": [1, 151936], ""dtype"": ""torch.float32"", ""device"": ""cpu"", ""stride"": [151936, 1]}]",10373,0,0
enterprise,0,9575,prefill,2b19945777114854b82d6cd44b40f27b,optrace:9575:275,aten.resolve_conj.default,"[{""request_id"": ""c4f28400bfd54f3bbb86f843f6fb61f5"", ""position"": 0, ""query_len"": 4096}]","[[1, 151936]]","[""torch.float32""]","[{""argument"": ""args[0]"", ""shape"": [1, 151936], ""dtype"": ""torch.float32"", ""device"": ""cpu"", ""stride"": [151936, 1]}]",10309,0,0
enterprise,0,9575,prefill,2b19945777114854b82d6cd44b40f27b,optrace:9575:276,aten.resolve_neg.default,"[{""request_id"": ""c4f28400bfd54f3bbb86f843f6fb61f5"", ""position"": 0, ""query_len"": 4096}]","[[1, 151936]]","[""torch.float32""]","[{""argument"": ""args[0]"", ""shape"": [1, 151936], ""dtype"": ""torch.float32"", ""device"": ""cpu"", ""stride"": [151936, 1]}]",3885,0,0
cloud,1,9275,prefill,2b19945777114854b82d6cd44b40f27b,optrace:9275:1,aten.lift_fresh.default,"[{""request_id"": ""c4f28400bfd54f3bbb86f843f6fb61f5"", ""position"": 0, ""query_len"": 4096}]",[[4096]],"[""torch.int64""]","[{""argument"": ""args[0]"", ""shape"": [4096], ""dtype"": ""torch.int64"", ""device"": ""cuda:1"", ""stride"": [1]}]",26666,0,0
cloud,1,9275,prefill,2b19945777114854b82d6cd44b40f27b,optrace:9275:2,aten.detach_.default,"[{""request_id"": ""c4f28400bfd54f3bbb86f843f6fb61f5"", ""position"": 0, ""query_len"": 4096}]",[[4096]],"[""torch.int64""]","[{""argument"": ""args[0]"", ""shape"": [4096], ""dtype"": ""torch.int64"", ""device"": ""cuda:1"", ""stride"": [1]}]",9156,0,0
cloud,1,9275,prefill,2b19945777114854b82d6cd44b40f27b,optrace:9275:3,aten.lift_fresh.default,"[{""request_id"": ""c4f28400bfd54f3bbb86f843f6fb61f5"", ""position"": 0, ""query_len"": 4096}]",[[1]],"[""torch.int32""]","[{""argument"": ""args[0]"", ""shape"": [1], ""dtype"": ""torch.int32"", ""device"": ""cuda:1"", ""stride"": [1]}]",5680,0,0
cloud,1,9275,prefill,2b19945777114854b82d6cd44b40f27b,optrace:9275:4,aten.detach_.default,"[{""request_id"": ""c4f28400bfd54f3bbb86f843f6fb61f5"", ""position"": 0, ""query_len"": 4096}]",[[1]],"[""torch.int32""]","[{""argument"": ""args[0]"", ""shape"": [1], ""dtype"": ""torch.int32"", ""device"": ""cuda:1"", ""stride"": [1]}]",3802,0,0
cloud,1,9275,prefill,2b19945777114854b82d6cd44b40f27b,optrace:9275:5,aten.lift_fresh.default,"[{""request_id"": ""c4f28400bfd54f3bbb86f843f6fb61f5"", ""position"": 0, ""query_len"": 4096}]",[[1]],"[""torch.int32""]","[{""argument"": ""args[0]"", ""shape"": [1], ""dtype"": ""torch.int32"", ""device"": ""cuda:1"", ""stride"": [1]}]",8781,0,0
cloud,1,9275,prefill,2b19945777114854b82d6cd44b40f27b,optrace:9275:6,aten.detach_.default,"[{""request_id"": ""c4f28400bfd54f3bbb86f843f6fb61f5"", ""position"": 0, ""query_len"": 4096}]",[[1]],"[""torch.int32""]","[{""argument"": ""args[0]"", ""shape"": [1], ""dtype"": ""torch.int32"", ""device"": ""cuda:1"", ""stride"": [1]}]",3379,0,0
cloud,1,9275,prefill,2b19945777114854b82d6cd44b40f27b,optrace:9275:7,aten.empty.memory_format,"[{""request_id"": ""c4f28400bfd54f3bbb86f843f6fb61f5"", ""position"": 0, ""query_len"": 4096}]",[],[],[],35714,0,0
cloud,1,9275,prefill,2b19945777114854b82d6cd44b40f27b,optrace:9275:8,aten.lift_fresh.default,"[{""request_id"": ""c4f28400bfd54f3bbb86f843f6fb61f5"", ""position"": 0, ""query_len"": 4096}]",[[2]],"[""torch.int32""]","[{""argument"": ""args[0]"", ""shape"": [2], ""dtype"": ""torch.int32"", ""device"": ""cuda:1"", ""stride"": [1]}]",8339,0,0
cloud,1,9275,prefill,2b19945777114854b82d6cd44b40f27b,optrace:9275:9,aten.detach_.default,"[{""request_id"": ""c4f28400bfd54f3bbb86f843f6fb61f5"", ""position"": 0, ""query_len"": 4096}]",[[2]],"[""torch.int32""]","[{""argument"": ""args[0]"", ""shape"": [2], ""dtype"": ""torch.int32"", ""device"": ""cuda:1"", ""stride"": [1]}]",4156,0,0
cloud,1,9275,prefill,2b19945777114854b82d6cd44b40f27b,optrace:9275:10,aten.lift_fresh.default,"[{""request_id"": ""c4f28400bfd54f3bbb86f843f6fb61f5"", ""position"": 0, ""query_len"": 4096}]",[[2]],"[""torch.int32""]","[{""argument"": ""args[0]"", ""shape"": [2], ""dtype"": ""torch.int32"", ""device"": ""cuda:1"", ""stride"": [1]}]",4514,0,0
cloud,1,9275,prefill,2b19945777114854b82d6cd44b40f27b,optrace:9275:11,aten.detach_.default,"[{""request_id"": ""c4f28400bfd54f3bbb86f843f6fb61f5"", ""position"": 0, ""query_len"": 4096}]",[[2]],"[""torch.int32""]","[{""argument"": ""args[0]"", ""shape"": [2], ""dtype"": ""torch.int32"", ""device"": ""cuda:1"", ""stride"": [1]}]",3155,0,0
cloud,1,9275,prefill,2b19945777114854b82d6cd44b40f27b,optrace:9275:12,aten.lift_fresh.default,"[{""request_id"": ""c4f28400bfd54f3bbb86f843f6fb61f5"", ""position"": 0, ""query_len"": 4096}]",[[4096]],"[""torch.int64""]","[{""argument"": ""args[0]"", ""shape"": [4096], ""dtype"": ""torch.int64"", ""device"": ""cuda:1"", ""stride"": [1]}]",5475,0,0
cloud,1,9275,prefill,2b19945777114854b82d6cd44b40f27b,optrace:9275:13,aten.detach_.default,"[{""request_id"": ""c4f28400bfd54f3bbb86f843f6fb61f5"", ""position"": 0, ""query_len"": 4096}]",[[4096]],"[""torch.int64""]","[{""argument"": ""args[0]"", ""shape"": [4096], ""dtype"": ""torch.int64"", ""device"": ""cuda:1"", ""stride"": [1]}]",3350,0,0
cloud,1,9275,prefill,2b19945777114854b82d6cd44b40f27b,optrace:9275:14,aten.empty.memory_format,"[{""request_id"": ""c4f28400bfd54f3bbb86f843f6fb61f5"", ""position"": 0, ""query_len"": 4096}]",[],[],[],29316,0,0
cloud,1,9275,prefill,2b19945777114854b82d6cd44b40f27b,optrace:9275:15,c10d.broadcast_.default,"[{""request_id"": ""c4f28400bfd54f3bbb86f843f6fb61f5"", ""position"": 0, ""query_len"": 4096}]","[[4096, 2048]]","[""torch.float16""]","[{""argument"": ""args[0][0]"", ""shape"": [4096, 2048], ""dtype"": ""torch.float16"", ""device"": ""cuda:1"", ""stride"": [2048, 1]}]",372262,6326407,1
cloud,1,9275,prefill,2b19945777114854b82d6cd44b40f27b,optrace:9275:16,aten.empty.memory_format,"[{""request_id"": ""c4f28400bfd54f3bbb86f843f6fb61f5"", ""position"": 0, ""query_len"": 4096}]",[],[],[],27537,0,0
cloud,1,9275,prefill,2b19945777114854b82d6cd44b40f27b,optrace:9275:17,c10d.broadcast_.default,"[{""request_id"": ""c4f28400bfd54f3bbb86f843f6fb61f5"", ""position"": 0, ""query_len"": 4096}]","[[4096, 2048]]","[""torch.float16""]","[{""argument"": ""args[0][0]"", ""shape"": [4096, 2048], ""dtype"": ""torch.float16"", ""device"": ""cuda:1"", ""stride"": [2048, 1]}]",141502,2251383,1
cloud,1,9275,prefill,2b19945777114854b82d6cd44b40f27b,optrace:9275:18,aten.detach.default,"[{""request_id"": ""c4f28400bfd54f3bbb86f843f6fb61f5"", ""position"": 0, ""query_len"": 4096}]",[[2048]],"[""torch.float16""]","[{""argument"": ""args[0]"", ""shape"": [2048], ""dtype"": ""torch.float16"", ""device"": ""cuda:1"", ""stride"": [1]}]",17396,0,0
cloud,1,9275,prefill,2b19945777114854b82d6cd44b40f27b,optrace:9275:19,_C.fused_add_rms_norm.default,"[{""request_id"": ""c4f28400bfd54f3bbb86f843f6fb61f5"", ""position"": 0, ""query_len"": 4096}]","[[4096, 2048], [4096, 2048], [2048]]","[""torch.float16"", ""torch.float16"", ""torch.float16""]","[{""argument"": ""args[0]"", ""shape"": [4096, 2048], ""dtype"": ""torch.float16"", ""device"": ""cuda:1"", ""stride"": [2048, 1]}, {""argument"": ""args[1]"", ""shape"": [4096, 2048], ""dtype"": ""torch.float16"", ""device"": ""cuda:1"", ""stride"": [2048, 1]}, {""argument"": ""args[2]"", ""shape"": [2048], ""dtype"": ""torch.float16"", ""device"": ""cuda:1"", ""stride"": [1]}]",37914,139168,1
cloud,1,9275,prefill,2b19945777114854b82d6cd44b40f27b,optrace:9275:20,aten.linear.default,"[{""request_id"": ""c4f28400bfd54f3bbb86f843f6fb61f5"", ""position"": 0, ""query_len"": 4096}]","[[4096, 2048], [1280, 2048], [1280]]","[""torch.float16"", ""torch.float16"", ""torch.float16""]","[{""argument"": ""args[0]"", ""shape"": [4096, 2048], ""dtype"": ""torch.float16"", ""device"": ""cuda:1"", ""stride"": [2048, 1]}, {""argument"": ""args[1]"", ""shape"": [1280, 2048], ""dtype"": ""torch.float16"", ""device"": ""cuda:1"", ""stride"": [2048, 1]}, {""argument"": ""args[2]"", ""shape"": [1280], ""dtype"": ""torch.float16"", ""device"": ""cuda:1"", ""stride"": [1]}]",119498,297407,1
cloud,1,9275,prefill,2b19945777114854b82d6cd44b40f27b,optrace:9275:21,aten.split_with_sizes.default,"[{""request_id"": ""c4f28400bfd54f3bbb86f843f6fb61f5"", ""position"": 0, ""query_len"": 4096}]","[[4096, 1280]]","[""torch.float16""]","[{""argument"": ""args[0]"", ""shape"": [4096, 1280], ""dtype"": ""torch.float16"", ""device"": ""cuda:1"", ""stride"": [1280, 1]}]",20834,0,0
cloud,1,9275,prefill,2b19945777114854b82d6cd44b40f27b,optrace:9275:22,_C.rotary_embedding.default,"[{""request_id"": ""c4f28400bfd54f3bbb86f843f6fb61f5"", ""position"": 0, ""query_len"": 4096}]","[[4096], [4096, 1024], [4096, 128], [32768, 128]]","[""torch.int64"", ""torch.float16"", ""torch.float16"", ""torch.float16""]","[{""argument"": ""args[0]"", ""shape"": [4096], ""dtype"": ""torch.int64"", ""device"": ""cuda:1"", ""stride"": [1]}, {""argument"": ""args[1]"", ""shape"": [4096, 1024], ""dtype"": ""torch.float16"", ""device"": ""cuda:1"", ""stride"": [1280, 1]}, {""argument"": ""args[2]"", ""shape"": [4096, 128], ""dtype"": ""torch.float16"", ""device"": ""cuda:1"", ""stride"": [1280, 1]}, {""argument"": ""args[4]"", ""shape"": [32768, 128], ""dtype"": ""torch.float16"", ""device"": ""cuda:1"", ""stride"": [128, 1]}]",32144,46848,1
cloud,1,9275,prefill,2b19945777114854b82d6cd44b40f27b,optrace:9275:23,aten.zeros.default,"[{""request_id"": ""c4f28400bfd54f3bbb86f843f6fb61f5"", ""position"": 0, ""query_len"": 4096}]",[],[],[],61141,17728,1
cloud,1,9275,prefill,2b19945777114854b82d6cd44b40f27b,optrace:9275:24,aten.view.default,"[{""request_id"": ""c4f28400bfd54f3bbb86f843f6fb61f5"", ""position"": 0, ""query_len"": 4096}]","[[4096, 1024]]","[""torch.float16""]","[{""argument"": ""args[0]"", ""shape"": [4096, 1024], ""dtype"": ""torch.float16"", ""device"": ""cuda:1"", ""stride"": [1280, 1]}]",17986,0,0
cloud,1,9275,prefill,2b19945777114854b82d6cd44b40f27b,optrace:9275:25,aten.view.default,"[{""request_id"": ""c4f28400bfd54f3bbb86f843f6fb61f5"", ""position"": 0, ""query_len"": 4096}]","[[4096, 1024]]","[""torch.float16""]","[{""argument"": ""args[0]"", ""shape"": [4096, 1024], ""dtype"": ""torch.float16"", ""device"": ""cuda:1"", ""stride"": [1024, 1]}]",6186,0,0
cloud,1,9275,prefill,2b19945777114854b82d6cd44b40f27b,optrace:9275:26,aten.view.default,"[{""request_id"": ""c4f28400bfd54f3bbb86f843f6fb61f5"", ""position"": 0, ""query_len"": 4096}]","[[4096, 128]]","[""torch.float16""]","[{""argument"": ""args[0]"", ""shape"": [4096, 128], ""dtype"": ""torch.float16"", ""device"": ""cuda:1"", ""stride"": [1280, 1]}]",5416,0,0
cloud,1,9275,prefill,2b19945777114854b82d6cd44b40f27b,optrace:9275:27,aten.view.default,"[{""request_id"": ""c4f28400bfd54f3bbb86f843f6fb61f5"", ""position"": 0, ""query_len"": 4096}]","[[4096, 128]]","[""torch.float16""]","[{""argument"": ""args[0]"", ""shape"": [4096, 128], ""dtype"": ""torch.float16"", ""device"": ""cuda:1"", ""stride"": [1280, 1]}]",7188,0,0
cloud,1,9275,prefill,2b19945777114854b82d6cd44b40f27b,optrace:9275:28,vllm.unified_attention_with_output.default,"[{""request_id"": ""c4f28400bfd54f3bbb86f843f6fb61f5"", ""position"": 0, ""query_len"": 4096}]","[[4096, 8, 128], [4096, 1, 128], [4096, 1, 128], [4096, 8, 128]]","[""torch.float16"", ""torch.float16"", ""torch.float16"", ""torch.float16""]","[{""argument"": ""args[0]"", ""shape"": [4096, 8, 128], ""dtype"": ""torch.float16"", ""device"": ""cuda:1"", ""stride"": [1280, 128, 1]}, {""argument"": ""args[1]"", ""shape"": [4096, 1, 128], ""dtype"": ""torch.float16"", ""device"": ""cuda:1"", ""stride"": [1280, 128, 1]}, {""argument"": ""args[2]"", ""shape"": [4096, 1, 128], ""dtype"": ""torch.float16"", ""device"": ""cuda:1"", ""stride"": [1280, 128, 1]}, {""argument"": ""args[3]"", ""shape"": [4096, 8, 128], ""dtype"": ""torch.float16"", ""device"": ""cuda:1"", ""stride"": [1024, 128, 1]}]",272930,508350,2
cloud,1,9275,prefill,2b19945777114854b82d6cd44b40f27b,optrace:9275:29,aten.view.default,"[{""request_id"": ""c4f28400bfd54f3bbb86f843f6fb61f5"", ""position"": 0, ""query_len"": 4096}]","[[4096, 8, 128]]","[""torch.float16""]","[{""argument"": ""args[0]"", ""shape"": [4096, 8, 128], ""dtype"": ""torch.float16"", ""device"": ""cuda:1"", ""stride"": [1024, 128, 1]}]",10092,0,0
cloud,1,9275,prefill,2b19945777114854b82d6cd44b40f27b,optrace:9275:30,aten.linear.default,"[{""request_id"": ""c4f28400bfd54f3bbb86f843f6fb61f5"", ""position"": 0, ""query_len"": 4096}]","[[4096, 1024], [2048, 1024]]","[""torch.float16"", ""torch.float16""]","[{""argument"": ""args[0]"", ""shape"": [4096, 1024], ""dtype"": ""torch.float16"", ""device"": ""cuda:1"", ""stride"": [1024, 1]}, {""argument"": ""args[1]"", ""shape"": [2048, 1024], ""dtype"": ""torch.float16"", ""device"": ""cuda:1"", ""stride"": [1024, 1]}]",66091,203039,1
cloud,1,9275,prefill,2b19945777114854b82d6cd44b40f27b,optrace:9275:31,vllm.all_reduce.default,"[{""request_id"": ""c4f28400bfd54f3bbb86f843f6fb61f5"", ""position"": 0, ""query_len"": 4096}]","[[4096, 2048]]","[""torch.float16""]","[{""argument"": ""args[0]"", ""shape"": [4096, 2048], ""dtype"": ""torch.float16"", ""device"": ""cuda:1"", ""stride"": [2048, 1]}]",113270,0,0
cloud,1,9275,prefill,2b19945777114854b82d6cd44b40f27b,optrace:9275:32,pynccl.all_reduce,"[{""request_id"": ""c4f28400bfd54f3bbb86f843f6fb61f5"", ""position"": 0, ""query_len"": 4096}]","[[4096, 2048]]","[""torch.float16""]","[{""argument"": ""args[0]"", ""shape"": [4096, 2048], ""dtype"": ""torch.float16"", ""device"": ""cuda:1"", ""stride"": [2048, 1]}]",87655,1217915,1
cloud,1,9275,prefill,2b19945777114854b82d6cd44b40f27b,optrace:9275:33,aten.detach.default,"[{""request_id"": ""c4f28400bfd54f3bbb86f843f6fb61f5"", ""position"": 0, ""query_len"": 4096}]",[[2048]],"[""torch.float16""]","[{""argument"": ""args[0]"", ""shape"": [2048], ""dtype"": ""torch.float16"", ""device"": ""cuda:1"", ""stride"": [1]}]",8425,0,0
cloud,1,9275,prefill,2b19945777114854b82d6cd44b40f27b,optrace:9275:34,_C.fused_add_rms_norm.default,"[{""request_id"": ""c4f28400bfd54f3bbb86f843f6fb61f5"", ""position"": 0, ""query_len"": 4096}]","[[4096, 2048], [4096, 2048], [2048]]","[""torch.float16"", ""torch.float16"", ""torch.float16""]","[{""argument"": ""args[0]"", ""shape"": [4096, 2048], ""dtype"": ""torch.float16"", ""device"": ""cuda:1"", ""stride"": [2048, 1]}, {""argument"": ""args[1]"", ""shape"": [4096, 2048], ""dtype"": ""torch.float16"", ""device"": ""cuda:1"", ""stride"": [2048, 1]}, {""argument"": ""args[2]"", ""shape"": [2048], ""dtype"": ""torch.float16"", ""device"": ""cuda:1"", ""stride"": [1]}]",21778,138592,1
cloud,1,9275,prefill,2b19945777114854b82d6cd44b40f27b,optrace:9275:35,aten.linear.default,"[{""request_id"": ""c4f28400bfd54f3bbb86f843f6fb61f5"", ""position"": 0, ""query_len"": 4096}]","[[4096, 2048], [11008, 2048]]","[""torch.float16"", ""torch.float16""]","[{""argument"": ""args[0]"", ""shape"": [4096, 2048], ""dtype"": ""torch.float16"", ""device"": ""cuda:1"", ""stride"": [2048, 1]}, {""argument"": ""args[1]"", ""shape"": [11008, 2048], ""dtype"": ""torch.float16"", ""device"": ""cuda:1"", ""stride"": [2048, 1]}]",88079,2109208,1
cloud,1,9275,prefill,2b19945777114854b82d6cd44b40f27b,optrace:9275:36,aten.empty.memory_format,"[{""request_id"": ""c4f28400bfd54f3bbb86f843f6fb61f5"", ""position"": 0, ""query_len"": 4096}]",[],[],[],25997,0,0
cloud,1,9275,prefill,2b19945777114854b82d6cd44b40f27b,optrace:9275:37,_C.silu_and_mul.default,"[{""request_id"": ""c4f28400bfd54f3bbb86f843f6fb61f5"", ""position"": 0, ""query_len"": 4096}]","[[4096, 5504], [4096, 11008]]","[""torch.float16"", ""torch.float16""]","[{""argument"": ""args[0]"", ""shape"": [4096, 5504], ""dtype"": ""torch.float16"", ""device"": ""cuda:1"", ""stride"": [5504, 1]}, {""argument"": ""args[1]"", ""shape"": [4096, 11008], ""dtype"": ""torch.float16"", ""device"": ""cuda:1"", ""stride"": [11008, 1]}]",34575,292190,1
cloud,1,9275,prefill,2b19945777114854b82d6cd44b40f27b,optrace:9275:38,aten.linear.default,"[{""request_id"": ""c4f28400bfd54f3bbb86f843f6fb61f5"", ""position"": 0, ""query_len"": 4096}]","[[4096, 5504], [2048, 5504]]","[""torch.float16"", ""torch.float16""]","[{""argument"": ""args[0]"", ""shape"": [4096, 5504], ""dtype"": ""torch.float16"", ""device"": ""cuda:1"", ""stride"": [5504, 1]}, {""argument"": ""args[1]"", ""shape"": [2048, 5504], ""dtype"": ""torch.float16"", ""device"": ""cuda:1"", ""stride"": [5504, 1]}]",54238,988381,1
cloud,1,9275,prefill,2b19945777114854b82d6cd44b40f27b,optrace:9275:39,vllm.all_reduce.default,"[{""request_id"": ""c4f28400bfd54f3bbb86f843f6fb61f5"", ""position"": 0, ""query_len"": 4096}]","[[4096, 2048]]","[""torch.float16""]","[{""argument"": ""args[0]"", ""shape"": [4096, 2048], ""dtype"": ""torch.float16"", ""device"": ""cuda:1"", ""stride"": [2048, 1]}]",92742,0,0
cloud,1,9275,prefill,2b19945777114854b82d6cd44b40f27b,optrace:9275:40,pynccl.all_reduce,"[{""request_id"": ""c4f28400bfd54f3bbb86f843f6fb61f5"", ""position"": 0, ""query_len"": 4096}]","[[4096, 2048]]","[""torch.float16""]","[{""argument"": ""args[0]"", ""shape"": [4096, 2048], ""dtype"": ""torch.float16"", ""device"": ""cuda:1"", ""stride"": [2048, 1]}]",68072,1217371,1
cloud,1,9275,prefill,2b19945777114854b82d6cd44b40f27b,optrace:9275:41,aten.detach.default,"[{""request_id"": ""c4f28400bfd54f3bbb86f843f6fb61f5"", ""position"": 0, ""query_len"": 4096}]",[[2048]],"[""torch.float16""]","[{""argument"": ""args[0]"", ""shape"": [2048], ""dtype"": ""torch.float16"", ""device"": ""cuda:1"", ""stride"": [1]}]",8155,0,0
cloud,1,9275,prefill,2b19945777114854b82d6cd44b40f27b,optrace:9275:42,_C.fused_add_rms_norm.default,"[{""request_id"": ""c4f28400bfd54f3bbb86f843f6fb61f5"", ""position"": 0, ""query_len"": 4096}]","[[4096, 2048], [4096, 2048], [2048]]","[""torch.float16"", ""torch.float16"", ""torch.float16""]","[{""argument"": ""args[0]"", ""shape"": [4096, 2048], ""dtype"": ""torch.float16"", ""device"": ""cuda:1"", ""stride"": [2048, 1]}, {""argument"": ""args[1]"", ""shape"": [4096, 2048], ""dtype"": ""torch.float16"", ""device"": ""cuda:1"", ""stride"": [2048, 1]}, {""argument"": ""args[2]"", ""shape"": [2048], ""dtype"": ""torch.float16"", ""device"": ""cuda:1"", ""stride"": [1]}]",20851,138303,1
cloud,1,9275,prefill,2b19945777114854b82d6cd44b40f27b,optrace:9275:43,aten.linear.default,"[{""request_id"": ""c4f28400bfd54f3bbb86f843f6fb61f5"", ""position"": 0, ""query_len"": 4096}]","[[4096, 2048], [1280, 2048], [1280]]","[""torch.float16"", ""torch.float16"", ""torch.float16""]","[{""argument"": ""args[0]"", ""shape"": [4096, 2048], ""dtype"": ""torch.float16"", ""device"": ""cuda:1"", ""stride"": [2048, 1]}, {""argument"": ""args[1]"", ""shape"": [1280, 2048], ""dtype"": ""torch.float16"", ""device"": ""cuda:1"", ""stride"": [2048, 1]}, {""argument"": ""args[2]"", ""shape"": [1280], ""dtype"": ""torch.float16"", ""device"": ""cuda:1"", ""stride"": [1]}]",65740,298623,1
cloud,1,9275,prefill,2b19945777114854b82d6cd44b40f27b,optrace:9275:44,aten.split_with_sizes.default,"[{""request_id"": ""c4f28400bfd54f3bbb86f843f6fb61f5"", ""position"": 0, ""query_len"": 4096}]","[[4096, 1280]]","[""torch.float16""]","[{""argument"": ""args[0]"", ""shape"": [4096, 1280], ""dtype"": ""torch.float16"", ""device"": ""cuda:1"", ""stride"": [1280, 1]}]",15104,0,0
cloud,1,9275,prefill,2b19945777114854b82d6cd44b40f27b,optrace:9275:45,_C.rotary_embedding.default,"[{""request_id"": ""c4f28400bfd54f3bbb86f843f6fb61f5"", ""position"": 0, ""query_len"": 4096}]","[[4096], [4096, 1024], [4096, 128], [32768, 128]]","[""torch.int64"", ""torch.float16"", ""torch.float16"", ""torch.float16""]","[{""argument"": ""args[0]"", ""shape"": [4096], ""dtype"": ""torch.int64"", ""device"": ""cuda:1"", ""stride"": [1]}, {""argument"": ""args[1]"", ""shape"": [4096, 1024], ""dtype"": ""torch.float16"", ""device"": ""cuda:1"", ""stride"": [1280, 1]}, {""argument"": ""args[2]"", ""shape"": [4096, 128], ""dtype"": ""torch.float16"", ""device"": ""cuda:1"", ""stride"": [1280, 1]}, {""argument"": ""args[4]"", ""shape"": [32768, 128], ""dtype"": ""torch.float16"", ""device"": ""cuda:1"", ""stride"": [128, 1]}]",22430,46752,1
cloud,1,9275,prefill,2b19945777114854b82d6cd44b40f27b,optrace:9275:46,aten.zeros.default,"[{""request_id"": ""c4f28400bfd54f3bbb86f843f6fb61f5"", ""position"": 0, ""query_len"": 4096}]",[],[],[],42203,17536,1
cloud,1,9275,prefill,2b19945777114854b82d6cd44b40f27b,optrace:9275:47,aten.view.default,"[{""request_id"": ""c4f28400bfd54f3bbb86f843f6fb61f5"", ""position"": 0, ""query_len"": 4096}]","[[4096, 1024]]","[""torch.float16""]","[{""argument"": ""args[0]"", ""shape"": [4096, 1024], ""dtype"": ""torch.float16"", ""device"": ""cuda:1"", ""stride"": [1280, 1]}]",8926,0,0
cloud,1,9275,prefill,2b19945777114854b82d6cd44b40f27b,optrace:9275:48,aten.view.default,"[{""request_id"": ""c4f28400bfd54f3bbb86f843f6fb61f5"", ""position"": 0, ""query_len"": 4096}]","[[4096, 1024]]","[""torch.float16""]","[{""argument"": ""args[0]"", ""shape"": [4096, 1024], ""dtype"": ""torch.float16"", ""device"": ""cuda:1"", ""stride"": [1024, 1]}]",5254,0,0
cloud,1,9275,prefill,2b19945777114854b82d6cd44b40f27b,optrace:9275:49,aten.view.default,"[{""request_id"": ""c4f28400bfd54f3bbb86f843f6fb61f5"", ""position"": 0, ""query_len"": 4096}]","[[4096, 128]]","[""torch.float16""]","[{""argument"": ""args[0]"", ""shape"": [4096, 128], ""dtype"": ""torch.float16"", ""device"": ""cuda:1"", ""stride"": [1280, 1]}]",5102,0,0
cloud,1,9275,prefill,2b19945777114854b82d6cd44b40f27b,optrace:9275:50,aten.view.default,"[{""request_id"": ""c4f28400bfd54f3bbb86f843f6fb61f5"", ""position"": 0, ""query_len"": 4096}]","[[4096, 128]]","[""torch.float16""]","[{""argument"": ""args[0]"", ""shape"": [4096, 128], ""dtype"": ""torch.float16"", ""device"": ""cuda:1"", ""stride"": [1280, 1]}]",4830,0,0
cloud,1,9275,prefill,2b19945777114854b82d6cd44b40f27b,optrace:9275:51,vllm.unified_attention_with_output.default,"[{""request_id"": ""c4f28400bfd54f3bbb86f843f6fb61f5"", ""position"": 0, ""query_len"": 4096}]","[[4096, 8, 128], [4096, 1, 128], [4096, 1, 128], [4096, 8, 128]]","[""torch.float16"", ""torch.float16"", ""torch.float16"", ""torch.float16""]","[{""argument"": ""args[0]"", ""shape"": [4096, 8, 128], ""dtype"": ""torch.float16"", ""device"": ""cuda:1"", ""stride"": [1280, 128, 1]}, {""argument"": ""args[1]"", ""shape"": [4096, 1, 128], ""dtype"": ""torch.float16"", ""device"": ""cuda:1"", ""stride"": [1280, 128, 1]}, {""argument"": ""args[2]"", ""shape"": [4096, 1, 128], ""dtype"": ""torch.float16"", ""device"": ""cuda:1"", ""stride"": [1280, 128, 1]}, {""argument"": ""args[3]"", ""shape"": [4096, 8, 128], ""dtype"": ""torch.float16"", ""device"": ""cuda:1"", ""stride"": [1024, 128, 1]}]",192141,511390,2
cloud,1,9275,prefill,2b19945777114854b82d6cd44b40f27b,optrace:9275:52,aten.view.default,"[{""request_id"": ""c4f28400bfd54f3bbb86f843f6fb61f5"", ""position"": 0, ""query_len"": 4096}]","[[4096, 8, 128]]","[""torch.float16""]","[{""argument"": ""args[0]"", ""shape"": [4096, 8, 128], ""dtype"": ""torch.float16"", ""device"": ""cuda:1"", ""stride"": [1024, 128, 1]}]",9509,0,0
cloud,1,9275,prefill,2b19945777114854b82d6cd44b40f27b,optrace:9275:53,aten.linear.default,"[{""request_id"": ""c4f28400bfd54f3bbb86f843f6fb61f5"", ""position"": 0, ""query_len"": 4096}]","[[4096, 1024], [2048, 1024]]","[""torch.float16"", ""torch.float16""]","[{""argument"": ""args[0]"", ""shape"": [4096, 1024], ""dtype"": ""torch.float16"", ""device"": ""cuda:1"", ""stride"": [1024, 1]}, {""argument"": ""args[1]"", ""shape"": [2048, 1024], ""dtype"": ""torch.float16"", ""device"": ""cuda:1"", ""stride"": [1024, 1]}]",57111,202879,1
cloud,1,9275,prefill,2b19945777114854b82d6cd44b40f27b,optrace:9275:54,vllm.all_reduce.default,"[{""request_id"": ""c4f28400bfd54f3bbb86f843f6fb61f5"", ""position"": 0, ""query_len"": 4096}]","[[4096, 2048]]","[""torch.float16""]","[{""argument"": ""args[0]"", ""shape"": [4096, 2048], ""dtype"": ""torch.float16"", ""device"": ""cuda:1"", ""stride"": [2048, 1]}]",85659,0,0
cloud,1,9275,prefill,2b19945777114854b82d6cd44b40f27b,optrace:9275:55,pynccl.all_reduce,"[{""request_id"": ""c4f28400bfd54f3bbb86f843f6fb61f5"", ""position"": 0, ""query_len"": 4096}]","[[4096, 2048]]","[""torch.float16""]","[{""argument"": ""args[0]"", ""shape"": [4096, 2048], ""dtype"": ""torch.float16"", ""device"": ""cuda:1"", ""stride"": [2048, 1]}]",65677,1187035,1
cloud,1,9275,prefill,2b19945777114854b82d6cd44b40f27b,optrace:9275:56,aten.detach.default,"[{""request_id"": ""c4f28400bfd54f3bbb86f843f6fb61f5"", ""position"": 0, ""query_len"": 4096}]",[[2048]],"[""torch.float16""]","[{""argument"": ""args[0]"", ""shape"": [2048], ""dtype"": ""torch.float16"", ""device"": ""cuda:1"", ""stride"": [1]}]",9525,0,0
cloud,1,9275,prefill,2b19945777114854b82d6cd44b40f27b,optrace:9275:57,_C.fused_add_rms_norm.default,"[{""request_id"": ""c4f28400bfd54f3bbb86f843f6fb61f5"", ""position"": 0, ""query_len"": 4096}]","[[4096, 2048], [4096, 2048], [2048]]","[""torch.float16"", ""torch.float16"", ""torch.float16""]","[{""argument"": ""args[0]"", ""shape"": [4096, 2048], ""dtype"": ""torch.float16"", ""device"": ""cuda:1"", ""stride"": [2048, 1]}, {""argument"": ""args[1]"", ""shape"": [4096, 2048], ""dtype"": ""torch.float16"", ""device"": ""cuda:1"", ""stride"": [2048, 1]}, {""argument"": ""args[2]"", ""shape"": [2048], ""dtype"": ""torch.float16"", ""device"": ""cuda:1"", ""stride"": [1]}]",20175,138560,1
cloud,1,9275,prefill,2b19945777114854b82d6cd44b40f27b,optrace:9275:58,aten.linear.default,"[{""request_id"": ""c4f28400bfd54f3bbb86f843f6fb61f5"", ""position"": 0, ""query_len"": 4096}]","[[4096, 2048], [11008, 2048]]","[""torch.float16"", ""torch.float16""]","[{""argument"": ""args[0]"", ""shape"": [4096, 2048], ""dtype"": ""torch.float16"", ""device"": ""cuda:1"", ""stride"": [2048, 1]}, {""argument"": ""args[1]"", ""shape"": [11008, 2048], ""dtype"": ""torch.float16"", ""device"": ""cuda:1"", ""stride"": [2048, 1]}]",61586,2112087,1
cloud,1,9275,prefill,2b19945777114854b82d6cd44b40f27b,optrace:9275:59,aten.empty.memory_format,"[{""request_id"": ""c4f28400bfd54f3bbb86f843f6fb61f5"", ""position"": 0, ""query_len"": 4096}]",[],[],[],22018,0,0
cloud,1,9275,prefill,2b19945777114854b82d6cd44b40f27b,optrace:9275:60,_C.silu_and_mul.default,"[{""request_id"": ""c4f28400bfd54f3bbb86f843f6fb61f5"", ""position"": 0, ""query_len"": 4096}]","[[4096, 5504], [4096, 11008]]","[""torch.float16"", ""torch.float16""]","[{""argument"": ""args[0]"", ""shape"": [4096, 5504], ""dtype"": ""torch.float16"", ""device"": ""cuda:1"", ""stride"": [5504, 1]}, {""argument"": ""args[1]"", ""shape"": [4096, 11008], ""dtype"": ""torch.float16"", ""device"": ""cuda:1"", ""stride"": [11008, 1]}]",20502,292287,1
cloud,1,9275,prefill,2b19945777114854b82d6cd44b40f27b,optrace:9275:61,aten.linear.default,"[{""request_id"": ""c4f28400bfd54f3bbb86f843f6fb61f5"", ""position"": 0, ""query_len"": 4096}]","[[4096, 5504], [2048, 5504]]","[""torch.float16"", ""torch.float16""]","[{""argument"": ""args[0]"", ""shape"": [4096, 5504], ""dtype"": ""torch.float16"", ""device"": ""cuda:1"", ""stride"": [5504, 1]}, {""argument"": ""args[1]"", ""shape"": [2048, 5504], ""dtype"": ""torch.float16"", ""device"": ""cuda:1"", ""stride"": [5504, 1]}]",44017,992700,1
cloud,1,9275,prefill,2b19945777114854b82d6cd44b40f27b,optrace:9275:62,vllm.all_reduce.default,"[{""request_id"": ""c4f28400bfd54f3bbb86f843f6fb61f5"", ""position"": 0, ""query_len"": 4096}]","[[4096, 2048]]","[""torch.float16""]","[{""argument"": ""args[0]"", ""shape"": [4096, 2048], ""dtype"": ""torch.float16"", ""device"": ""cuda:1"", ""stride"": [2048, 1]}]",83341,0,0
cloud,1,9275,prefill,2b19945777114854b82d6cd44b40f27b,optrace:9275:63,pynccl.all_reduce,"[{""request_id"": ""c4f28400bfd54f3bbb86f843f6fb61f5"", ""position"": 0, ""query_len"": 4096}]","[[4096, 2048]]","[""torch.float16""]","[{""argument"": ""args[0]"", ""shape"": [4096, 2048], ""dtype"": ""torch.float16"", ""device"": ""cuda:1"", ""stride"": [2048, 1]}]",64414,1223611,1
cloud,1,9275,prefill,2b19945777114854b82d6cd44b40f27b,optrace:9275:64,aten.detach.default,"[{""request_id"": ""c4f28400bfd54f3bbb86f843f6fb61f5"", ""position"": 0, ""query_len"": 4096}]",[[2048]],"[""torch.float16""]","[{""argument"": ""args[0]"", ""shape"": [2048], ""dtype"": ""torch.float16"", ""device"": ""cuda:1"", ""stride"": [1]}]",11134,0,0
cloud,1,9275,prefill,2b19945777114854b82d6cd44b40f27b,optrace:9275:65,_C.fused_add_rms_norm.default,"[{""request_id"": ""c4f28400bfd54f3bbb86f843f6fb61f5"", ""position"": 0, ""query_len"": 4096}]","[[4096, 2048], [4096, 2048], [2048]]","[""torch.float16"", ""torch.float16"", ""torch.float16""]","[{""argument"": ""args[0]"", ""shape"": [4096, 2048], ""dtype"": ""torch.float16"", ""device"": ""cuda:1"", ""stride"": [2048, 1]}, {""argument"": ""args[1]"", ""shape"": [4096, 2048], ""dtype"": ""torch.float16"", ""device"": ""cuda:1"", ""stride"": [2048, 1]}, {""argument"": ""args[2]"", ""shape"": [2048], ""dtype"": ""torch.float16"", ""device"": ""cuda:1"", ""stride"": [1]}]",20233,139968,1
cloud,1,9275,prefill,2b19945777114854b82d6cd44b40f27b,optrace:9275:66,aten.linear.default,"[{""request_id"": ""c4f28400bfd54f3bbb86f843f6fb61f5"", ""position"": 0, ""query_len"": 4096}]","[[4096, 2048], [1280, 2048], [1280]]","[""torch.float16"", ""torch.float16"", ""torch.float16""]","[{""argument"": ""args[0]"", ""shape"": [4096, 2048], ""dtype"": ""torch.float16"", ""device"": ""cuda:1"", ""stride"": [2048, 1]}, {""argument"": ""args[1]"", ""shape"": [1280, 2048], ""dtype"": ""torch.float16"", ""device"": ""cuda:1"", ""stride"": [2048, 1]}, {""argument"": ""args[2]"", ""shape"": [1280], ""dtype"": ""torch.float16"", ""device"": ""cuda:1"", ""stride"": [1]}]",63272,298495,1
cloud,1,9275,prefill,2b19945777114854b82d6cd44b40f27b,optrace:9275:67,aten.split_with_sizes.default,"[{""request_id"": ""c4f28400bfd54f3bbb86f843f6fb61f5"", ""position"": 0, ""query_len"": 4096}]","[[4096, 1280]]","[""torch.float16""]","[{""argument"": ""args[0]"", ""shape"": [4096, 1280], ""dtype"": ""torch.float16"", ""device"": ""cuda:1"", ""stride"": [1280, 1]}]",14657,0,0
cloud,1,9275,prefill,2b19945777114854b82d6cd44b40f27b,optrace:9275:68,_C.rotary_embedding.default,"[{""request_id"": ""c4f28400bfd54f3bbb86f843f6fb61f5"", ""position"": 0, ""query_len"": 4096}]","[[4096], [4096, 1024], [4096, 128], [32768, 128]]","[""torch.int64"", ""torch.float16"", ""torch.float16"", ""torch.float16""]","[{""argument"": ""args[0]"", ""shape"": [4096], ""dtype"": ""torch.int64"", ""device"": ""cuda:1"", ""stride"": [1]}, {""argument"": ""args[1]"", ""shape"": [4096, 1024], ""dtype"": ""torch.float16"", ""device"": ""cuda:1"", ""stride"": [1280, 1]}, {""argument"": ""args[2]"", ""shape"": [4096, 128], ""dtype"": ""torch.float16"", ""device"": ""cuda:1"", ""stride"": [1280, 1]}, {""argument"": ""args[4]"", ""shape"": [32768, 128], ""dtype"": ""torch.float16"", ""device"": ""cuda:1"", ""stride"": [128, 1]}]",23196,46559,1
cloud,1,9275,prefill,2b19945777114854b82d6cd44b40f27b,optrace:9275:69,aten.zeros.default,"[{""request_id"": ""c4f28400bfd54f3bbb86f843f6fb61f5"", ""position"": 0, ""query_len"": 4096}]",[],[],[],39703,17760,1
cloud,1,9275,prefill,2b19945777114854b82d6cd44b40f27b,optrace:9275:70,aten.view.default,"[{""request_id"": ""c4f28400bfd54f3bbb86f843f6fb61f5"", ""position"": 0, ""query_len"": 4096}]","[[4096, 1024]]","[""torch.float16""]","[{""argument"": ""args[0]"", ""shape"": [4096, 1024], ""dtype"": ""torch.float16"", ""device"": ""cuda:1"", ""stride"": [1280, 1]}]",8511,0,0
cloud,1,9275,prefill,2b19945777114854b82d6cd44b40f27b,optrace:9275:71,aten.view.default,"[{""request_id"": ""c4f28400bfd54f3bbb86f843f6fb61f5"", ""position"": 0, ""query_len"": 4096}]","[[4096, 1024]]","[""torch.float16""]","[{""argument"": ""args[0]"", ""shape"": [4096, 1024], ""dtype"": ""torch.float16"", ""device"": ""cuda:1"", ""stride"": [1024, 1]}]",5171,0,0
cloud,1,9275,prefill,2b19945777114854b82d6cd44b40f27b,optrace:9275:72,aten.view.default,"[{""request_id"": ""c4f28400bfd54f3bbb86f843f6fb61f5"", ""position"": 0, ""query_len"": 4096}]","[[4096, 128]]","[""torch.float16""]","[{""argument"": ""args[0]"", ""shape"": [4096, 128], ""dtype"": ""torch.float16"", ""device"": ""cuda:1"", ""stride"": [1280, 1]}]",4928,0,0
cloud,1,9275,prefill,2b19945777114854b82d6cd44b40f27b,optrace:9275:73,aten.view.default,"[{""request_id"": ""c4f28400bfd54f3bbb86f843f6fb61f5"", ""position"": 0, ""query_len"": 4096}]","[[4096, 128]]","[""torch.float16""]","[{""argument"": ""args[0]"", ""shape"": [4096, 128], ""dtype"": ""torch.float16"", ""device"": ""cuda:1"", ""stride"": [1280, 1]}]",5150,0,0
cloud,1,9275,prefill,2b19945777114854b82d6cd44b40f27b,optrace:9275:74,vllm.unified_attention_with_output.default,"[{""request_id"": ""c4f28400bfd54f3bbb86f843f6fb61f5"", ""position"": 0, ""query_len"": 4096}]","[[4096, 8, 128], [4096, 1, 128], [4096, 1, 128], [4096, 8, 128]]","[""torch.float16"", ""torch.float16"", ""torch.float16"", ""torch.float16""]","[{""argument"": ""args[0]"", ""shape"": [4096, 8, 128], ""dtype"": ""torch.float16"", ""device"": ""cuda:1"", ""stride"": [1280, 128, 1]}, {""argument"": ""args[1]"", ""shape"": [4096, 1, 128], ""dtype"": ""torch.float16"", ""device"": ""cuda:1"", ""stride"": [1280, 128, 1]}, {""argument"": ""args[2]"", ""shape"": [4096, 1, 128], ""dtype"": ""torch.float16"", ""device"": ""cuda:1"", ""stride"": [1280, 128, 1]}, {""argument"": ""args[3]"", ""shape"": [4096, 8, 128], ""dtype"": ""torch.float16"", ""device"": ""cuda:1"", ""stride"": [1024, 128, 1]}]",176857,509406,2
cloud,1,9275,prefill,2b19945777114854b82d6cd44b40f27b,optrace:9275:75,aten.view.default,"[{""request_id"": ""c4f28400bfd54f3bbb86f843f6fb61f5"", ""position"": 0, ""query_len"": 4096}]","[[4096, 8, 128]]","[""torch.float16""]","[{""argument"": ""args[0]"", ""shape"": [4096, 8, 128], ""dtype"": ""torch.float16"", ""device"": ""cuda:1"", ""stride"": [1024, 128, 1]}]",9126,0,0
cloud,1,9275,prefill,2b19945777114854b82d6cd44b40f27b,optrace:9275:76,aten.linear.default,"[{""request_id"": ""c4f28400bfd54f3bbb86f843f6fb61f5"", ""position"": 0, ""query_len"": 4096}]","[[4096, 1024], [2048, 1024]]","[""torch.float16"", ""torch.float16""]","[{""argument"": ""args[0]"", ""shape"": [4096, 1024], ""dtype"": ""torch.float16"", ""device"": ""cuda:1"", ""stride"": [1024, 1]}, {""argument"": ""args[1]"", ""shape"": [2048, 1024], ""dtype"": ""torch.float16"", ""device"": ""cuda:1"", ""stride"": [1024, 1]}]",54458,203487,1
cloud,1,9275,prefill,2b19945777114854b82d6cd44b40f27b,optrace:9275:77,vllm.all_reduce.default,"[{""request_id"": ""c4f28400bfd54f3bbb86f843f6fb61f5"", ""position"": 0, ""query_len"": 4096}]","[[4096, 2048]]","[""torch.float16""]","[{""argument"": ""args[0]"", ""shape"": [4096, 2048], ""dtype"": ""torch.float16"", ""device"": ""cuda:1"", ""stride"": [2048, 1]}]",80545,0,0
cloud,1,9275,prefill,2b19945777114854b82d6cd44b40f27b,optrace:9275:78,pynccl.all_reduce,"[{""request_id"": ""c4f28400bfd54f3bbb86f843f6fb61f5"", ""position"": 0, ""query_len"": 4096}]","[[4096, 2048]]","[""torch.float16""]","[{""argument"": ""args[0]"", ""shape"": [4096, 2048], ""dtype"": ""torch.float16"", ""device"": ""cuda:1"", ""stride"": [2048, 1]}]",61339,1222812,1
cloud,1,9275,prefill,2b19945777114854b82d6cd44b40f27b,optrace:9275:79,aten.detach.default,"[{""request_id"": ""c4f28400bfd54f3bbb86f843f6fb61f5"", ""position"": 0, ""query_len"": 4096}]",[[2048]],"[""torch.float16""]","[{""argument"": ""args[0]"", ""shape"": [2048], ""dtype"": ""torch.float16"", ""device"": ""cuda:1"", ""stride"": [1]}]",11047,0,0
cloud,1,9275,prefill,2b19945777114854b82d6cd44b40f27b,optrace:9275:80,_C.fused_add_rms_norm.default,"[{""request_id"": ""c4f28400bfd54f3bbb86f843f6fb61f5"", ""position"": 0, ""query_len"": 4096}]","[[4096, 2048], [4096, 2048], [2048]]","[""torch.float16"", ""torch.float16"", ""torch.float16""]","[{""argument"": ""args[0]"", ""shape"": [4096, 2048], ""dtype"": ""torch.float16"", ""device"": ""cuda:1"", ""stride"": [2048, 1]}, {""argument"": ""args[1]"", ""shape"": [4096, 2048], ""dtype"": ""torch.float16"", ""device"": ""cuda:1"", ""stride"": [2048, 1]}, {""argument"": ""args[2]"", ""shape"": [2048], ""dtype"": ""torch.float16"", ""device"": ""cuda:1"", ""stride"": [1]}]",20567,139743,1
cloud,1,9275,prefill,2b19945777114854b82d6cd44b40f27b,optrace:9275:81,aten.linear.default,"[{""request_id"": ""c4f28400bfd54f3bbb86f843f6fb61f5"", ""position"": 0, ""query_len"": 4096}]","[[4096, 2048], [11008, 2048]]","[""torch.float16"", ""torch.float16""]","[{""argument"": ""args[0]"", ""shape"": [4096, 2048], ""dtype"": ""torch.float16"", ""device"": ""cuda:1"", ""stride"": [2048, 1]}, {""argument"": ""args[1]"", ""shape"": [11008, 2048], ""dtype"": ""torch.float16"", ""device"": ""cuda:1"", ""stride"": [2048, 1]}]",62707,2118744,1
cloud,1,9275,prefill,2b19945777114854b82d6cd44b40f27b,optrace:9275:82,aten.empty.memory_format,"[{""request_id"": ""c4f28400bfd54f3bbb86f843f6fb61f5"", ""position"": 0, ""query_len"": 4096}]",[],[],[],22581,0,0
cloud,1,9275,prefill,2b19945777114854b82d6cd44b40f27b,optrace:9275:83,_C.silu_and_mul.default,"[{""request_id"": ""c4f28400bfd54f3bbb86f843f6fb61f5"", ""position"": 0, ""query_len"": 4096}]","[[4096, 5504], [4096, 11008]]","[""torch.float16"", ""torch.float16""]","[{""argument"": ""args[0]"", ""shape"": [4096, 5504], ""dtype"": ""torch.float16"", ""device"": ""cuda:1"", ""stride"": [5504, 1]}, {""argument"": ""args[1]"", ""shape"": [4096, 11008], ""dtype"": ""torch.float16"", ""device"": ""cuda:1"", ""stride"": [11008, 1]}]",29655,293310,1
cloud,1,9275,prefill,2b19945777114854b82d6cd44b40f27b,optrace:9275:84,aten.linear.default,"[{""request_id"": ""c4f28400bfd54f3bbb86f843f6fb61f5"", ""position"": 0, ""query_len"": 4096}]","[[4096, 5504], [2048, 5504]]","[""torch.float16"", ""torch.float16""]","[{""argument"": ""args[0]"", ""shape"": [4096, 5504], ""dtype"": ""torch.float16"", ""device"": ""cuda:1"", ""stride"": [5504, 1]}, {""argument"": ""args[1]"", ""shape"": [2048, 5504], ""dtype"": ""torch.float16"", ""device"": ""cuda:1"", ""stride"": [5504, 1]}]",50387,994589,1
cloud,1,9275,prefill,2b19945777114854b82d6cd44b40f27b,optrace:9275:85,vllm.all_reduce.default,"[{""request_id"": ""c4f28400bfd54f3bbb86f843f6fb61f5"", ""position"": 0, ""query_len"": 4096}]","[[4096, 2048]]","[""torch.float16""]","[{""argument"": ""args[0]"", ""shape"": [4096, 2048], ""dtype"": ""torch.float16"", ""device"": ""cuda:1"", ""stride"": [2048, 1]}]",77566,0,0
cloud,1,9275,prefill,2b19945777114854b82d6cd44b40f27b,optrace:9275:86,pynccl.all_reduce,"[{""request_id"": ""c4f28400bfd54f3bbb86f843f6fb61f5"", ""position"": 0, ""query_len"": 4096}]","[[4096, 2048]]","[""torch.float16""]","[{""argument"": ""args[0]"", ""shape"": [4096, 2048], ""dtype"": ""torch.float16"", ""device"": ""cuda:1"", ""stride"": [2048, 1]}]",59473,1195675,1
cloud,1,9275,prefill,2b19945777114854b82d6cd44b40f27b,optrace:9275:87,aten.detach.default,"[{""request_id"": ""c4f28400bfd54f3bbb86f843f6fb61f5"", ""position"": 0, ""query_len"": 4096}]",[[2048]],"[""torch.float16""]","[{""argument"": ""args[0]"", ""shape"": [2048], ""dtype"": ""torch.float16"", ""device"": ""cuda:1"", ""stride"": [1]}]",7283,0,0
cloud,1,9275,prefill,2b19945777114854b82d6cd44b40f27b,optrace:9275:88,_C.fused_add_rms_norm.default,"[{""request_id"": ""c4f28400bfd54f3bbb86f843f6fb61f5"", ""position"": 0, ""query_len"": 4096}]","[[4096, 2048], [4096, 2048], [2048]]","[""torch.float16"", ""torch.float16"", ""torch.float16""]","[{""argument"": ""args[0]"", ""shape"": [4096, 2048], ""dtype"": ""torch.float16"", ""device"": ""cuda:1"", ""stride"": [2048, 1]}, {""argument"": ""args[1]"", ""shape"": [4096, 2048], ""dtype"": ""torch.float16"", ""device"": ""cuda:1"", ""stride"": [2048, 1]}, {""argument"": ""args[2]"", ""shape"": [2048], ""dtype"": ""torch.float16"", ""device"": ""cuda:1"", ""stride"": [1]}]",22153,138047,1
cloud,1,9275,prefill,2b19945777114854b82d6cd44b40f27b,optrace:9275:89,aten.linear.default,"[{""request_id"": ""c4f28400bfd54f3bbb86f843f6fb61f5"", ""position"": 0, ""query_len"": 4096}]","[[4096, 2048], [1280, 2048], [1280]]","[""torch.float16"", ""torch.float16"", ""torch.float16""]","[{""argument"": ""args[0]"", ""shape"": [4096, 2048], ""dtype"": ""torch.float16"", ""device"": ""cuda:1"", ""stride"": [2048, 1]}, {""argument"": ""args[1]"", ""shape"": [1280, 2048], ""dtype"": ""torch.float16"", ""device"": ""cuda:1"", ""stride"": [2048, 1]}, {""argument"": ""args[2]"", ""shape"": [1280], ""dtype"": ""torch.float16"", ""device"": ""cuda:1"", ""stride"": [1]}]",61307,300319,1
cloud,1,9275,prefill,2b19945777114854b82d6cd44b40f27b,optrace:9275:90,aten.split_with_sizes.default,"[{""request_id"": ""c4f28400bfd54f3bbb86f843f6fb61f5"", ""position"": 0, ""query_len"": 4096}]","[[4096, 1280]]","[""torch.float16""]","[{""argument"": ""args[0]"", ""shape"": [4096, 1280], ""dtype"": ""torch.float16"", ""device"": ""cuda:1"", ""stride"": [1280, 1]}]",14617,0,0
cloud,1,9275,prefill,2b19945777114854b82d6cd44b40f27b,optrace:9275:91,_C.rotary_embedding.default,"[{""request_id"": ""c4f28400bfd54f3bbb86f843f6fb61f5"", ""position"": 0, ""query_len"": 4096}]","[[4096], [4096, 1024], [4096, 128], [32768, 128]]","[""torch.int64"", ""torch.float16"", ""torch.float16"", ""torch.float16""]","[{""argument"": ""args[0]"", ""shape"": [4096], ""dtype"": ""torch.int64"", ""device"": ""cuda:1"", ""stride"": [1]}, {""argument"": ""args[1]"", ""shape"": [4096, 1024], ""dtype"": ""torch.float16"", ""device"": ""cuda:1"", ""stride"": [1280, 1]}, {""argument"": ""args[2]"", ""shape"": [4096, 128], ""dtype"": ""torch.float16"", ""device"": ""cuda:1"", ""stride"": [1280, 1]}, {""argument"": ""args[4]"", ""shape"": [32768, 128], ""dtype"": ""torch.float16"", ""device"": ""cuda:1"", ""stride"": [128, 1]}]",22443,47008,1
cloud,1,9275,prefill,2b19945777114854b82d6cd44b40f27b,optrace:9275:92,aten.zeros.default,"[{""request_id"": ""c4f28400bfd54f3bbb86f843f6fb61f5"", ""position"": 0, ""query_len"": 4096}]",[],[],[],38885,17696,1
cloud,1,9275,prefill,2b19945777114854b82d6cd44b40f27b,optrace:9275:93,aten.view.default,"[{""request_id"": ""c4f28400bfd54f3bbb86f843f6fb61f5"", ""position"": 0, ""query_len"": 4096}]","[[4096, 1024]]","[""torch.float16""]","[{""argument"": ""args[0]"", ""shape"": [4096, 1024], ""dtype"": ""torch.float16"", ""device"": ""cuda:1"", ""stride"": [1280, 1]}]",11479,0,0
cloud,1,9275,prefill,2b19945777114854b82d6cd44b40f27b,optrace:9275:94,aten.view.default,"[{""request_id"": ""c4f28400bfd54f3bbb86f843f6fb61f5"", ""position"": 0, ""query_len"": 4096}]","[[4096, 1024]]","[""torch.float16""]","[{""argument"": ""args[0]"", ""shape"": [4096, 1024], ""dtype"": ""torch.float16"", ""device"": ""cuda:1"", ""stride"": [1024, 1]}]",10396,0,0
cloud,1,9275,prefill,2b19945777114854b82d6cd44b40f27b,optrace:9275:95,aten.view.default,"[{""request_id"": ""c4f28400bfd54f3bbb86f843f6fb61f5"", ""position"": 0, ""query_len"": 4096}]","[[4096, 128]]","[""torch.float16""]","[{""argument"": ""args[0]"", ""shape"": [4096, 128], ""dtype"": ""torch.float16"", ""device"": ""cuda:1"", ""stride"": [1280, 1]}]",5564,0,0
cloud,1,9275,prefill,2b19945777114854b82d6cd44b40f27b,optrace:9275:96,aten.view.default,"[{""request_id"": ""c4f28400bfd54f3bbb86f843f6fb61f5"", ""position"": 0, ""query_len"": 4096}]","[[4096, 128]]","[""torch.float16""]","[{""argument"": ""args[0]"", ""shape"": [4096, 128], ""dtype"": ""torch.float16"", ""device"": ""cuda:1"", ""stride"": [1280, 1]}]",5967,0,0
cloud,1,9275,prefill,2b19945777114854b82d6cd44b40f27b,optrace:9275:97,vllm.unified_attention_with_output.default,"[{""request_id"": ""c4f28400bfd54f3bbb86f843f6fb61f5"", ""position"": 0, ""query_len"": 4096}]","[[4096, 8, 128], [4096, 1, 128], [4096, 1, 128], [4096, 8, 128]]","[""torch.float16"", ""torch.float16"", ""torch.float16"", ""torch.float16""]","[{""argument"": ""args[0]"", ""shape"": [4096, 8, 128], ""dtype"": ""torch.float16"", ""device"": ""cuda:1"", ""stride"": [1280, 128, 1]}, {""argument"": ""args[1]"", ""shape"": [4096, 1, 128], ""dtype"": ""torch.float16"", ""device"": ""cuda:1"", ""stride"": [1280, 128, 1]}, {""argument"": ""args[2]"", ""shape"": [4096, 1, 128], ""dtype"": ""torch.float16"", ""device"": ""cuda:1"", ""stride"": [1280, 128, 1]}, {""argument"": ""args[3]"", ""shape"": [4096, 8, 128], ""dtype"": ""torch.float16"", ""device"": ""cuda:1"", ""stride"": [1024, 128, 1]}]",190148,503198,2
cloud,1,9275,prefill,2b19945777114854b82d6cd44b40f27b,optrace:9275:98,aten.view.default,"[{""request_id"": ""c4f28400bfd54f3bbb86f843f6fb61f5"", ""position"": 0, ""query_len"": 4096}]","[[4096, 8, 128]]","[""torch.float16""]","[{""argument"": ""args[0]"", ""shape"": [4096, 8, 128], ""dtype"": ""torch.float16"", ""device"": ""cuda:1"", ""stride"": [1024, 128, 1]}]",9357,0,0
cloud,1,9275,prefill,2b19945777114854b82d6cd44b40f27b,optrace:9275:99,aten.linear.default,"[{""request_id"": ""c4f28400bfd54f3bbb86f843f6fb61f5"", ""position"": 0, ""query_len"": 4096}]","[[4096, 1024], [2048, 1024]]","[""torch.float16"", ""torch.float16""]","[{""argument"": ""args[0]"", ""shape"": [4096, 1024], ""dtype"": ""torch.float16"", ""device"": ""cuda:1"", ""stride"": [1024, 1]}, {""argument"": ""args[1]"", ""shape"": [2048, 1024], ""dtype"": ""torch.float16"", ""device"": ""cuda:1"", ""stride"": [1024, 1]}]",57368,205599,1
cloud,1,9275,prefill,2b19945777114854b82d6cd44b40f27b,optrace:9275:100,vllm.all_reduce.default,"[{""request_id"": ""c4f28400bfd54f3bbb86f843f6fb61f5"", ""position"": 0, ""query_len"": 4096}]","[[4096, 2048]]","[""torch.float16""]","[{""argument"": ""args[0]"", ""shape"": [4096, 2048], ""dtype"": ""torch.float16"", ""device"": ""cuda:1"", ""stride"": [2048, 1]}]",78818,0,0
cloud,1,9275,prefill,2b19945777114854b82d6cd44b40f27b,optrace:9275:101,pynccl.all_reduce,"[{""request_id"": ""c4f28400bfd54f3bbb86f843f6fb61f5"", ""position"": 0, ""query_len"": 4096}]","[[4096, 2048]]","[""torch.float16""]","[{""argument"": ""args[0]"", ""shape"": [4096, 2048], ""dtype"": ""torch.float16"", ""device"": ""cuda:1"", ""stride"": [2048, 1]}]",60231,1227899,1
cloud,1,9275,prefill,2b19945777114854b82d6cd44b40f27b,optrace:9275:102,aten.detach.default,"[{""request_id"": ""c4f28400bfd54f3bbb86f843f6fb61f5"", ""position"": 0, ""query_len"": 4096}]",[[2048]],"[""torch.float16""]","[{""argument"": ""args[0]"", ""shape"": [2048], ""dtype"": ""torch.float16"", ""device"": ""cuda:1"", ""stride"": [1]}]",7482,0,0
cloud,1,9275,prefill,2b19945777114854b82d6cd44b40f27b,optrace:9275:103,_C.fused_add_rms_norm.default,"[{""request_id"": ""c4f28400bfd54f3bbb86f843f6fb61f5"", ""position"": 0, ""query_len"": 4096}]","[[4096, 2048], [4096, 2048], [2048]]","[""torch.float16"", ""torch.float16"", ""torch.float16""]","[{""argument"": ""args[0]"", ""shape"": [4096, 2048], ""dtype"": ""torch.float16"", ""device"": ""cuda:1"", ""stride"": [2048, 1]}, {""argument"": ""args[1]"", ""shape"": [4096, 2048], ""dtype"": ""torch.float16"", ""device"": ""cuda:1"", ""stride"": [2048, 1]}, {""argument"": ""args[2]"", ""shape"": [2048], ""dtype"": ""torch.float16"", ""device"": ""cuda:1"", ""stride"": [1]}]",20250,137920,1
cloud,1,9275,prefill,2b19945777114854b82d6cd44b40f27b,optrace:9275:104,aten.linear.default,"[{""request_id"": ""c4f28400bfd54f3bbb86f843f6fb61f5"", ""position"": 0, ""query_len"": 4096}]","[[4096, 2048], [11008, 2048]]","[""torch.float16"", ""torch.float16""]","[{""argument"": ""args[0]"", ""shape"": [4096, 2048], ""dtype"": ""torch.float16"", ""device"": ""cuda:1"", ""stride"": [2048, 1]}, {""argument"": ""args[1]"", ""shape"": [11008, 2048], ""dtype"": ""torch.float16"", ""device"": ""cuda:1"", ""stride"": [2048, 1]}]",60753,2124919,1
cloud,1,9275,prefill,2b19945777114854b82d6cd44b40f27b,optrace:9275:105,aten.empty.memory_format,"[{""request_id"": ""c4f28400bfd54f3bbb86f843f6fb61f5"", ""position"": 0, ""query_len"": 4096}]",[],[],[],21097,0,0
cloud,1,9275,prefill,2b19945777114854b82d6cd44b40f27b,optrace:9275:106,_C.silu_and_mul.default,"[{""request_id"": ""c4f28400bfd54f3bbb86f843f6fb61f5"", ""position"": 0, ""query_len"": 4096}]","[[4096, 5504], [4096, 11008]]","[""torch.float16"", ""torch.float16""]","[{""argument"": ""args[0]"", ""shape"": [4096, 5504], ""dtype"": ""torch.float16"", ""device"": ""cuda:1"", ""stride"": [5504, 1]}, {""argument"": ""args[1]"", ""shape"": [4096, 11008], ""dtype"": ""torch.float16"", ""device"": ""cuda:1"", ""stride"": [11008, 1]}]",16741,292959,1
cloud,1,9275,prefill,2b19945777114854b82d6cd44b40f27b,optrace:9275:107,aten.linear.default,"[{""request_id"": ""c4f28400bfd54f3bbb86f843f6fb61f5"", ""position"": 0, ""query_len"": 4096}]","[[4096, 5504], [2048, 5504]]","[""torch.float16"", ""torch.float16""]","[{""argument"": ""args[0]"", ""shape"": [4096, 5504], ""dtype"": ""torch.float16"", ""device"": ""cuda:1"", ""stride"": [5504, 1]}, {""argument"": ""args[1]"", ""shape"": [2048, 5504], ""dtype"": ""torch.float16"", ""device"": ""cuda:1"", ""stride"": [5504, 1]}]",46857,991388,1
cloud,1,9275,prefill,2b19945777114854b82d6cd44b40f27b,optrace:9275:108,vllm.all_reduce.default,"[{""request_id"": ""c4f28400bfd54f3bbb86f843f6fb61f5"", ""position"": 0, ""query_len"": 4096}]","[[4096, 2048]]","[""torch.float16""]","[{""argument"": ""args[0]"", ""shape"": [4096, 2048], ""dtype"": ""torch.float16"", ""device"": ""cuda:1"", ""stride"": [2048, 1]}]",79631,0,0
cloud,1,9275,prefill,2b19945777114854b82d6cd44b40f27b,optrace:9275:109,pynccl.all_reduce,"[{""request_id"": ""c4f28400bfd54f3bbb86f843f6fb61f5"", ""position"": 0, ""query_len"": 4096}]","[[4096, 2048]]","[""torch.float16""]","[{""argument"": ""args[0]"", ""shape"": [4096, 2048], ""dtype"": ""torch.float16"", ""device"": ""cuda:1"", ""stride"": [2048, 1]}]",57783,1231995,1
cloud,1,9275,prefill,2b19945777114854b82d6cd44b40f27b,optrace:9275:110,aten.detach.default,"[{""request_id"": ""c4f28400bfd54f3bbb86f843f6fb61f5"", ""position"": 0, ""query_len"": 4096}]",[[2048]],"[""torch.float16""]","[{""argument"": ""args[0]"", ""shape"": [2048], ""dtype"": ""torch.float16"", ""device"": ""cuda:1"", ""stride"": [1]}]",8523,0,0
cloud,1,9275,prefill,2b19945777114854b82d6cd44b40f27b,optrace:9275:111,_C.fused_add_rms_norm.default,"[{""request_id"": ""c4f28400bfd54f3bbb86f843f6fb61f5"", ""position"": 0, ""query_len"": 4096}]","[[4096, 2048], [4096, 2048], [2048]]","[""torch.float16"", ""torch.float16"", ""torch.float16""]","[{""argument"": ""args[0]"", ""shape"": [4096, 2048], ""dtype"": ""torch.float16"", ""device"": ""cuda:1"", ""stride"": [2048, 1]}, {""argument"": ""args[1]"", ""shape"": [4096, 2048], ""dtype"": ""torch.float16"", ""device"": ""cuda:1"", ""stride"": [2048, 1]}, {""argument"": ""args[2]"", ""shape"": [2048], ""dtype"": ""torch.float16"", ""device"": ""cuda:1"", ""stride"": [1]}]",21427,138752,1
cloud,1,9275,prefill,2b19945777114854b82d6cd44b40f27b,optrace:9275:112,aten.linear.default,"[{""request_id"": ""c4f28400bfd54f3bbb86f843f6fb61f5"", ""position"": 0, ""query_len"": 4096}]","[[4096, 2048], [1280, 2048], [1280]]","[""torch.float16"", ""torch.float16"", ""torch.float16""]","[{""argument"": ""args[0]"", ""shape"": [4096, 2048], ""dtype"": ""torch.float16"", ""device"": ""cuda:1"", ""stride"": [2048, 1]}, {""argument"": ""args[1]"", ""shape"": [1280, 2048], ""dtype"": ""torch.float16"", ""device"": ""cuda:1"", ""stride"": [2048, 1]}, {""argument"": ""args[2]"", ""shape"": [1280], ""dtype"": ""torch.float16"", ""device"": ""cuda:1"", ""stride"": [1]}]",68050,300030,1
cloud,1,9275,prefill,2b19945777114854b82d6cd44b40f27b,optrace:9275:113,aten.split_with_sizes.default,"[{""request_id"": ""c4f28400bfd54f3bbb86f843f6fb61f5"", ""position"": 0, ""query_len"": 4096}]","[[4096, 1280]]","[""torch.float16""]","[{""argument"": ""args[0]"", ""shape"": [4096, 1280], ""dtype"": ""torch.float16"", ""device"": ""cuda:1"", ""stride"": [1280, 1]}]",15739,0,0
cloud,1,9275,prefill,2b19945777114854b82d6cd44b40f27b,optrace:9275:114,_C.rotary_embedding.default,"[{""request_id"": ""c4f28400bfd54f3bbb86f843f6fb61f5"", ""position"": 0, ""query_len"": 4096}]","[[4096], [4096, 1024], [4096, 128], [32768, 128]]","[""torch.int64"", ""torch.float16"", ""torch.float16"", ""torch.float16""]","[{""argument"": ""args[0]"", ""shape"": [4096], ""dtype"": ""torch.int64"", ""device"": ""cuda:1"", ""stride"": [1]}, {""argument"": ""args[1]"", ""shape"": [4096, 1024], ""dtype"": ""torch.float16"", ""device"": ""cuda:1"", ""stride"": [1280, 1]}, {""argument"": ""args[2]"", ""shape"": [4096, 128], ""dtype"": ""torch.float16"", ""device"": ""cuda:1"", ""stride"": [1280, 1]}, {""argument"": ""args[4]"", ""shape"": [32768, 128], ""dtype"": ""torch.float16"", ""device"": ""cuda:1"", ""stride"": [128, 1]}]",22659,47232,1
cloud,1,9275,prefill,2b19945777114854b82d6cd44b40f27b,optrace:9275:115,aten.zeros.default,"[{""request_id"": ""c4f28400bfd54f3bbb86f843f6fb61f5"", ""position"": 0, ""query_len"": 4096}]",[],[],[],38988,17664,1
cloud,1,9275,prefill,2b19945777114854b82d6cd44b40f27b,optrace:9275:116,aten.view.default,"[{""request_id"": ""c4f28400bfd54f3bbb86f843f6fb61f5"", ""position"": 0, ""query_len"": 4096}]","[[4096, 1024]]","[""torch.float16""]","[{""argument"": ""args[0]"", ""shape"": [4096, 1024], ""dtype"": ""torch.float16"", ""device"": ""cuda:1"", ""stride"": [1280, 1]}]",8589,0,0
cloud,1,9275,prefill,2b19945777114854b82d6cd44b40f27b,optrace:9275:117,aten.view.default,"[{""request_id"": ""c4f28400bfd54f3bbb86f843f6fb61f5"", ""position"": 0, ""query_len"": 4096}]","[[4096, 1024]]","[""torch.float16""]","[{""argument"": ""args[0]"", ""shape"": [4096, 1024], ""dtype"": ""torch.float16"", ""device"": ""cuda:1"", ""stride"": [1024, 1]}]",7582,0,0
cloud,1,9275,prefill,2b19945777114854b82d6cd44b40f27b,optrace:9275:118,aten.view.default,"[{""request_id"": ""c4f28400bfd54f3bbb86f843f6fb61f5"", ""position"": 0, ""query_len"": 4096}]","[[4096, 128]]","[""torch.float16""]","[{""argument"": ""args[0]"", ""shape"": [4096, 128], ""dtype"": ""torch.float16"", ""device"": ""cuda:1"", ""stride"": [1280, 1]}]",5862,0,0
cloud,1,9275,prefill,2b19945777114854b82d6cd44b40f27b,optrace:9275:119,aten.view.default,"[{""request_id"": ""c4f28400bfd54f3bbb86f843f6fb61f5"", ""position"": 0, ""query_len"": 4096}]","[[4096, 128]]","[""torch.float16""]","[{""argument"": ""args[0]"", ""shape"": [4096, 128], ""dtype"": ""torch.float16"", ""device"": ""cuda:1"", ""stride"": [1280, 1]}]",5080,0,0
cloud,1,9275,prefill,2b19945777114854b82d6cd44b40f27b,optrace:9275:120,vllm.unified_attention_with_output.default,"[{""request_id"": ""c4f28400bfd54f3bbb86f843f6fb61f5"", ""position"": 0, ""query_len"": 4096}]","[[4096, 8, 128], [4096, 1, 128], [4096, 1, 128], [4096, 8, 128]]","[""torch.float16"", ""torch.float16"", ""torch.float16"", ""torch.float16""]","[{""argument"": ""args[0]"", ""shape"": [4096, 8, 128], ""dtype"": ""torch.float16"", ""device"": ""cuda:1"", ""stride"": [1280, 128, 1]}, {""argument"": ""args[1]"", ""shape"": [4096, 1, 128], ""dtype"": ""torch.float16"", ""device"": ""cuda:1"", ""stride"": [1280, 128, 1]}, {""argument"": ""args[2]"", ""shape"": [4096, 1, 128], ""dtype"": ""torch.float16"", ""device"": ""cuda:1"", ""stride"": [1280, 128, 1]}, {""argument"": ""args[3]"", ""shape"": [4096, 8, 128], ""dtype"": ""torch.float16"", ""device"": ""cuda:1"", ""stride"": [1024, 128, 1]}]",178838,515038,2
cloud,1,9275,prefill,2b19945777114854b82d6cd44b40f27b,optrace:9275:121,aten.view.default,"[{""request_id"": ""c4f28400bfd54f3bbb86f843f6fb61f5"", ""position"": 0, ""query_len"": 4096}]","[[4096, 8, 128]]","[""torch.float16""]","[{""argument"": ""args[0]"", ""shape"": [4096, 8, 128], ""dtype"": ""torch.float16"", ""device"": ""cuda:1"", ""stride"": [1024, 128, 1]}]",9062,0,0
cloud,1,9275,prefill,2b19945777114854b82d6cd44b40f27b,optrace:9275:122,aten.linear.default,"[{""request_id"": ""c4f28400bfd54f3bbb86f843f6fb61f5"", ""position"": 0, ""query_len"": 4096}]","[[4096, 1024], [2048, 1024]]","[""torch.float16"", ""torch.float16""]","[{""argument"": ""args[0]"", ""shape"": [4096, 1024], ""dtype"": ""torch.float16"", ""device"": ""cuda:1"", ""stride"": [1024, 1]}, {""argument"": ""args[1]"", ""shape"": [2048, 1024], ""dtype"": ""torch.float16"", ""device"": ""cuda:1"", ""stride"": [1024, 1]}]",56976,204831,1
cloud,1,9275,prefill,2b19945777114854b82d6cd44b40f27b,optrace:9275:123,vllm.all_reduce.default,"[{""request_id"": ""c4f28400bfd54f3bbb86f843f6fb61f5"", ""position"": 0, ""query_len"": 4096}]","[[4096, 2048]]","[""torch.float16""]","[{""argument"": ""args[0]"", ""shape"": [4096, 2048], ""dtype"": ""torch.float16"", ""device"": ""cuda:1"", ""stride"": [2048, 1]}]",88369,0,0
cloud,1,9275,prefill,2b19945777114854b82d6cd44b40f27b,optrace:9275:124,pynccl.all_reduce,"[{""request_id"": ""c4f28400bfd54f3bbb86f843f6fb61f5"", ""position"": 0, ""query_len"": 4096}]","[[4096, 2048]]","[""torch.float16""]","[{""argument"": ""args[0]"", ""shape"": [4096, 2048], ""dtype"": ""torch.float16"", ""device"": ""cuda:1"", ""stride"": [2048, 1]}]",64352,1213851,1
cloud,1,9275,prefill,2b19945777114854b82d6cd44b40f27b,optrace:9275:125,aten.detach.default,"[{""request_id"": ""c4f28400bfd54f3bbb86f843f6fb61f5"", ""position"": 0, ""query_len"": 4096}]",[[2048]],"[""torch.float16""]","[{""argument"": ""args[0]"", ""shape"": [2048], ""dtype"": ""torch.float16"", ""device"": ""cuda:1"", ""stride"": [1]}]",8210,0,0
cloud,1,9275,prefill,2b19945777114854b82d6cd44b40f27b,optrace:9275:126,_C.fused_add_rms_norm.default,"[{""request_id"": ""c4f28400bfd54f3bbb86f843f6fb61f5"", ""position"": 0, ""query_len"": 4096}]","[[4096, 2048], [4096, 2048], [2048]]","[""torch.float16"", ""torch.float16"", ""torch.float16""]","[{""argument"": ""args[0]"", ""shape"": [4096, 2048], ""dtype"": ""torch.float16"", ""device"": ""cuda:1"", ""stride"": [2048, 1]}, {""argument"": ""args[1]"", ""shape"": [4096, 2048], ""dtype"": ""torch.float16"", ""device"": ""cuda:1"", ""stride"": [2048, 1]}, {""argument"": ""args[2]"", ""shape"": [2048], ""dtype"": ""torch.float16"", ""device"": ""cuda:1"", ""stride"": [1]}]",20772,138048,1
cloud,1,9275,prefill,2b19945777114854b82d6cd44b40f27b,optrace:9275:127,aten.linear.default,"[{""request_id"": ""c4f28400bfd54f3bbb86f843f6fb61f5"", ""position"": 0, ""query_len"": 4096}]","[[4096, 2048], [11008, 2048]]","[""torch.float16"", ""torch.float16""]","[{""argument"": ""args[0]"", ""shape"": [4096, 2048], ""dtype"": ""torch.float16"", ""device"": ""cuda:1"", ""stride"": [2048, 1]}, {""argument"": ""args[1]"", ""shape"": [11008, 2048], ""dtype"": ""torch.float16"", ""device"": ""cuda:1"", ""stride"": [2048, 1]}]",62994,2111928,1
cloud,1,9275,prefill,2b19945777114854b82d6cd44b40f27b,optrace:9275:128,aten.empty.memory_format,"[{""request_id"": ""c4f28400bfd54f3bbb86f843f6fb61f5"", ""position"": 0, ""query_len"": 4096}]",[],[],[],35200,0,0
cloud,1,9275,prefill,2b19945777114854b82d6cd44b40f27b,optrace:9275:129,_C.silu_and_mul.default,"[{""request_id"": ""c4f28400bfd54f3bbb86f843f6fb61f5"", ""position"": 0, ""query_len"": 4096}]","[[4096, 5504], [4096, 11008]]","[""torch.float16"", ""torch.float16""]","[{""argument"": ""args[0]"", ""shape"": [4096, 5504], ""dtype"": ""torch.float16"", ""device"": ""cuda:1"", ""stride"": [5504, 1]}, {""argument"": ""args[1]"", ""shape"": [4096, 11008], ""dtype"": ""torch.float16"", ""device"": ""cuda:1"", ""stride"": [11008, 1]}]",18931,294206,1
cloud,1,9275,prefill,2b19945777114854b82d6cd44b40f27b,optrace:9275:130,aten.linear.default,"[{""request_id"": ""c4f28400bfd54f3bbb86f843f6fb61f5"", ""position"": 0, ""query_len"": 4096}]","[[4096, 5504], [2048, 5504]]","[""torch.float16"", ""torch.float16""]","[{""argument"": ""args[0]"", ""shape"": [4096, 5504], ""dtype"": ""torch.float16"", ""device"": ""cuda:1"", ""stride"": [5504, 1]}, {""argument"": ""args[1]"", ""shape"": [2048, 5504], ""dtype"": ""torch.float16"", ""device"": ""cuda:1"", ""stride"": [5504, 1]}]",48846,994172,1
cloud,1,9275,prefill,2b19945777114854b82d6cd44b40f27b,optrace:9275:131,vllm.all_reduce.default,"[{""request_id"": ""c4f28400bfd54f3bbb86f843f6fb61f5"", ""position"": 0, ""query_len"": 4096}]","[[4096, 2048]]","[""torch.float16""]","[{""argument"": ""args[0]"", ""shape"": [4096, 2048], ""dtype"": ""torch.float16"", ""device"": ""cuda:1"", ""stride"": [2048, 1]}]",84998,0,0
cloud,1,9275,prefill,2b19945777114854b82d6cd44b40f27b,optrace:9275:132,pynccl.all_reduce,"[{""request_id"": ""c4f28400bfd54f3bbb86f843f6fb61f5"", ""position"": 0, ""query_len"": 4096}]","[[4096, 2048]]","[""torch.float16""]","[{""argument"": ""args[0]"", ""shape"": [4096, 2048], ""dtype"": ""torch.float16"", ""device"": ""cuda:1"", ""stride"": [2048, 1]}]",62291,1219164,1
cloud,1,9275,prefill,2b19945777114854b82d6cd44b40f27b,optrace:9275:133,aten.detach.default,"[{""request_id"": ""c4f28400bfd54f3bbb86f843f6fb61f5"", ""position"": 0, ""query_len"": 4096}]",[[2048]],"[""torch.float16""]","[{""argument"": ""args[0]"", ""shape"": [2048], ""dtype"": ""torch.float16"", ""device"": ""cuda:1"", ""stride"": [1]}]",7642,0,0
cloud,1,9275,prefill,2b19945777114854b82d6cd44b40f27b,optrace:9275:134,_C.fused_add_rms_norm.default,"[{""request_id"": ""c4f28400bfd54f3bbb86f843f6fb61f5"", ""position"": 0, ""query_len"": 4096}]","[[4096, 2048], [4096, 2048], [2048]]","[""torch.float16"", ""torch.float16"", ""torch.float16""]","[{""argument"": ""args[0]"", ""shape"": [4096, 2048], ""dtype"": ""torch.float16"", ""device"": ""cuda:1"", ""stride"": [2048, 1]}, {""argument"": ""args[1]"", ""shape"": [4096, 2048], ""dtype"": ""torch.float16"", ""device"": ""cuda:1"", ""stride"": [2048, 1]}, {""argument"": ""args[2]"", ""shape"": [2048], ""dtype"": ""torch.float16"", ""device"": ""cuda:1"", ""stride"": [1]}]",18687,138335,1
cloud,1,9275,prefill,2b19945777114854b82d6cd44b40f27b,optrace:9275:135,aten.linear.default,"[{""request_id"": ""c4f28400bfd54f3bbb86f843f6fb61f5"", ""position"": 0, ""query_len"": 4096}]","[[4096, 2048], [1280, 2048], [1280]]","[""torch.float16"", ""torch.float16"", ""torch.float16""]","[{""argument"": ""args[0]"", ""shape"": [4096, 2048], ""dtype"": ""torch.float16"", ""device"": ""cuda:1"", ""stride"": [2048, 1]}, {""argument"": ""args[1]"", ""shape"": [1280, 2048], ""dtype"": ""torch.float16"", ""device"": ""cuda:1"", ""stride"": [2048, 1]}, {""argument"": ""args[2]"", ""shape"": [1280], ""dtype"": ""torch.float16"", ""device"": ""cuda:1"", ""stride"": [1]}]",60484,299775,1
cloud,1,9275,prefill,2b19945777114854b82d6cd44b40f27b,optrace:9275:136,aten.split_with_sizes.default,"[{""request_id"": ""c4f28400bfd54f3bbb86f843f6fb61f5"", ""position"": 0, ""query_len"": 4096}]","[[4096, 1280]]","[""torch.float16""]","[{""argument"": ""args[0]"", ""shape"": [4096, 1280], ""dtype"": ""torch.float16"", ""device"": ""cuda:1"", ""stride"": [1280, 1]}]",17553,0,0
cloud,1,9275,prefill,2b19945777114854b82d6cd44b40f27b,optrace:9275:137,_C.rotary_embedding.default,"[{""request_id"": ""c4f28400bfd54f3bbb86f843f6fb61f5"", ""position"": 0, ""query_len"": 4096}]","[[4096], [4096, 1024], [4096, 128], [32768, 128]]","[""torch.int64"", ""torch.float16"", ""torch.float16"", ""torch.float16""]","[{""argument"": ""args[0]"", ""shape"": [4096], ""dtype"": ""torch.int64"", ""device"": ""cuda:1"", ""stride"": [1]}, {""argument"": ""args[1]"", ""shape"": [4096, 1024], ""dtype"": ""torch.float16"", ""device"": ""cuda:1"", ""stride"": [1280, 1]}, {""argument"": ""args[2]"", ""shape"": [4096, 128], ""dtype"": ""torch.float16"", ""device"": ""cuda:1"", ""stride"": [1280, 1]}, {""argument"": ""args[4]"", ""shape"": [32768, 128], ""dtype"": ""torch.float16"", ""device"": ""cuda:1"", ""stride"": [128, 1]}]",20867,46944,1
cloud,1,9275,prefill,2b19945777114854b82d6cd44b40f27b,optrace:9275:138,aten.zeros.default,"[{""request_id"": ""c4f28400bfd54f3bbb86f843f6fb61f5"", ""position"": 0, ""query_len"": 4096}]",[],[],[],37696,17696,1
cloud,1,9275,prefill,2b19945777114854b82d6cd44b40f27b,optrace:9275:139,aten.view.default,"[{""request_id"": ""c4f28400bfd54f3bbb86f843f6fb61f5"", ""position"": 0, ""query_len"": 4096}]","[[4096, 1024]]","[""torch.float16""]","[{""argument"": ""args[0]"", ""shape"": [4096, 1024], ""dtype"": ""torch.float16"", ""device"": ""cuda:1"", ""stride"": [1280, 1]}]",8557,0,0
cloud,1,9275,prefill,2b19945777114854b82d6cd44b40f27b,optrace:9275:140,aten.view.default,"[{""request_id"": ""c4f28400bfd54f3bbb86f843f6fb61f5"", ""position"": 0, ""query_len"": 4096}]","[[4096, 1024]]","[""torch.float16""]","[{""argument"": ""args[0]"", ""shape"": [4096, 1024], ""dtype"": ""torch.float16"", ""device"": ""cuda:1"", ""stride"": [1024, 1]}]",6925,0,0
cloud,1,9275,prefill,2b19945777114854b82d6cd44b40f27b,optrace:9275:141,aten.view.default,"[{""request_id"": ""c4f28400bfd54f3bbb86f843f6fb61f5"", ""position"": 0, ""query_len"": 4096}]","[[4096, 128]]","[""torch.float16""]","[{""argument"": ""args[0]"", ""shape"": [4096, 128], ""dtype"": ""torch.float16"", ""device"": ""cuda:1"", ""stride"": [1280, 1]}]",7464,0,0
cloud,1,9275,prefill,2b19945777114854b82d6cd44b40f27b,optrace:9275:142,aten.view.default,"[{""request_id"": ""c4f28400bfd54f3bbb86f843f6fb61f5"", ""position"": 0, ""query_len"": 4096}]","[[4096, 128]]","[""torch.float16""]","[{""argument"": ""args[0]"", ""shape"": [4096, 128], ""dtype"": ""torch.float16"", ""device"": ""cuda:1"", ""stride"": [1280, 1]}]",5957,0,0
cloud,1,9275,prefill,2b19945777114854b82d6cd44b40f27b,optrace:9275:143,vllm.unified_attention_with_output.default,"[{""request_id"": ""c4f28400bfd54f3bbb86f843f6fb61f5"", ""position"": 0, ""query_len"": 4096}]","[[4096, 8, 128], [4096, 1, 128], [4096, 1, 128], [4096, 8, 128]]","[""torch.float16"", ""torch.float16"", ""torch.float16"", ""torch.float16""]","[{""argument"": ""args[0]"", ""shape"": [4096, 8, 128], ""dtype"": ""torch.float16"", ""device"": ""cuda:1"", ""stride"": [1280, 128, 1]}, {""argument"": ""args[1]"", ""shape"": [4096, 1, 128], ""dtype"": ""torch.float16"", ""device"": ""cuda:1"", ""stride"": [1280, 128, 1]}, {""argument"": ""args[2]"", ""shape"": [4096, 1, 128], ""dtype"": ""torch.float16"", ""device"": ""cuda:1"", ""stride"": [1280, 128, 1]}, {""argument"": ""args[3]"", ""shape"": [4096, 8, 128], ""dtype"": ""torch.float16"", ""device"": ""cuda:1"", ""stride"": [1024, 128, 1]}]",176304,516574,2
cloud,1,9275,prefill,2b19945777114854b82d6cd44b40f27b,optrace:9275:144,aten.view.default,"[{""request_id"": ""c4f28400bfd54f3bbb86f843f6fb61f5"", ""position"": 0, ""query_len"": 4096}]","[[4096, 8, 128]]","[""torch.float16""]","[{""argument"": ""args[0]"", ""shape"": [4096, 8, 128], ""dtype"": ""torch.float16"", ""device"": ""cuda:1"", ""stride"": [1024, 128, 1]}]",9345,0,0
cloud,1,9275,prefill,2b19945777114854b82d6cd44b40f27b,optrace:9275:145,aten.linear.default,"[{""request_id"": ""c4f28400bfd54f3bbb86f843f6fb61f5"", ""position"": 0, ""query_len"": 4096}]","[[4096, 1024], [2048, 1024]]","[""torch.float16"", ""torch.float16""]","[{""argument"": ""args[0]"", ""shape"": [4096, 1024], ""dtype"": ""torch.float16"", ""device"": ""cuda:1"", ""stride"": [1024, 1]}, {""argument"": ""args[1]"", ""shape"": [2048, 1024], ""dtype"": ""torch.float16"", ""device"": ""cuda:1"", ""stride"": [1024, 1]}]",54298,205631,1
cloud,1,9275,prefill,2b19945777114854b82d6cd44b40f27b,optrace:9275:146,vllm.all_reduce.default,"[{""request_id"": ""c4f28400bfd54f3bbb86f843f6fb61f5"", ""position"": 0, ""query_len"": 4096}]","[[4096, 2048]]","[""torch.float16""]","[{""argument"": ""args[0]"", ""shape"": [4096, 2048], ""dtype"": ""torch.float16"", ""device"": ""cuda:1"", ""stride"": [2048, 1]}]",88898,0,0
cloud,1,9275,prefill,2b19945777114854b82d6cd44b40f27b,optrace:9275:147,pynccl.all_reduce,"[{""request_id"": ""c4f28400bfd54f3bbb86f843f6fb61f5"", ""position"": 0, ""query_len"": 4096}]","[[4096, 2048]]","[""torch.float16""]","[{""argument"": ""args[0]"", ""shape"": [4096, 2048], ""dtype"": ""torch.float16"", ""device"": ""cuda:1"", ""stride"": [2048, 1]}]",66849,1228795,1
cloud,1,9275,prefill,2b19945777114854b82d6cd44b40f27b,optrace:9275:148,aten.detach.default,"[{""request_id"": ""c4f28400bfd54f3bbb86f843f6fb61f5"", ""position"": 0, ""query_len"": 4096}]",[[2048]],"[""torch.float16""]","[{""argument"": ""args[0]"", ""shape"": [2048], ""dtype"": ""torch.float16"", ""device"": ""cuda:1"", ""stride"": [1]}]",7473,0,0
cloud,1,9275,prefill,2b19945777114854b82d6cd44b40f27b,optrace:9275:149,_C.fused_add_rms_norm.default,"[{""request_id"": ""c4f28400bfd54f3bbb86f843f6fb61f5"", ""position"": 0, ""query_len"": 4096}]","[[4096, 2048], [4096, 2048], [2048]]","[""torch.float16"", ""torch.float16"", ""torch.float16""]","[{""argument"": ""args[0]"", ""shape"": [4096, 2048], ""dtype"": ""torch.float16"", ""device"": ""cuda:1"", ""stride"": [2048, 1]}, {""argument"": ""args[1]"", ""shape"": [4096, 2048], ""dtype"": ""torch.float16"", ""device"": ""cuda:1"", ""stride"": [2048, 1]}, {""argument"": ""args[2]"", ""shape"": [2048], ""dtype"": ""torch.float16"", ""device"": ""cuda:1"", ""stride"": [1]}]",21162,138751,1
cloud,1,9275,prefill,2b19945777114854b82d6cd44b40f27b,optrace:9275:150,aten.linear.default,"[{""request_id"": ""c4f28400bfd54f3bbb86f843f6fb61f5"", ""position"": 0, ""query_len"": 4096}]","[[4096, 2048], [11008, 2048]]","[""torch.float16"", ""torch.float16""]","[{""argument"": ""args[0]"", ""shape"": [4096, 2048], ""dtype"": ""torch.float16"", ""device"": ""cuda:1"", ""stride"": [2048, 1]}, {""argument"": ""args[1]"", ""shape"": [11008, 2048], ""dtype"": ""torch.float16"", ""device"": ""cuda:1"", ""stride"": [2048, 1]}]",63704,2155384,1
cloud,1,9275,prefill,2b19945777114854b82d6cd44b40f27b,optrace:9275:151,aten.empty.memory_format,"[{""request_id"": ""c4f28400bfd54f3bbb86f843f6fb61f5"", ""position"": 0, ""query_len"": 4096}]",[],[],[],21407,0,0
cloud,1,9275,prefill,2b19945777114854b82d6cd44b40f27b,optrace:9275:152,_C.silu_and_mul.default,"[{""request_id"": ""c4f28400bfd54f3bbb86f843f6fb61f5"", ""position"": 0, ""query_len"": 4096}]","[[4096, 5504], [4096, 11008]]","[""torch.float16"", ""torch.float16""]","[{""argument"": ""args[0]"", ""shape"": [4096, 5504], ""dtype"": ""torch.float16"", ""device"": ""cuda:1"", ""stride"": [5504, 1]}, {""argument"": ""args[1]"", ""shape"": [4096, 11008], ""dtype"": ""torch.float16"", ""device"": ""cuda:1"", ""stride"": [11008, 1]}]",16500,295967,1
cloud,1,9275,prefill,2b19945777114854b82d6cd44b40f27b,optrace:9275:153,aten.linear.default,"[{""request_id"": ""c4f28400bfd54f3bbb86f843f6fb61f5"", ""position"": 0, ""query_len"": 4096}]","[[4096, 5504], [2048, 5504]]","[""torch.float16"", ""torch.float16""]","[{""argument"": ""args[0]"", ""shape"": [4096, 5504], ""dtype"": ""torch.float16"", ""device"": ""cuda:1"", ""stride"": [5504, 1]}, {""argument"": ""args[1]"", ""shape"": [2048, 5504], ""dtype"": ""torch.float16"", ""device"": ""cuda:1"", ""stride"": [5504, 1]}]",49107,1021436,1
cloud,1,9275,prefill,2b19945777114854b82d6cd44b40f27b,optrace:9275:154,vllm.all_reduce.default,"[{""request_id"": ""c4f28400bfd54f3bbb86f843f6fb61f5"", ""position"": 0, ""query_len"": 4096}]","[[4096, 2048]]","[""torch.float16""]","[{""argument"": ""args[0]"", ""shape"": [4096, 2048], ""dtype"": ""torch.float16"", ""device"": ""cuda:1"", ""stride"": [2048, 1]}]",83137,0,0
cloud,1,9275,prefill,2b19945777114854b82d6cd44b40f27b,optrace:9275:155,pynccl.all_reduce,"[{""request_id"": ""c4f28400bfd54f3bbb86f843f6fb61f5"", ""position"": 0, ""query_len"": 4096}]","[[4096, 2048]]","[""torch.float16""]","[{""argument"": ""args[0]"", ""shape"": [4096, 2048], ""dtype"": ""torch.float16"", ""device"": ""cuda:1"", ""stride"": [2048, 1]}]",61086,1217691,1
cloud,1,9275,prefill,2b19945777114854b82d6cd44b40f27b,optrace:9275:156,aten.detach.default,"[{""request_id"": ""c4f28400bfd54f3bbb86f843f6fb61f5"", ""position"": 0, ""query_len"": 4096}]",[[2048]],"[""torch.float16""]","[{""argument"": ""args[0]"", ""shape"": [2048], ""dtype"": ""torch.float16"", ""device"": ""cuda:1"", ""stride"": [1]}]",8776,0,0
cloud,1,9275,prefill,2b19945777114854b82d6cd44b40f27b,optrace:9275:157,_C.fused_add_rms_norm.default,"[{""request_id"": ""c4f28400bfd54f3bbb86f843f6fb61f5"", ""position"": 0, ""query_len"": 4096}]","[[4096, 2048], [4096, 2048], [2048]]","[""torch.float16"", ""torch.float16"", ""torch.float16""]","[{""argument"": ""args[0]"", ""shape"": [4096, 2048], ""dtype"": ""torch.float16"", ""device"": ""cuda:1"", ""stride"": [2048, 1]}, {""argument"": ""args[1]"", ""shape"": [4096, 2048], ""dtype"": ""torch.float16"", ""device"": ""cuda:1"", ""stride"": [2048, 1]}, {""argument"": ""args[2]"", ""shape"": [2048], ""dtype"": ""torch.float16"", ""device"": ""cuda:1"", ""stride"": [1]}]",20660,138367,1
cloud,1,9275,prefill,2b19945777114854b82d6cd44b40f27b,optrace:9275:158,aten.linear.default,"[{""request_id"": ""c4f28400bfd54f3bbb86f843f6fb61f5"", ""position"": 0, ""query_len"": 4096}]","[[4096, 2048], [1280, 2048], [1280]]","[""torch.float16"", ""torch.float16"", ""torch.float16""]","[{""argument"": ""args[0]"", ""shape"": [4096, 2048], ""dtype"": ""torch.float16"", ""device"": ""cuda:1"", ""stride"": [2048, 1]}, {""argument"": ""args[1]"", ""shape"": [1280, 2048], ""dtype"": ""torch.float16"", ""device"": ""cuda:1"", ""stride"": [2048, 1]}, {""argument"": ""args[2]"", ""shape"": [1280], ""dtype"": ""torch.float16"", ""device"": ""cuda:1"", ""stride"": [1]}]",63043,311199,1
cloud,1,9275,prefill,2b19945777114854b82d6cd44b40f27b,optrace:9275:159,aten.split_with_sizes.default,"[{""request_id"": ""c4f28400bfd54f3bbb86f843f6fb61f5"", ""position"": 0, ""query_len"": 4096}]","[[4096, 1280]]","[""torch.float16""]","[{""argument"": ""args[0]"", ""shape"": [4096, 1280], ""dtype"": ""torch.float16"", ""device"": ""cuda:1"", ""stride"": [1280, 1]}]",14729,0,0
cloud,1,9275,prefill,2b19945777114854b82d6cd44b40f27b,optrace:9275:160,_C.rotary_embedding.default,"[{""request_id"": ""c4f28400bfd54f3bbb86f843f6fb61f5"", ""position"": 0, ""query_len"": 4096}]","[[4096], [4096, 1024], [4096, 128], [32768, 128]]","[""torch.int64"", ""torch.float16"", ""torch.float16"", ""torch.float16""]","[{""argument"": ""args[0]"", ""shape"": [4096], ""dtype"": ""torch.int64"", ""device"": ""cuda:1"", ""stride"": [1]}, {""argument"": ""args[1]"", ""shape"": [4096, 1024], ""dtype"": ""torch.float16"", ""device"": ""cuda:1"", ""stride"": [1280, 1]}, {""argument"": ""args[2]"", ""shape"": [4096, 128], ""dtype"": ""torch.float16"", ""device"": ""cuda:1"", ""stride"": [1280, 1]}, {""argument"": ""args[4]"", ""shape"": [32768, 128], ""dtype"": ""torch.float16"", ""device"": ""cuda:1"", ""stride"": [128, 1]}]",24171,48544,1
cloud,1,9275,prefill,2b19945777114854b82d6cd44b40f27b,optrace:9275:161,aten.zeros.default,"[{""request_id"": ""c4f28400bfd54f3bbb86f843f6fb61f5"", ""position"": 0, ""query_len"": 4096}]",[],[],[],39547,18016,1
cloud,1,9275,prefill,2b19945777114854b82d6cd44b40f27b,optrace:9275:162,aten.view.default,"[{""request_id"": ""c4f28400bfd54f3bbb86f843f6fb61f5"", ""position"": 0, ""query_len"": 4096}]","[[4096, 1024]]","[""torch.float16""]","[{""argument"": ""args[0]"", ""shape"": [4096, 1024], ""dtype"": ""torch.float16"", ""device"": ""cuda:1"", ""stride"": [1280, 1]}]",8867,0,0
cloud,1,9275,prefill,2b19945777114854b82d6cd44b40f27b,optrace:9275:163,aten.view.default,"[{""request_id"": ""c4f28400bfd54f3bbb86f843f6fb61f5"", ""position"": 0, ""query_len"": 4096}]","[[4096, 1024]]","[""torch.float16""]","[{""argument"": ""args[0]"", ""shape"": [4096, 1024], ""dtype"": ""torch.float16"", ""device"": ""cuda:1"", ""stride"": [1024, 1]}]",5645,0,0
cloud,1,9275,prefill,2b19945777114854b82d6cd44b40f27b,optrace:9275:164,aten.view.default,"[{""request_id"": ""c4f28400bfd54f3bbb86f843f6fb61f5"", ""position"": 0, ""query_len"": 4096}]","[[4096, 128]]","[""torch.float16""]","[{""argument"": ""args[0]"", ""shape"": [4096, 128], ""dtype"": ""torch.float16"", ""device"": ""cuda:1"", ""stride"": [1280, 1]}]",5327,0,0
cloud,1,9275,prefill,2b19945777114854b82d6cd44b40f27b,optrace:9275:165,aten.view.default,"[{""request_id"": ""c4f28400bfd54f3bbb86f843f6fb61f5"", ""position"": 0, ""query_len"": 4096}]","[[4096, 128]]","[""torch.float16""]","[{""argument"": ""args[0]"", ""shape"": [4096, 128], ""dtype"": ""torch.float16"", ""device"": ""cuda:1"", ""stride"": [1280, 1]}]",7593,0,0
cloud,1,9275,prefill,2b19945777114854b82d6cd44b40f27b,optrace:9275:166,vllm.unified_attention_with_output.default,"[{""request_id"": ""c4f28400bfd54f3bbb86f843f6fb61f5"", ""position"": 0, ""query_len"": 4096}]","[[4096, 8, 128], [4096, 1, 128], [4096, 1, 128], [4096, 8, 128]]","[""torch.float16"", ""torch.float16"", ""torch.float16"", ""torch.float16""]","[{""argument"": ""args[0]"", ""shape"": [4096, 8, 128], ""dtype"": ""torch.float16"", ""device"": ""cuda:1"", ""stride"": [1280, 128, 1]}, {""argument"": ""args[1]"", ""shape"": [4096, 1, 128], ""dtype"": ""torch.float16"", ""device"": ""cuda:1"", ""stride"": [1280, 128, 1]}, {""argument"": ""args[2]"", ""shape"": [4096, 1, 128], ""dtype"": ""torch.float16"", ""device"": ""cuda:1"", ""stride"": [1280, 128, 1]}, {""argument"": ""args[3]"", ""shape"": [4096, 8, 128], ""dtype"": ""torch.float16"", ""device"": ""cuda:1"", ""stride"": [1024, 128, 1]}]",169651,562525,2
cloud,1,9275,prefill,2b19945777114854b82d6cd44b40f27b,optrace:9275:167,aten.view.default,"[{""request_id"": ""c4f28400bfd54f3bbb86f843f6fb61f5"", ""position"": 0, ""query_len"": 4096}]","[[4096, 8, 128]]","[""torch.float16""]","[{""argument"": ""args[0]"", ""shape"": [4096, 8, 128], ""dtype"": ""torch.float16"", ""device"": ""cuda:1"", ""stride"": [1024, 128, 1]}]",8269,0,0
cloud,1,9275,prefill,2b19945777114854b82d6cd44b40f27b,optrace:9275:168,aten.linear.default,"[{""request_id"": ""c4f28400bfd54f3bbb86f843f6fb61f5"", ""position"": 0, ""query_len"": 4096}]","[[4096, 1024], [2048, 1024]]","[""torch.float16"", ""torch.float16""]","[{""argument"": ""args[0]"", ""shape"": [4096, 1024], ""dtype"": ""torch.float16"", ""device"": ""cuda:1"", ""stride"": [1024, 1]}, {""argument"": ""args[1]"", ""shape"": [2048, 1024], ""dtype"": ""torch.float16"", ""device"": ""cuda:1"", ""stride"": [1024, 1]}]",51398,215840,1
cloud,1,9275,prefill,2b19945777114854b82d6cd44b40f27b,optrace:9275:169,vllm.all_reduce.default,"[{""request_id"": ""c4f28400bfd54f3bbb86f843f6fb61f5"", ""position"": 0, ""query_len"": 4096}]","[[4096, 2048]]","[""torch.float16""]","[{""argument"": ""args[0]"", ""shape"": [4096, 2048], ""dtype"": ""torch.float16"", ""device"": ""cuda:1"", ""stride"": [2048, 1]}]",79099,0,0
cloud,1,9275,prefill,2b19945777114854b82d6cd44b40f27b,optrace:9275:170,pynccl.all_reduce,"[{""request_id"": ""c4f28400bfd54f3bbb86f843f6fb61f5"", ""position"": 0, ""query_len"": 4096}]","[[4096, 2048]]","[""torch.float16""]","[{""argument"": ""args[0]"", ""shape"": [4096, 2048], ""dtype"": ""torch.float16"", ""device"": ""cuda:1"", ""stride"": [2048, 1]}]",60798,1225435,1
cloud,1,9275,prefill,2b19945777114854b82d6cd44b40f27b,optrace:9275:171,aten.detach.default,"[{""request_id"": ""c4f28400bfd54f3bbb86f843f6fb61f5"", ""position"": 0, ""query_len"": 4096}]",[[2048]],"[""torch.float16""]","[{""argument"": ""args[0]"", ""shape"": [2048], ""dtype"": ""torch.float16"", ""device"": ""cuda:1"", ""stride"": [1]}]",7822,0,0
cloud,1,9275,prefill,2b19945777114854b82d6cd44b40f27b,optrace:9275:172,_C.fused_add_rms_norm.default,"[{""request_id"": ""c4f28400bfd54f3bbb86f843f6fb61f5"", ""position"": 0, ""query_len"": 4096}]","[[4096, 2048], [4096, 2048], [2048]]","[""torch.float16"", ""torch.float16"", ""torch.float16""]","[{""argument"": ""args[0]"", ""shape"": [4096, 2048], ""dtype"": ""torch.float16"", ""device"": ""cuda:1"", ""stride"": [2048, 1]}, {""argument"": ""args[1]"", ""shape"": [4096, 2048], ""dtype"": ""torch.float16"", ""device"": ""cuda:1"", ""stride"": [2048, 1]}, {""argument"": ""args[2]"", ""shape"": [2048], ""dtype"": ""torch.float16"", ""device"": ""cuda:1"", ""stride"": [1]}]",20998,140063,1
cloud,1,9275,prefill,2b19945777114854b82d6cd44b40f27b,optrace:9275:173,aten.linear.default,"[{""request_id"": ""c4f28400bfd54f3bbb86f843f6fb61f5"", ""position"": 0, ""query_len"": 4096}]","[[4096, 2048], [11008, 2048]]","[""torch.float16"", ""torch.float16""]","[{""argument"": ""args[0]"", ""shape"": [4096, 2048], ""dtype"": ""torch.float16"", ""device"": ""cuda:1"", ""stride"": [2048, 1]}, {""argument"": ""args[1]"", ""shape"": [11008, 2048], ""dtype"": ""torch.float16"", ""device"": ""cuda:1"", ""stride"": [2048, 1]}]",60928,2148664,1
cloud,1,9275,prefill,2b19945777114854b82d6cd44b40f27b,optrace:9275:174,aten.empty.memory_format,"[{""request_id"": ""c4f28400bfd54f3bbb86f843f6fb61f5"", ""position"": 0, ""query_len"": 4096}]",[],[],[],24866,0,0
cloud,1,9275,prefill,2b19945777114854b82d6cd44b40f27b,optrace:9275:175,_C.silu_and_mul.default,"[{""request_id"": ""c4f28400bfd54f3bbb86f843f6fb61f5"", ""position"": 0, ""query_len"": 4096}]","[[4096, 5504], [4096, 11008]]","[""torch.float16"", ""torch.float16""]","[{""argument"": ""args[0]"", ""shape"": [4096, 5504], ""dtype"": ""torch.float16"", ""device"": ""cuda:1"", ""stride"": [5504, 1]}, {""argument"": ""args[1]"", ""shape"": [4096, 11008], ""dtype"": ""torch.float16"", ""device"": ""cuda:1"", ""stride"": [11008, 1]}]",28758,297822,1
cloud,1,9275,prefill,2b19945777114854b82d6cd44b40f27b,optrace:9275:176,aten.linear.default,"[{""request_id"": ""c4f28400bfd54f3bbb86f843f6fb61f5"", ""position"": 0, ""query_len"": 4096}]","[[4096, 5504], [2048, 5504]]","[""torch.float16"", ""torch.float16""]","[{""argument"": ""args[0]"", ""shape"": [4096, 5504], ""dtype"": ""torch.float16"", ""device"": ""cuda:1"", ""stride"": [5504, 1]}, {""argument"": ""args[1]"", ""shape"": [2048, 5504], ""dtype"": ""torch.float16"", ""device"": ""cuda:1"", ""stride"": [5504, 1]}]",52269,1022748,1
cloud,1,9275,prefill,2b19945777114854b82d6cd44b40f27b,optrace:9275:177,vllm.all_reduce.default,"[{""request_id"": ""c4f28400bfd54f3bbb86f843f6fb61f5"", ""position"": 0, ""query_len"": 4096}]","[[4096, 2048]]","[""torch.float16""]","[{""argument"": ""args[0]"", ""shape"": [4096, 2048], ""dtype"": ""torch.float16"", ""device"": ""cuda:1"", ""stride"": [2048, 1]}]",82594,0,0
cloud,1,9275,prefill,2b19945777114854b82d6cd44b40f27b,optrace:9275:178,pynccl.all_reduce,"[{""request_id"": ""c4f28400bfd54f3bbb86f843f6fb61f5"", ""position"": 0, ""query_len"": 4096}]","[[4096, 2048]]","[""torch.float16""]","[{""argument"": ""args[0]"", ""shape"": [4096, 2048], ""dtype"": ""torch.float16"", ""device"": ""cuda:1"", ""stride"": [2048, 1]}]",60880,1202140,1
cloud,1,9275,prefill,2b19945777114854b82d6cd44b40f27b,optrace:9275:179,aten.detach.default,"[{""request_id"": ""c4f28400bfd54f3bbb86f843f6fb61f5"", ""position"": 0, ""query_len"": 4096}]",[[2048]],"[""torch.float16""]","[{""argument"": ""args[0]"", ""shape"": [2048], ""dtype"": ""torch.float16"", ""device"": ""cuda:1"", ""stride"": [1]}]",7490,0,0
cloud,1,9275,prefill,2b19945777114854b82d6cd44b40f27b,optrace:9275:180,_C.fused_add_rms_norm.default,"[{""request_id"": ""c4f28400bfd54f3bbb86f843f6fb61f5"", ""position"": 0, ""query_len"": 4096}]","[[4096, 2048], [4096, 2048], [2048]]","[""torch.float16"", ""torch.float16"", ""torch.float16""]","[{""argument"": ""args[0]"", ""shape"": [4096, 2048], ""dtype"": ""torch.float16"", ""device"": ""cuda:1"", ""stride"": [2048, 1]}, {""argument"": ""args[1]"", ""shape"": [4096, 2048], ""dtype"": ""torch.float16"", ""device"": ""cuda:1"", ""stride"": [2048, 1]}, {""argument"": ""args[2]"", ""shape"": [2048], ""dtype"": ""torch.float16"", ""device"": ""cuda:1"", ""stride"": [1]}]",19173,139071,1
cloud,1,9275,prefill,2b19945777114854b82d6cd44b40f27b,optrace:9275:181,aten.linear.default,"[{""request_id"": ""c4f28400bfd54f3bbb86f843f6fb61f5"", ""position"": 0, ""query_len"": 4096}]","[[4096, 2048], [1280, 2048], [1280]]","[""torch.float16"", ""torch.float16"", ""torch.float16""]","[{""argument"": ""args[0]"", ""shape"": [4096, 2048], ""dtype"": ""torch.float16"", ""device"": ""cuda:1"", ""stride"": [2048, 1]}, {""argument"": ""args[1]"", ""shape"": [1280, 2048], ""dtype"": ""torch.float16"", ""device"": ""cuda:1"", ""stride"": [2048, 1]}, {""argument"": ""args[2]"", ""shape"": [1280], ""dtype"": ""torch.float16"", ""device"": ""cuda:1"", ""stride"": [1]}]",60447,311519,1
cloud,1,9275,prefill,2b19945777114854b82d6cd44b40f27b,optrace:9275:182,aten.split_with_sizes.default,"[{""request_id"": ""c4f28400bfd54f3bbb86f843f6fb61f5"", ""position"": 0, ""query_len"": 4096}]","[[4096, 1280]]","[""torch.float16""]","[{""argument"": ""args[0]"", ""shape"": [4096, 1280], ""dtype"": ""torch.float16"", ""device"": ""cuda:1"", ""stride"": [1280, 1]}]",14068,0,0
cloud,1,9275,prefill,2b19945777114854b82d6cd44b40f27b,optrace:9275:183,_C.rotary_embedding.default,"[{""request_id"": ""c4f28400bfd54f3bbb86f843f6fb61f5"", ""position"": 0, ""query_len"": 4096}]","[[4096], [4096, 1024], [4096, 128], [32768, 128]]","[""torch.int64"", ""torch.float16"", ""torch.float16"", ""torch.float16""]","[{""argument"": ""args[0]"", ""shape"": [4096], ""dtype"": ""torch.int64"", ""device"": ""cuda:1"", ""stride"": [1]}, {""argument"": ""args[1]"", ""shape"": [4096, 1024], ""dtype"": ""torch.float16"", ""device"": ""cuda:1"", ""stride"": [1280, 1]}, {""argument"": ""args[2]"", ""shape"": [4096, 128], ""dtype"": ""torch.float16"", ""device"": ""cuda:1"", ""stride"": [1280, 1]}, {""argument"": ""args[4]"", ""shape"": [32768, 128], ""dtype"": ""torch.float16"", ""device"": ""cuda:1"", ""stride"": [128, 1]}]",23743,48544,1
cloud,1,9275,prefill,2b19945777114854b82d6cd44b40f27b,optrace:9275:184,aten.zeros.default,"[{""request_id"": ""c4f28400bfd54f3bbb86f843f6fb61f5"", ""position"": 0, ""query_len"": 4096}]",[],[],[],40846,17856,1
cloud,1,9275,prefill,2b19945777114854b82d6cd44b40f27b,optrace:9275:185,aten.view.default,"[{""request_id"": ""c4f28400bfd54f3bbb86f843f6fb61f5"", ""position"": 0, ""query_len"": 4096}]","[[4096, 1024]]","[""torch.float16""]","[{""argument"": ""args[0]"", ""shape"": [4096, 1024], ""dtype"": ""torch.float16"", ""device"": ""cuda:1"", ""stride"": [1280, 1]}]",8609,0,0
cloud,1,9275,prefill,2b19945777114854b82d6cd44b40f27b,optrace:9275:186,aten.view.default,"[{""request_id"": ""c4f28400bfd54f3bbb86f843f6fb61f5"", ""position"": 0, ""query_len"": 4096}]","[[4096, 1024]]","[""torch.float16""]","[{""argument"": ""args[0]"", ""shape"": [4096, 1024], ""dtype"": ""torch.float16"", ""device"": ""cuda:1"", ""stride"": [1024, 1]}]",5668,0,0
cloud,1,9275,prefill,2b19945777114854b82d6cd44b40f27b,optrace:9275:187,aten.view.default,"[{""request_id"": ""c4f28400bfd54f3bbb86f843f6fb61f5"", ""position"": 0, ""query_len"": 4096}]","[[4096, 128]]","[""torch.float16""]","[{""argument"": ""args[0]"", ""shape"": [4096, 128], ""dtype"": ""torch.float16"", ""device"": ""cuda:1"", ""stride"": [1280, 1]}]",5171,0,0
cloud,1,9275,prefill,2b19945777114854b82d6cd44b40f27b,optrace:9275:188,aten.view.default,"[{""request_id"": ""c4f28400bfd54f3bbb86f843f6fb61f5"", ""position"": 0, ""query_len"": 4096}]","[[4096, 128]]","[""torch.float16""]","[{""argument"": ""args[0]"", ""shape"": [4096, 128], ""dtype"": ""torch.float16"", ""device"": ""cuda:1"", ""stride"": [1280, 1]}]",6962,0,0
cloud,1,9275,prefill,2b19945777114854b82d6cd44b40f27b,optrace:9275:189,vllm.unified_attention_with_output.default,"[{""request_id"": ""c4f28400bfd54f3bbb86f843f6fb61f5"", ""position"": 0, ""query_len"": 4096}]","[[4096, 8, 128], [4096, 1, 128], [4096, 1, 128], [4096, 8, 128]]","[""torch.float16"", ""torch.float16"", ""torch.float16"", ""torch.float16""]","[{""argument"": ""args[0]"", ""shape"": [4096, 8, 128], ""dtype"": ""torch.float16"", ""device"": ""cuda:1"", ""stride"": [1280, 128, 1]}, {""argument"": ""args[1]"", ""shape"": [4096, 1, 128], ""dtype"": ""torch.float16"", ""device"": ""cuda:1"", ""stride"": [1280, 128, 1]}, {""argument"": ""args[2]"", ""shape"": [4096, 1, 128], ""dtype"": ""torch.float16"", ""device"": ""cuda:1"", ""stride"": [1280, 128, 1]}, {""argument"": ""args[3]"", ""shape"": [4096, 8, 128], ""dtype"": ""torch.float16"", ""device"": ""cuda:1"", ""stride"": [1024, 128, 1]}]",184989,538813,2
cloud,1,9275,prefill,2b19945777114854b82d6cd44b40f27b,optrace:9275:190,aten.view.default,"[{""request_id"": ""c4f28400bfd54f3bbb86f843f6fb61f5"", ""position"": 0, ""query_len"": 4096}]","[[4096, 8, 128]]","[""torch.float16""]","[{""argument"": ""args[0]"", ""shape"": [4096, 8, 128], ""dtype"": ""torch.float16"", ""device"": ""cuda:1"", ""stride"": [1024, 128, 1]}]",8979,0,0
cloud,1,9275,prefill,2b19945777114854b82d6cd44b40f27b,optrace:9275:191,aten.linear.default,"[{""request_id"": ""c4f28400bfd54f3bbb86f843f6fb61f5"", ""position"": 0, ""query_len"": 4096}]","[[4096, 1024], [2048, 1024]]","[""torch.float16"", ""torch.float16""]","[{""argument"": ""args[0]"", ""shape"": [4096, 1024], ""dtype"": ""torch.float16"", ""device"": ""cuda:1"", ""stride"": [1024, 1]}, {""argument"": ""args[1]"", ""shape"": [2048, 1024], ""dtype"": ""torch.float16"", ""device"": ""cuda:1"", ""stride"": [1024, 1]}]",58830,216128,1
cloud,1,9275,prefill,2b19945777114854b82d6cd44b40f27b,optrace:9275:192,vllm.all_reduce.default,"[{""request_id"": ""c4f28400bfd54f3bbb86f843f6fb61f5"", ""position"": 0, ""query_len"": 4096}]","[[4096, 2048]]","[""torch.float16""]","[{""argument"": ""args[0]"", ""shape"": [4096, 2048], ""dtype"": ""torch.float16"", ""device"": ""cuda:1"", ""stride"": [2048, 1]}]",89681,0,0
cloud,1,9275,prefill,2b19945777114854b82d6cd44b40f27b,optrace:9275:193,pynccl.all_reduce,"[{""request_id"": ""c4f28400bfd54f3bbb86f843f6fb61f5"", ""position"": 0, ""query_len"": 4096}]","[[4096, 2048]]","[""torch.float16""]","[{""argument"": ""args[0]"", ""shape"": [4096, 2048], ""dtype"": ""torch.float16"", ""device"": ""cuda:1"", ""stride"": [2048, 1]}]",67959,1235259,1
cloud,1,9275,prefill,2b19945777114854b82d6cd44b40f27b,optrace:9275:194,aten.detach.default,"[{""request_id"": ""c4f28400bfd54f3bbb86f843f6fb61f5"", ""position"": 0, ""query_len"": 4096}]",[[2048]],"[""torch.float16""]","[{""argument"": ""args[0]"", ""shape"": [2048], ""dtype"": ""torch.float16"", ""device"": ""cuda:1"", ""stride"": [1]}]",8545,0,0
cloud,1,9275,prefill,2b19945777114854b82d6cd44b40f27b,optrace:9275:195,_C.fused_add_rms_norm.default,"[{""request_id"": ""c4f28400bfd54f3bbb86f843f6fb61f5"", ""position"": 0, ""query_len"": 4096}]","[[4096, 2048], [4096, 2048], [2048]]","[""torch.float16"", ""torch.float16"", ""torch.float16""]","[{""argument"": ""args[0]"", ""shape"": [4096, 2048], ""dtype"": ""torch.float16"", ""device"": ""cuda:1"", ""stride"": [2048, 1]}, {""argument"": ""args[1]"", ""shape"": [4096, 2048], ""dtype"": ""torch.float16"", ""device"": ""cuda:1"", ""stride"": [2048, 1]}, {""argument"": ""args[2]"", ""shape"": [2048], ""dtype"": ""torch.float16"", ""device"": ""cuda:1"", ""stride"": [1]}]",20837,138463,1
cloud,1,9275,prefill,2b19945777114854b82d6cd44b40f27b,optrace:9275:196,aten.linear.default,"[{""request_id"": ""c4f28400bfd54f3bbb86f843f6fb61f5"", ""position"": 0, ""query_len"": 4096}]","[[4096, 2048], [11008, 2048]]","[""torch.float16"", ""torch.float16""]","[{""argument"": ""args[0]"", ""shape"": [4096, 2048], ""dtype"": ""torch.float16"", ""device"": ""cuda:1"", ""stride"": [2048, 1]}, {""argument"": ""args[1]"", ""shape"": [11008, 2048], ""dtype"": ""torch.float16"", ""device"": ""cuda:1"", ""stride"": [2048, 1]}]",61703,2139576,1
cloud,1,9275,prefill,2b19945777114854b82d6cd44b40f27b,optrace:9275:197,aten.empty.memory_format,"[{""request_id"": ""c4f28400bfd54f3bbb86f843f6fb61f5"", ""position"": 0, ""query_len"": 4096}]",[],[],[],23285,0,0
cloud,1,9275,prefill,2b19945777114854b82d6cd44b40f27b,optrace:9275:198,_C.silu_and_mul.default,"[{""request_id"": ""c4f28400bfd54f3bbb86f843f6fb61f5"", ""position"": 0, ""query_len"": 4096}]","[[4096, 5504], [4096, 11008]]","[""torch.float16"", ""torch.float16""]","[{""argument"": ""args[0]"", ""shape"": [4096, 5504], ""dtype"": ""torch.float16"", ""device"": ""cuda:1"", ""stride"": [5504, 1]}, {""argument"": ""args[1]"", ""shape"": [4096, 11008], ""dtype"": ""torch.float16"", ""device"": ""cuda:1"", ""stride"": [11008, 1]}]",18459,297534,1
cloud,1,9275,prefill,2b19945777114854b82d6cd44b40f27b,optrace:9275:199,aten.linear.default,"[{""request_id"": ""c4f28400bfd54f3bbb86f843f6fb61f5"", ""position"": 0, ""query_len"": 4096}]","[[4096, 5504], [2048, 5504]]","[""torch.float16"", ""torch.float16""]","[{""argument"": ""args[0]"", ""shape"": [4096, 5504], ""dtype"": ""torch.float16"", ""device"": ""cuda:1"", ""stride"": [5504, 1]}, {""argument"": ""args[1]"", ""shape"": [2048, 5504], ""dtype"": ""torch.float16"", ""device"": ""cuda:1"", ""stride"": [5504, 1]}]",47307,1022812,1
cloud,1,9275,prefill,2b19945777114854b82d6cd44b40f27b,optrace:9275:200,vllm.all_reduce.default,"[{""request_id"": ""c4f28400bfd54f3bbb86f843f6fb61f5"", ""position"": 0, ""query_len"": 4096}]","[[4096, 2048]]","[""torch.float16""]","[{""argument"": ""args[0]"", ""shape"": [4096, 2048], ""dtype"": ""torch.float16"", ""device"": ""cuda:1"", ""stride"": [2048, 1]}]",78497,0,0
cloud,1,9275,prefill,2b19945777114854b82d6cd44b40f27b,optrace:9275:201,pynccl.all_reduce,"[{""request_id"": ""c4f28400bfd54f3bbb86f843f6fb61f5"", ""position"": 0, ""query_len"": 4096}]","[[4096, 2048]]","[""torch.float16""]","[{""argument"": ""args[0]"", ""shape"": [4096, 2048], ""dtype"": ""torch.float16"", ""device"": ""cuda:1"", ""stride"": [2048, 1]}]",59707,1225212,1
cloud,1,9275,prefill,2b19945777114854b82d6cd44b40f27b,optrace:9275:202,aten.detach.default,"[{""request_id"": ""c4f28400bfd54f3bbb86f843f6fb61f5"", ""position"": 0, ""query_len"": 4096}]",[[2048]],"[""torch.float16""]","[{""argument"": ""args[0]"", ""shape"": [2048], ""dtype"": ""torch.float16"", ""device"": ""cuda:1"", ""stride"": [1]}]",8357,0,0
cloud,1,9275,prefill,2b19945777114854b82d6cd44b40f27b,optrace:9275:203,_C.fused_add_rms_norm.default,"[{""request_id"": ""c4f28400bfd54f3bbb86f843f6fb61f5"", ""position"": 0, ""query_len"": 4096}]","[[4096, 2048], [4096, 2048], [2048]]","[""torch.float16"", ""torch.float16"", ""torch.float16""]","[{""argument"": ""args[0]"", ""shape"": [4096, 2048], ""dtype"": ""torch.float16"", ""device"": ""cuda:1"", ""stride"": [2048, 1]}, {""argument"": ""args[1]"", ""shape"": [4096, 2048], ""dtype"": ""torch.float16"", ""device"": ""cuda:1"", ""stride"": [2048, 1]}, {""argument"": ""args[2]"", ""shape"": [2048], ""dtype"": ""torch.float16"", ""device"": ""cuda:1"", ""stride"": [1]}]",20229,139615,1
cloud,1,9275,prefill,2b19945777114854b82d6cd44b40f27b,optrace:9275:204,aten.linear.default,"[{""request_id"": ""c4f28400bfd54f3bbb86f843f6fb61f5"", ""position"": 0, ""query_len"": 4096}]","[[4096, 2048], [1280, 2048], [1280]]","[""torch.float16"", ""torch.float16"", ""torch.float16""]","[{""argument"": ""args[0]"", ""shape"": [4096, 2048], ""dtype"": ""torch.float16"", ""device"": ""cuda:1"", ""stride"": [2048, 1]}, {""argument"": ""args[1]"", ""shape"": [1280, 2048], ""dtype"": ""torch.float16"", ""device"": ""cuda:1"", ""stride"": [2048, 1]}, {""argument"": ""args[2]"", ""shape"": [1280], ""dtype"": ""torch.float16"", ""device"": ""cuda:1"", ""stride"": [1]}]",61776,310847,1
cloud,1,9275,prefill,2b19945777114854b82d6cd44b40f27b,optrace:9275:205,aten.split_with_sizes.default,"[{""request_id"": ""c4f28400bfd54f3bbb86f843f6fb61f5"", ""position"": 0, ""query_len"": 4096}]","[[4096, 1280]]","[""torch.float16""]","[{""argument"": ""args[0]"", ""shape"": [4096, 1280], ""dtype"": ""torch.float16"", ""device"": ""cuda:1"", ""stride"": [1280, 1]}]",14752,0,0
cloud,1,9275,prefill,2b19945777114854b82d6cd44b40f27b,optrace:9275:206,_C.rotary_embedding.default,"[{""request_id"": ""c4f28400bfd54f3bbb86f843f6fb61f5"", ""position"": 0, ""query_len"": 4096}]","[[4096], [4096, 1024], [4096, 128], [32768, 128]]","[""torch.int64"", ""torch.float16"", ""torch.float16"", ""torch.float16""]","[{""argument"": ""args[0]"", ""shape"": [4096], ""dtype"": ""torch.int64"", ""device"": ""cuda:1"", ""stride"": [1]}, {""argument"": ""args[1]"", ""shape"": [4096, 1024], ""dtype"": ""torch.float16"", ""device"": ""cuda:1"", ""stride"": [1280, 1]}, {""argument"": ""args[2]"", ""shape"": [4096, 128], ""dtype"": ""torch.float16"", ""device"": ""cuda:1"", ""stride"": [1280, 1]}, {""argument"": ""args[4]"", ""shape"": [32768, 128], ""dtype"": ""torch.float16"", ""device"": ""cuda:1"", ""stride"": [128, 1]}]",25551,48544,1
cloud,1,9275,prefill,2b19945777114854b82d6cd44b40f27b,optrace:9275:207,aten.zeros.default,"[{""request_id"": ""c4f28400bfd54f3bbb86f843f6fb61f5"", ""position"": 0, ""query_len"": 4096}]",[],[],[],43121,17887,1
cloud,1,9275,prefill,2b19945777114854b82d6cd44b40f27b,optrace:9275:208,aten.view.default,"[{""request_id"": ""c4f28400bfd54f3bbb86f843f6fb61f5"", ""position"": 0, ""query_len"": 4096}]","[[4096, 1024]]","[""torch.float16""]","[{""argument"": ""args[0]"", ""shape"": [4096, 1024], ""dtype"": ""torch.float16"", ""device"": ""cuda:1"", ""stride"": [1280, 1]}]",8565,0,0
cloud,1,9275,prefill,2b19945777114854b82d6cd44b40f27b,optrace:9275:209,aten.view.default,"[{""request_id"": ""c4f28400bfd54f3bbb86f843f6fb61f5"", ""position"": 0, ""query_len"": 4096}]","[[4096, 1024]]","[""torch.float16""]","[{""argument"": ""args[0]"", ""shape"": [4096, 1024], ""dtype"": ""torch.float16"", ""device"": ""cuda:1"", ""stride"": [1024, 1]}]",5778,0,0
cloud,1,9275,prefill,2b19945777114854b82d6cd44b40f27b,optrace:9275:210,aten.view.default,"[{""request_id"": ""c4f28400bfd54f3bbb86f843f6fb61f5"", ""position"": 0, ""query_len"": 4096}]","[[4096, 128]]","[""torch.float16""]","[{""argument"": ""args[0]"", ""shape"": [4096, 128], ""dtype"": ""torch.float16"", ""device"": ""cuda:1"", ""stride"": [1280, 1]}]",5176,0,0
cloud,1,9275,prefill,2b19945777114854b82d6cd44b40f27b,optrace:9275:211,aten.view.default,"[{""request_id"": ""c4f28400bfd54f3bbb86f843f6fb61f5"", ""position"": 0, ""query_len"": 4096}]","[[4096, 128]]","[""torch.float16""]","[{""argument"": ""args[0]"", ""shape"": [4096, 128], ""dtype"": ""torch.float16"", ""device"": ""cuda:1"", ""stride"": [1280, 1]}]",9090,0,0
cloud,1,9275,prefill,2b19945777114854b82d6cd44b40f27b,optrace:9275:212,vllm.unified_attention_with_output.default,"[{""request_id"": ""c4f28400bfd54f3bbb86f843f6fb61f5"", ""position"": 0, ""query_len"": 4096}]","[[4096, 8, 128], [4096, 1, 128], [4096, 1, 128], [4096, 8, 128]]","[""torch.float16"", ""torch.float16"", ""torch.float16"", ""torch.float16""]","[{""argument"": ""args[0]"", ""shape"": [4096, 8, 128], ""dtype"": ""torch.float16"", ""device"": ""cuda:1"", ""stride"": [1280, 128, 1]}, {""argument"": ""args[1]"", ""shape"": [4096, 1, 128], ""dtype"": ""torch.float16"", ""device"": ""cuda:1"", ""stride"": [1280, 128, 1]}, {""argument"": ""args[2]"", ""shape"": [4096, 1, 128], ""dtype"": ""torch.float16"", ""device"": ""cuda:1"", ""stride"": [1280, 128, 1]}, {""argument"": ""args[3]"", ""shape"": [4096, 8, 128], ""dtype"": ""torch.float16"", ""device"": ""cuda:1"", ""stride"": [1024, 128, 1]}]",175207,567262,2
cloud,1,9275,prefill,2b19945777114854b82d6cd44b40f27b,optrace:9275:213,aten.view.default,"[{""request_id"": ""c4f28400bfd54f3bbb86f843f6fb61f5"", ""position"": 0, ""query_len"": 4096}]","[[4096, 8, 128]]","[""torch.float16""]","[{""argument"": ""args[0]"", ""shape"": [4096, 8, 128], ""dtype"": ""torch.float16"", ""device"": ""cuda:1"", ""stride"": [1024, 128, 1]}]",8690,0,0
cloud,1,9275,prefill,2b19945777114854b82d6cd44b40f27b,optrace:9275:214,aten.linear.default,"[{""request_id"": ""c4f28400bfd54f3bbb86f843f6fb61f5"", ""position"": 0, ""query_len"": 4096}]","[[4096, 1024], [2048, 1024]]","[""torch.float16"", ""torch.float16""]","[{""argument"": ""args[0]"", ""shape"": [4096, 1024], ""dtype"": ""torch.float16"", ""device"": ""cuda:1"", ""stride"": [1024, 1]}, {""argument"": ""args[1]"", ""shape"": [2048, 1024], ""dtype"": ""torch.float16"", ""device"": ""cuda:1"", ""stride"": [1024, 1]}]",52084,224639,1
cloud,1,9275,prefill,2b19945777114854b82d6cd44b40f27b,optrace:9275:215,vllm.all_reduce.default,"[{""request_id"": ""c4f28400bfd54f3bbb86f843f6fb61f5"", ""position"": 0, ""query_len"": 4096}]","[[4096, 2048]]","[""torch.float16""]","[{""argument"": ""args[0]"", ""shape"": [4096, 2048], ""dtype"": ""torch.float16"", ""device"": ""cuda:1"", ""stride"": [2048, 1]}]",82720,0,0
cloud,1,9275,prefill,2b19945777114854b82d6cd44b40f27b,optrace:9275:216,pynccl.all_reduce,"[{""request_id"": ""c4f28400bfd54f3bbb86f843f6fb61f5"", ""position"": 0, ""query_len"": 4096}]","[[4096, 2048]]","[""torch.float16""]","[{""argument"": ""args[0]"", ""shape"": [4096, 2048], ""dtype"": ""torch.float16"", ""device"": ""cuda:1"", ""stride"": [2048, 1]}]",60227,1216315,1
cloud,1,9275,prefill,2b19945777114854b82d6cd44b40f27b,optrace:9275:217,aten.detach.default,"[{""request_id"": ""c4f28400bfd54f3bbb86f843f6fb61f5"", ""position"": 0, ""query_len"": 4096}]",[[2048]],"[""torch.float16""]","[{""argument"": ""args[0]"", ""shape"": [2048], ""dtype"": ""torch.float16"", ""device"": ""cuda:1"", ""stride"": [1]}]",8230,0,0
cloud,1,9275,prefill,2b19945777114854b82d6cd44b40f27b,optrace:9275:218,_C.fused_add_rms_norm.default,"[{""request_id"": ""c4f28400bfd54f3bbb86f843f6fb61f5"", ""position"": 0, ""query_len"": 4096}]","[[4096, 2048], [4096, 2048], [2048]]","[""torch.float16"", ""torch.float16"", ""torch.float16""]","[{""argument"": ""args[0]"", ""shape"": [4096, 2048], ""dtype"": ""torch.float16"", ""device"": ""cuda:1"", ""stride"": [2048, 1]}, {""argument"": ""args[1]"", ""shape"": [4096, 2048], ""dtype"": ""torch.float16"", ""device"": ""cuda:1"", ""stride"": [2048, 1]}, {""argument"": ""args[2]"", ""shape"": [2048], ""dtype"": ""torch.float16"", ""device"": ""cuda:1"", ""stride"": [1]}]",20318,138592,1
cloud,1,9275,prefill,2b19945777114854b82d6cd44b40f27b,optrace:9275:219,aten.linear.default,"[{""request_id"": ""c4f28400bfd54f3bbb86f843f6fb61f5"", ""position"": 0, ""query_len"": 4096}]","[[4096, 2048], [11008, 2048]]","[""torch.float16"", ""torch.float16""]","[{""argument"": ""args[0]"", ""shape"": [4096, 2048], ""dtype"": ""torch.float16"", ""device"": ""cuda:1"", ""stride"": [2048, 1]}, {""argument"": ""args[1]"", ""shape"": [11008, 2048], ""dtype"": ""torch.float16"", ""device"": ""cuda:1"", ""stride"": [2048, 1]}]",62085,2210679,1
cloud,1,9275,prefill,2b19945777114854b82d6cd44b40f27b,optrace:9275:220,aten.empty.memory_format,"[{""request_id"": ""c4f28400bfd54f3bbb86f843f6fb61f5"", ""position"": 0, ""query_len"": 4096}]",[],[],[],48815,0,0
cloud,1,9275,prefill,2b19945777114854b82d6cd44b40f27b,optrace:9275:221,_C.silu_and_mul.default,"[{""request_id"": ""c4f28400bfd54f3bbb86f843f6fb61f5"", ""position"": 0, ""query_len"": 4096}]","[[4096, 5504], [4096, 11008]]","[""torch.float16"", ""torch.float16""]","[{""argument"": ""args[0]"", ""shape"": [4096, 5504], ""dtype"": ""torch.float16"", ""device"": ""cuda:1"", ""stride"": [5504, 1]}, {""argument"": ""args[1]"", ""shape"": [4096, 11008], ""dtype"": ""torch.float16"", ""device"": ""cuda:1"", ""stride"": [11008, 1]}]",22258,300511,1
cloud,1,9275,prefill,2b19945777114854b82d6cd44b40f27b,optrace:9275:222,aten.linear.default,"[{""request_id"": ""c4f28400bfd54f3bbb86f843f6fb61f5"", ""position"": 0, ""query_len"": 4096}]","[[4096, 5504], [2048, 5504]]","[""torch.float16"", ""torch.float16""]","[{""argument"": ""args[0]"", ""shape"": [4096, 5504], ""dtype"": ""torch.float16"", ""device"": ""cuda:1"", ""stride"": [5504, 1]}, {""argument"": ""args[1]"", ""shape"": [2048, 5504], ""dtype"": ""torch.float16"", ""device"": ""cuda:1"", ""stride"": [5504, 1]}]",51441,1048796,1
cloud,1,9275,prefill,2b19945777114854b82d6cd44b40f27b,optrace:9275:223,vllm.all_reduce.default,"[{""request_id"": ""c4f28400bfd54f3bbb86f843f6fb61f5"", ""position"": 0, ""query_len"": 4096}]","[[4096, 2048]]","[""torch.float16""]","[{""argument"": ""args[0]"", ""shape"": [4096, 2048], ""dtype"": ""torch.float16"", ""device"": ""cuda:1"", ""stride"": [2048, 1]}]",78031,0,0
cloud,1,9275,prefill,2b19945777114854b82d6cd44b40f27b,optrace:9275:224,pynccl.all_reduce,"[{""request_id"": ""c4f28400bfd54f3bbb86f843f6fb61f5"", ""position"": 0, ""query_len"": 4096}]","[[4096, 2048]]","[""torch.float16""]","[{""argument"": ""args[0]"", ""shape"": [4096, 2048], ""dtype"": ""torch.float16"", ""device"": ""cuda:1"", ""stride"": [2048, 1]}]",59496,1210363,1
cloud,1,9275,prefill,2b19945777114854b82d6cd44b40f27b,optrace:9275:225,aten.detach.default,"[{""request_id"": ""c4f28400bfd54f3bbb86f843f6fb61f5"", ""position"": 0, ""query_len"": 4096}]",[[2048]],"[""torch.float16""]","[{""argument"": ""args[0]"", ""shape"": [2048], ""dtype"": ""torch.float16"", ""device"": ""cuda:1"", ""stride"": [1]}]",8713,0,0
cloud,1,9275,prefill,2b19945777114854b82d6cd44b40f27b,optrace:9275:226,_C.fused_add_rms_norm.default,"[{""request_id"": ""c4f28400bfd54f3bbb86f843f6fb61f5"", ""position"": 0, ""query_len"": 4096}]","[[4096, 2048], [4096, 2048], [2048]]","[""torch.float16"", ""torch.float16"", ""torch.float16""]","[{""argument"": ""args[0]"", ""shape"": [4096, 2048], ""dtype"": ""torch.float16"", ""device"": ""cuda:1"", ""stride"": [2048, 1]}, {""argument"": ""args[1]"", ""shape"": [4096, 2048], ""dtype"": ""torch.float16"", ""device"": ""cuda:1"", ""stride"": [2048, 1]}, {""argument"": ""args[2]"", ""shape"": [2048], ""dtype"": ""torch.float16"", ""device"": ""cuda:1"", ""stride"": [1]}]",20022,138815,1
cloud,1,9275,prefill,2b19945777114854b82d6cd44b40f27b,optrace:9275:227,aten.linear.default,"[{""request_id"": ""c4f28400bfd54f3bbb86f843f6fb61f5"", ""position"": 0, ""query_len"": 4096}]","[[4096, 2048], [1280, 2048], [1280]]","[""torch.float16"", ""torch.float16"", ""torch.float16""]","[{""argument"": ""args[0]"", ""shape"": [4096, 2048], ""dtype"": ""torch.float16"", ""device"": ""cuda:1"", ""stride"": [2048, 1]}, {""argument"": ""args[1]"", ""shape"": [1280, 2048], ""dtype"": ""torch.float16"", ""device"": ""cuda:1"", ""stride"": [2048, 1]}, {""argument"": ""args[2]"", ""shape"": [1280], ""dtype"": ""torch.float16"", ""device"": ""cuda:1"", ""stride"": [1]}]",60829,322175,1
cloud,1,9275,prefill,2b19945777114854b82d6cd44b40f27b,optrace:9275:228,aten.split_with_sizes.default,"[{""request_id"": ""c4f28400bfd54f3bbb86f843f6fb61f5"", ""position"": 0, ""query_len"": 4096}]","[[4096, 1280]]","[""torch.float16""]","[{""argument"": ""args[0]"", ""shape"": [4096, 1280], ""dtype"": ""torch.float16"", ""device"": ""cuda:1"", ""stride"": [1280, 1]}]",15238,0,0
cloud,1,9275,prefill,2b19945777114854b82d6cd44b40f27b,optrace:9275:229,_C.rotary_embedding.default,"[{""request_id"": ""c4f28400bfd54f3bbb86f843f6fb61f5"", ""position"": 0, ""query_len"": 4096}]","[[4096], [4096, 1024], [4096, 128], [32768, 128]]","[""torch.int64"", ""torch.float16"", ""torch.float16"", ""torch.float16""]","[{""argument"": ""args[0]"", ""shape"": [4096], ""dtype"": ""torch.int64"", ""device"": ""cuda:1"", ""stride"": [1]}, {""argument"": ""args[1]"", ""shape"": [4096, 1024], ""dtype"": ""torch.float16"", ""device"": ""cuda:1"", ""stride"": [1280, 1]}, {""argument"": ""args[2]"", ""shape"": [4096, 128], ""dtype"": ""torch.float16"", ""device"": ""cuda:1"", ""stride"": [1280, 1]}, {""argument"": ""args[4]"", ""shape"": [32768, 128], ""dtype"": ""torch.float16"", ""device"": ""cuda:1"", ""stride"": [128, 1]}]",20744,49408,1
cloud,1,9275,prefill,2b19945777114854b82d6cd44b40f27b,optrace:9275:230,aten.zeros.default,"[{""request_id"": ""c4f28400bfd54f3bbb86f843f6fb61f5"", ""position"": 0, ""query_len"": 4096}]",[],[],[],38977,18048,1
cloud,1,9275,prefill,2b19945777114854b82d6cd44b40f27b,optrace:9275:231,aten.view.default,"[{""request_id"": ""c4f28400bfd54f3bbb86f843f6fb61f5"", ""position"": 0, ""query_len"": 4096}]","[[4096, 1024]]","[""torch.float16""]","[{""argument"": ""args[0]"", ""shape"": [4096, 1024], ""dtype"": ""torch.float16"", ""device"": ""cuda:1"", ""stride"": [1280, 1]}]",8750,0,0
cloud,1,9275,prefill,2b19945777114854b82d6cd44b40f27b,optrace:9275:232,aten.view.default,"[{""request_id"": ""c4f28400bfd54f3bbb86f843f6fb61f5"", ""position"": 0, ""query_len"": 4096}]","[[4096, 1024]]","[""torch.float16""]","[{""argument"": ""args[0]"", ""shape"": [4096, 1024], ""dtype"": ""torch.float16"", ""device"": ""cuda:1"", ""stride"": [1024, 1]}]",5414,0,0
cloud,1,9275,prefill,2b19945777114854b82d6cd44b40f27b,optrace:9275:233,aten.view.default,"[{""request_id"": ""c4f28400bfd54f3bbb86f843f6fb61f5"", ""position"": 0, ""query_len"": 4096}]","[[4096, 128]]","[""torch.float16""]","[{""argument"": ""args[0]"", ""shape"": [4096, 128], ""dtype"": ""torch.float16"", ""device"": ""cuda:1"", ""stride"": [1280, 1]}]",18300,0,0
cloud,1,9275,prefill,2b19945777114854b82d6cd44b40f27b,optrace:9275:234,aten.view.default,"[{""request_id"": ""c4f28400bfd54f3bbb86f843f6fb61f5"", ""position"": 0, ""query_len"": 4096}]","[[4096, 128]]","[""torch.float16""]","[{""argument"": ""args[0]"", ""shape"": [4096, 128], ""dtype"": ""torch.float16"", ""device"": ""cuda:1"", ""stride"": [1280, 1]}]",5679,0,0
cloud,1,9275,prefill,2b19945777114854b82d6cd44b40f27b,optrace:9275:235,vllm.unified_attention_with_output.default,"[{""request_id"": ""c4f28400bfd54f3bbb86f843f6fb61f5"", ""position"": 0, ""query_len"": 4096}]","[[4096, 8, 128], [4096, 1, 128], [4096, 1, 128], [4096, 8, 128]]","[""torch.float16"", ""torch.float16"", ""torch.float16"", ""torch.float16""]","[{""argument"": ""args[0]"", ""shape"": [4096, 8, 128], ""dtype"": ""torch.float16"", ""device"": ""cuda:1"", ""stride"": [1280, 128, 1]}, {""argument"": ""args[1]"", ""shape"": [4096, 1, 128], ""dtype"": ""torch.float16"", ""device"": ""cuda:1"", ""stride"": [1280, 128, 1]}, {""argument"": ""args[2]"", ""shape"": [4096, 1, 128], ""dtype"": ""torch.float16"", ""device"": ""cuda:1"", ""stride"": [1280, 128, 1]}, {""argument"": ""args[3]"", ""shape"": [4096, 8, 128], ""dtype"": ""torch.float16"", ""device"": ""cuda:1"", ""stride"": [1024, 128, 1]}]",173749,561086,2
cloud,1,9275,prefill,2b19945777114854b82d6cd44b40f27b,optrace:9275:236,aten.view.default,"[{""request_id"": ""c4f28400bfd54f3bbb86f843f6fb61f5"", ""position"": 0, ""query_len"": 4096}]","[[4096, 8, 128]]","[""torch.float16""]","[{""argument"": ""args[0]"", ""shape"": [4096, 8, 128], ""dtype"": ""torch.float16"", ""device"": ""cuda:1"", ""stride"": [1024, 128, 1]}]",12043,0,0
cloud,1,9275,prefill,2b19945777114854b82d6cd44b40f27b,optrace:9275:237,aten.linear.default,"[{""request_id"": ""c4f28400bfd54f3bbb86f843f6fb61f5"", ""position"": 0, ""query_len"": 4096}]","[[4096, 1024], [2048, 1024]]","[""torch.float16"", ""torch.float16""]","[{""argument"": ""args[0]"", ""shape"": [4096, 1024], ""dtype"": ""torch.float16"", ""device"": ""cuda:1"", ""stride"": [1024, 1]}, {""argument"": ""args[1]"", ""shape"": [2048, 1024], ""dtype"": ""torch.float16"", ""device"": ""cuda:1"", ""stride"": [1024, 1]}]",55055,224863,1
cloud,1,9275,prefill,2b19945777114854b82d6cd44b40f27b,optrace:9275:238,vllm.all_reduce.default,"[{""request_id"": ""c4f28400bfd54f3bbb86f843f6fb61f5"", ""position"": 0, ""query_len"": 4096}]","[[4096, 2048]]","[""torch.float16""]","[{""argument"": ""args[0]"", ""shape"": [4096, 2048], ""dtype"": ""torch.float16"", ""device"": ""cuda:1"", ""stride"": [2048, 1]}]",83551,0,0
cloud,1,9275,prefill,2b19945777114854b82d6cd44b40f27b,optrace:9275:239,pynccl.all_reduce,"[{""request_id"": ""c4f28400bfd54f3bbb86f843f6fb61f5"", ""position"": 0, ""query_len"": 4096}]","[[4096, 2048]]","[""torch.float16""]","[{""argument"": ""args[0]"", ""shape"": [4096, 2048], ""dtype"": ""torch.float16"", ""device"": ""cuda:1"", ""stride"": [2048, 1]}]",60639,1228411,1
cloud,1,9275,prefill,2b19945777114854b82d6cd44b40f27b,optrace:9275:240,aten.detach.default,"[{""request_id"": ""c4f28400bfd54f3bbb86f843f6fb61f5"", ""position"": 0, ""query_len"": 4096}]",[[2048]],"[""torch.float16""]","[{""argument"": ""args[0]"", ""shape"": [2048], ""dtype"": ""torch.float16"", ""device"": ""cuda:1"", ""stride"": [1]}]",10354,0,0
cloud,1,9275,prefill,2b19945777114854b82d6cd44b40f27b,optrace:9275:241,_C.fused_add_rms_norm.default,"[{""request_id"": ""c4f28400bfd54f3bbb86f843f6fb61f5"", ""position"": 0, ""query_len"": 4096}]","[[4096, 2048], [4096, 2048], [2048]]","[""torch.float16"", ""torch.float16"", ""torch.float16""]","[{""argument"": ""args[0]"", ""shape"": [4096, 2048], ""dtype"": ""torch.float16"", ""device"": ""cuda:1"", ""stride"": [2048, 1]}, {""argument"": ""args[1]"", ""shape"": [4096, 2048], ""dtype"": ""torch.float16"", ""device"": ""cuda:1"", ""stride"": [2048, 1]}, {""argument"": ""args[2]"", ""shape"": [2048], ""dtype"": ""torch.float16"", ""device"": ""cuda:1"", ""stride"": [1]}]",19727,139615,1
cloud,1,9275,prefill,2b19945777114854b82d6cd44b40f27b,optrace:9275:242,aten.linear.default,"[{""request_id"": ""c4f28400bfd54f3bbb86f843f6fb61f5"", ""position"": 0, ""query_len"": 4096}]","[[4096, 2048], [11008, 2048]]","[""torch.float16"", ""torch.float16""]","[{""argument"": ""args[0]"", ""shape"": [4096, 2048], ""dtype"": ""torch.float16"", ""device"": ""cuda:1"", ""stride"": [2048, 1]}, {""argument"": ""args[1]"", ""shape"": [11008, 2048], ""dtype"": ""torch.float16"", ""device"": ""cuda:1"", ""stride"": [2048, 1]}]",59686,2220216,1
cloud,1,9275,prefill,2b19945777114854b82d6cd44b40f27b,optrace:9275:243,aten.empty.memory_format,"[{""request_id"": ""c4f28400bfd54f3bbb86f843f6fb61f5"", ""position"": 0, ""query_len"": 4096}]",[],[],[],21949,0,0
cloud,1,9275,prefill,2b19945777114854b82d6cd44b40f27b,optrace:9275:244,_C.silu_and_mul.default,"[{""request_id"": ""c4f28400bfd54f3bbb86f843f6fb61f5"", ""position"": 0, ""query_len"": 4096}]","[[4096, 5504], [4096, 11008]]","[""torch.float16"", ""torch.float16""]","[{""argument"": ""args[0]"", ""shape"": [4096, 5504], ""dtype"": ""torch.float16"", ""device"": ""cuda:1"", ""stride"": [5504, 1]}, {""argument"": ""args[1]"", ""shape"": [4096, 11008], ""dtype"": ""torch.float16"", ""device"": ""cuda:1"", ""stride"": [11008, 1]}]",16675,299518,1
cloud,1,9275,prefill,2b19945777114854b82d6cd44b40f27b,optrace:9275:245,aten.linear.default,"[{""request_id"": ""c4f28400bfd54f3bbb86f843f6fb61f5"", ""position"": 0, ""query_len"": 4096}]","[[4096, 5504], [2048, 5504]]","[""torch.float16"", ""torch.float16""]","[{""argument"": ""args[0]"", ""shape"": [4096, 5504], ""dtype"": ""torch.float16"", ""device"": ""cuda:1"", ""stride"": [5504, 1]}, {""argument"": ""args[1]"", ""shape"": [2048, 5504], ""dtype"": ""torch.float16"", ""device"": ""cuda:1"", ""stride"": [5504, 1]}]",51577,1047900,1
cloud,1,9275,prefill,2b19945777114854b82d6cd44b40f27b,optrace:9275:246,vllm.all_reduce.default,"[{""request_id"": ""c4f28400bfd54f3bbb86f843f6fb61f5"", ""position"": 0, ""query_len"": 4096}]","[[4096, 2048]]","[""torch.float16""]","[{""argument"": ""args[0]"", ""shape"": [4096, 2048], ""dtype"": ""torch.float16"", ""device"": ""cuda:1"", ""stride"": [2048, 1]}]",80771,0,0
cloud,1,9275,prefill,2b19945777114854b82d6cd44b40f27b,optrace:9275:247,pynccl.all_reduce,"[{""request_id"": ""c4f28400bfd54f3bbb86f843f6fb61f5"", ""position"": 0, ""query_len"": 4096}]","[[4096, 2048]]","[""torch.float16""]","[{""argument"": ""args[0]"", ""shape"": [4096, 2048], ""dtype"": ""torch.float16"", ""device"": ""cuda:1"", ""stride"": [2048, 1]}]",58550,1219291,1
cloud,1,9275,prefill,2b19945777114854b82d6cd44b40f27b,optrace:9275:248,aten.detach.default,"[{""request_id"": ""c4f28400bfd54f3bbb86f843f6fb61f5"", ""position"": 0, ""query_len"": 4096}]",[[2048]],"[""torch.float16""]","[{""argument"": ""args[0]"", ""shape"": [2048], ""dtype"": ""torch.float16"", ""device"": ""cuda:1"", ""stride"": [1]}]",7901,0,0
cloud,1,9275,prefill,2b19945777114854b82d6cd44b40f27b,optrace:9275:249,_C.fused_add_rms_norm.default,"[{""request_id"": ""c4f28400bfd54f3bbb86f843f6fb61f5"", ""position"": 0, ""query_len"": 4096}]","[[4096, 2048], [4096, 2048], [2048]]","[""torch.float16"", ""torch.float16"", ""torch.float16""]","[{""argument"": ""args[0]"", ""shape"": [4096, 2048], ""dtype"": ""torch.float16"", ""device"": ""cuda:1"", ""stride"": [2048, 1]}, {""argument"": ""args[1]"", ""shape"": [4096, 2048], ""dtype"": ""torch.float16"", ""device"": ""cuda:1"", ""stride"": [2048, 1]}, {""argument"": ""args[2]"", ""shape"": [2048], ""dtype"": ""torch.float16"", ""device"": ""cuda:1"", ""stride"": [1]}]",23193,139232,1
cloud,1,9275,prefill,2b19945777114854b82d6cd44b40f27b,optrace:9275:250,aten.linear.default,"[{""request_id"": ""c4f28400bfd54f3bbb86f843f6fb61f5"", ""position"": 0, ""query_len"": 4096}]","[[4096, 2048], [1280, 2048], [1280]]","[""torch.float16"", ""torch.float16"", ""torch.float16""]","[{""argument"": ""args[0]"", ""shape"": [4096, 2048], ""dtype"": ""torch.float16"", ""device"": ""cuda:1"", ""stride"": [2048, 1]}, {""argument"": ""args[1]"", ""shape"": [1280, 2048], ""dtype"": ""torch.float16"", ""device"": ""cuda:1"", ""stride"": [2048, 1]}, {""argument"": ""args[2]"", ""shape"": [1280], ""dtype"": ""torch.float16"", ""device"": ""cuda:1"", ""stride"": [1]}]",62187,320703,1
cloud,1,9275,prefill,2b19945777114854b82d6cd44b40f27b,optrace:9275:251,aten.split_with_sizes.default,"[{""request_id"": ""c4f28400bfd54f3bbb86f843f6fb61f5"", ""position"": 0, ""query_len"": 4096}]","[[4096, 1280]]","[""torch.float16""]","[{""argument"": ""args[0]"", ""shape"": [4096, 1280], ""dtype"": ""torch.float16"", ""device"": ""cuda:1"", ""stride"": [1280, 1]}]",18692,0,0
cloud,1,9275,prefill,2b19945777114854b82d6cd44b40f27b,optrace:9275:252,_C.rotary_embedding.default,"[{""request_id"": ""c4f28400bfd54f3bbb86f843f6fb61f5"", ""position"": 0, ""query_len"": 4096}]","[[4096], [4096, 1024], [4096, 128], [32768, 128]]","[""torch.int64"", ""torch.float16"", ""torch.float16"", ""torch.float16""]","[{""argument"": ""args[0]"", ""shape"": [4096], ""dtype"": ""torch.int64"", ""device"": ""cuda:1"", ""stride"": [1]}, {""argument"": ""args[1]"", ""shape"": [4096, 1024], ""dtype"": ""torch.float16"", ""device"": ""cuda:1"", ""stride"": [1280, 1]}, {""argument"": ""args[2]"", ""shape"": [4096, 128], ""dtype"": ""torch.float16"", ""device"": ""cuda:1"", ""stride"": [1280, 1]}, {""argument"": ""args[4]"", ""shape"": [32768, 128], ""dtype"": ""torch.float16"", ""device"": ""cuda:1"", ""stride"": [128, 1]}]",23813,50079,1
cloud,1,9275,prefill,2b19945777114854b82d6cd44b40f27b,optrace:9275:253,aten.zeros.default,"[{""request_id"": ""c4f28400bfd54f3bbb86f843f6fb61f5"", ""position"": 0, ""query_len"": 4096}]",[],[],[],39839,18016,1
cloud,1,9275,prefill,2b19945777114854b82d6cd44b40f27b,optrace:9275:254,aten.view.default,"[{""request_id"": ""c4f28400bfd54f3bbb86f843f6fb61f5"", ""position"": 0, ""query_len"": 4096}]","[[4096, 1024]]","[""torch.float16""]","[{""argument"": ""args[0]"", ""shape"": [4096, 1024], ""dtype"": ""torch.float16"", ""device"": ""cuda:1"", ""stride"": [1280, 1]}]",9164,0,0
cloud,1,9275,prefill,2b19945777114854b82d6cd44b40f27b,optrace:9275:255,aten.view.default,"[{""request_id"": ""c4f28400bfd54f3bbb86f843f6fb61f5"", ""position"": 0, ""query_len"": 4096}]","[[4096, 1024]]","[""torch.float16""]","[{""argument"": ""args[0]"", ""shape"": [4096, 1024], ""dtype"": ""torch.float16"", ""device"": ""cuda:1"", ""stride"": [1024, 1]}]",5461,0,0
cloud,1,9275,prefill,2b19945777114854b82d6cd44b40f27b,optrace:9275:256,aten.view.default,"[{""request_id"": ""c4f28400bfd54f3bbb86f843f6fb61f5"", ""position"": 0, ""query_len"": 4096}]","[[4096, 128]]","[""torch.float16""]","[{""argument"": ""args[0]"", ""shape"": [4096, 128], ""dtype"": ""torch.float16"", ""device"": ""cuda:1"", ""stride"": [1280, 1]}]",5276,0,0
cloud,1,9275,prefill,2b19945777114854b82d6cd44b40f27b,optrace:9275:257,aten.view.default,"[{""request_id"": ""c4f28400bfd54f3bbb86f843f6fb61f5"", ""position"": 0, ""query_len"": 4096}]","[[4096, 128]]","[""torch.float16""]","[{""argument"": ""args[0]"", ""shape"": [4096, 128], ""dtype"": ""torch.float16"", ""device"": ""cuda:1"", ""stride"": [1280, 1]}]",5299,0,0
cloud,1,9275,prefill,2b19945777114854b82d6cd44b40f27b,optrace:9275:258,vllm.unified_attention_with_output.default,"[{""request_id"": ""c4f28400bfd54f3bbb86f843f6fb61f5"", ""position"": 0, ""query_len"": 4096}]","[[4096, 8, 128], [4096, 1, 128], [4096, 1, 128], [4096, 8, 128]]","[""torch.float16"", ""torch.float16"", ""torch.float16"", ""torch.float16""]","[{""argument"": ""args[0]"", ""shape"": [4096, 8, 128], ""dtype"": ""torch.float16"", ""device"": ""cuda:1"", ""stride"": [1280, 128, 1]}, {""argument"": ""args[1]"", ""shape"": [4096, 1, 128], ""dtype"": ""torch.float16"", ""device"": ""cuda:1"", ""stride"": [1280, 128, 1]}, {""argument"": ""args[2]"", ""shape"": [4096, 1, 128], ""dtype"": ""torch.float16"", ""device"": ""cuda:1"", ""stride"": [1280, 128, 1]}, {""argument"": ""args[3]"", ""shape"": [4096, 8, 128], ""dtype"": ""torch.float16"", ""device"": ""cuda:1"", ""stride"": [1024, 128, 1]}]",179708,542270,2
cloud,1,9275,prefill,2b19945777114854b82d6cd44b40f27b,optrace:9275:259,aten.view.default,"[{""request_id"": ""c4f28400bfd54f3bbb86f843f6fb61f5"", ""position"": 0, ""query_len"": 4096}]","[[4096, 8, 128]]","[""torch.float16""]","[{""argument"": ""args[0]"", ""shape"": [4096, 8, 128], ""dtype"": ""torch.float16"", ""device"": ""cuda:1"", ""stride"": [1024, 128, 1]}]",8632,0,0
cloud,1,9275,prefill,2b19945777114854b82d6cd44b40f27b,optrace:9275:260,aten.linear.default,"[{""request_id"": ""c4f28400bfd54f3bbb86f843f6fb61f5"", ""position"": 0, ""query_len"": 4096}]","[[4096, 1024], [2048, 1024]]","[""torch.float16"", ""torch.float16""]","[{""argument"": ""args[0]"", ""shape"": [4096, 1024], ""dtype"": ""torch.float16"", ""device"": ""cuda:1"", ""stride"": [1024, 1]}, {""argument"": ""args[1]"", ""shape"": [2048, 1024], ""dtype"": ""torch.float16"", ""device"": ""cuda:1"", ""stride"": [1024, 1]}]",55664,224095,1
cloud,1,9275,prefill,2b19945777114854b82d6cd44b40f27b,optrace:9275:261,vllm.all_reduce.default,"[{""request_id"": ""c4f28400bfd54f3bbb86f843f6fb61f5"", ""position"": 0, ""query_len"": 4096}]","[[4096, 2048]]","[""torch.float16""]","[{""argument"": ""args[0]"", ""shape"": [4096, 2048], ""dtype"": ""torch.float16"", ""device"": ""cuda:1"", ""stride"": [2048, 1]}]",82753,0,0
cloud,1,9275,prefill,2b19945777114854b82d6cd44b40f27b,optrace:9275:262,pynccl.all_reduce,"[{""request_id"": ""c4f28400bfd54f3bbb86f843f6fb61f5"", ""position"": 0, ""query_len"": 4096}]","[[4096, 2048]]","[""torch.float16""]","[{""argument"": ""args[0]"", ""shape"": [4096, 2048], ""dtype"": ""torch.float16"", ""device"": ""cuda:1"", ""stride"": [2048, 1]}]",59918,1251003,1
cloud,1,9275,prefill,2b19945777114854b82d6cd44b40f27b,optrace:9275:263,aten.detach.default,"[{""request_id"": ""c4f28400bfd54f3bbb86f843f6fb61f5"", ""position"": 0, ""query_len"": 4096}]",[[2048]],"[""torch.float16""]","[{""argument"": ""args[0]"", ""shape"": [2048], ""dtype"": ""torch.float16"", ""device"": ""cuda:1"", ""stride"": [1]}]",8915,0,0
cloud,1,9275,prefill,2b19945777114854b82d6cd44b40f27b,optrace:9275:264,_C.fused_add_rms_norm.default,"[{""request_id"": ""c4f28400bfd54f3bbb86f843f6fb61f5"", ""position"": 0, ""query_len"": 4096}]","[[4096, 2048], [4096, 2048], [2048]]","[""torch.float16"", ""torch.float16"", ""torch.float16""]","[{""argument"": ""args[0]"", ""shape"": [4096, 2048], ""dtype"": ""torch.float16"", ""device"": ""cuda:1"", ""stride"": [2048, 1]}, {""argument"": ""args[1]"", ""shape"": [4096, 2048], ""dtype"": ""torch.float16"", ""device"": ""cuda:1"", ""stride"": [2048, 1]}, {""argument"": ""args[2]"", ""shape"": [2048], ""dtype"": ""torch.float16"", ""device"": ""cuda:1"", ""stride"": [1]}]",23732,138272,1
cloud,1,9275,prefill,2b19945777114854b82d6cd44b40f27b,optrace:9275:265,aten.linear.default,"[{""request_id"": ""c4f28400bfd54f3bbb86f843f6fb61f5"", ""position"": 0, ""query_len"": 4096}]","[[4096, 2048], [11008, 2048]]","[""torch.float16"", ""torch.float16""]","[{""argument"": ""args[0]"", ""shape"": [4096, 2048], ""dtype"": ""torch.float16"", ""device"": ""cuda:1"", ""stride"": [2048, 1]}, {""argument"": ""args[1]"", ""shape"": [11008, 2048], ""dtype"": ""torch.float16"", ""device"": ""cuda:1"", ""stride"": [2048, 1]}]",63339,2195159,1
cloud,1,9275,prefill,2b19945777114854b82d6cd44b40f27b,optrace:9275:266,aten.empty.memory_format,"[{""request_id"": ""c4f28400bfd54f3bbb86f843f6fb61f5"", ""position"": 0, ""query_len"": 4096}]",[],[],[],23079,0,0
cloud,1,9275,prefill,2b19945777114854b82d6cd44b40f27b,optrace:9275:267,_C.silu_and_mul.default,"[{""request_id"": ""c4f28400bfd54f3bbb86f843f6fb61f5"", ""position"": 0, ""query_len"": 4096}]","[[4096, 5504], [4096, 11008]]","[""torch.float16"", ""torch.float16""]","[{""argument"": ""args[0]"", ""shape"": [4096, 5504], ""dtype"": ""torch.float16"", ""device"": ""cuda:1"", ""stride"": [5504, 1]}, {""argument"": ""args[1]"", ""shape"": [4096, 11008], ""dtype"": ""torch.float16"", ""device"": ""cuda:1"", ""stride"": [11008, 1]}]",18449,299647,1
cloud,1,9275,prefill,2b19945777114854b82d6cd44b40f27b,optrace:9275:268,aten.linear.default,"[{""request_id"": ""c4f28400bfd54f3bbb86f843f6fb61f5"", ""position"": 0, ""query_len"": 4096}]","[[4096, 5504], [2048, 5504]]","[""torch.float16"", ""torch.float16""]","[{""argument"": ""args[0]"", ""shape"": [4096, 5504], ""dtype"": ""torch.float16"", ""device"": ""cuda:1"", ""stride"": [5504, 1]}, {""argument"": ""args[1]"", ""shape"": [2048, 5504], ""dtype"": ""torch.float16"", ""device"": ""cuda:1"", ""stride"": [5504, 1]}]",45894,1060764,1
cloud,1,9275,prefill,2b19945777114854b82d6cd44b40f27b,optrace:9275:269,vllm.all_reduce.default,"[{""request_id"": ""c4f28400bfd54f3bbb86f843f6fb61f5"", ""position"": 0, ""query_len"": 4096}]","[[4096, 2048]]","[""torch.float16""]","[{""argument"": ""args[0]"", ""shape"": [4096, 2048], ""dtype"": ""torch.float16"", ""device"": ""cuda:1"", ""stride"": [2048, 1]}]",87689,0,0
cloud,1,9275,prefill,2b19945777114854b82d6cd44b40f27b,optrace:9275:270,pynccl.all_reduce,"[{""request_id"": ""c4f28400bfd54f3bbb86f843f6fb61f5"", ""position"": 0, ""query_len"": 4096}]","[[4096, 2048]]","[""torch.float16""]","[{""argument"": ""args[0]"", ""shape"": [4096, 2048], ""dtype"": ""torch.float16"", ""device"": ""cuda:1"", ""stride"": [2048, 1]}]",65560,1239995,1
cloud,1,9275,prefill,2b19945777114854b82d6cd44b40f27b,optrace:9275:271,aten.detach.default,"[{""request_id"": ""c4f28400bfd54f3bbb86f843f6fb61f5"", ""position"": 0, ""query_len"": 4096}]",[[2048]],"[""torch.float16""]","[{""argument"": ""args[0]"", ""shape"": [2048], ""dtype"": ""torch.float16"", ""device"": ""cuda:1"", ""stride"": [1]}]",8011,0,0
cloud,1,9275,prefill,2b19945777114854b82d6cd44b40f27b,optrace:9275:272,_C.fused_add_rms_norm.default,"[{""request_id"": ""c4f28400bfd54f3bbb86f843f6fb61f5"", ""position"": 0, ""query_len"": 4096}]","[[4096, 2048], [4096, 2048], [2048]]","[""torch.float16"", ""torch.float16"", ""torch.float16""]","[{""argument"": ""args[0]"", ""shape"": [4096, 2048], ""dtype"": ""torch.float16"", ""device"": ""cuda:1"", ""stride"": [2048, 1]}, {""argument"": ""args[1]"", ""shape"": [4096, 2048], ""dtype"": ""torch.float16"", ""device"": ""cuda:1"", ""stride"": [2048, 1]}, {""argument"": ""args[2]"", ""shape"": [2048], ""dtype"": ""torch.float16"", ""device"": ""cuda:1"", ""stride"": [1]}]",20990,138495,1
cloud,1,9275,prefill,2b19945777114854b82d6cd44b40f27b,optrace:9275:273,aten.linear.default,"[{""request_id"": ""c4f28400bfd54f3bbb86f843f6fb61f5"", ""position"": 0, ""query_len"": 4096}]","[[4096, 2048], [1280, 2048], [1280]]","[""torch.float16"", ""torch.float16"", ""torch.float16""]","[{""argument"": ""args[0]"", ""shape"": [4096, 2048], ""dtype"": ""torch.float16"", ""device"": ""cuda:1"", ""stride"": [2048, 1]}, {""argument"": ""args[1]"", ""shape"": [1280, 2048], ""dtype"": ""torch.float16"", ""device"": ""cuda:1"", ""stride"": [2048, 1]}, {""argument"": ""args[2]"", ""shape"": [1280], ""dtype"": ""torch.float16"", ""device"": ""cuda:1"", ""stride"": [1]}]",67251,332671,1
cloud,1,9275,prefill,2b19945777114854b82d6cd44b40f27b,optrace:9275:274,aten.split_with_sizes.default,"[{""request_id"": ""c4f28400bfd54f3bbb86f843f6fb61f5"", ""position"": 0, ""query_len"": 4096}]","[[4096, 1280]]","[""torch.float16""]","[{""argument"": ""args[0]"", ""shape"": [4096, 1280], ""dtype"": ""torch.float16"", ""device"": ""cuda:1"", ""stride"": [1280, 1]}]",14392,0,0
cloud,1,9275,prefill,2b19945777114854b82d6cd44b40f27b,optrace:9275:275,_C.rotary_embedding.default,"[{""request_id"": ""c4f28400bfd54f3bbb86f843f6fb61f5"", ""position"": 0, ""query_len"": 4096}]","[[4096], [4096, 1024], [4096, 128], [32768, 128]]","[""torch.int64"", ""torch.float16"", ""torch.float16"", ""torch.float16""]","[{""argument"": ""args[0]"", ""shape"": [4096], ""dtype"": ""torch.int64"", ""device"": ""cuda:1"", ""stride"": [1]}, {""argument"": ""args[1]"", ""shape"": [4096, 1024], ""dtype"": ""torch.float16"", ""device"": ""cuda:1"", ""stride"": [1280, 1]}, {""argument"": ""args[2]"", ""shape"": [4096, 128], ""dtype"": ""torch.float16"", ""device"": ""cuda:1"", ""stride"": [1280, 1]}, {""argument"": ""args[4]"", ""shape"": [32768, 128], ""dtype"": ""torch.float16"", ""device"": ""cuda:1"", ""stride"": [128, 1]}]",20418,50656,1
cloud,1,9275,prefill,2b19945777114854b82d6cd44b40f27b,optrace:9275:276,aten.zeros.default,"[{""request_id"": ""c4f28400bfd54f3bbb86f843f6fb61f5"", ""position"": 0, ""query_len"": 4096}]",[],[],[],38730,18048,1
cloud,1,9275,prefill,2b19945777114854b82d6cd44b40f27b,optrace:9275:277,aten.view.default,"[{""request_id"": ""c4f28400bfd54f3bbb86f843f6fb61f5"", ""position"": 0, ""query_len"": 4096}]","[[4096, 1024]]","[""torch.float16""]","[{""argument"": ""args[0]"", ""shape"": [4096, 1024], ""dtype"": ""torch.float16"", ""device"": ""cuda:1"", ""stride"": [1280, 1]}]",8563,0,0
cloud,1,9275,prefill,2b19945777114854b82d6cd44b40f27b,optrace:9275:278,aten.view.default,"[{""request_id"": ""c4f28400bfd54f3bbb86f843f6fb61f5"", ""position"": 0, ""query_len"": 4096}]","[[4096, 1024]]","[""torch.float16""]","[{""argument"": ""args[0]"", ""shape"": [4096, 1024], ""dtype"": ""torch.float16"", ""device"": ""cuda:1"", ""stride"": [1024, 1]}]",8328,0,0
cloud,1,9275,prefill,2b19945777114854b82d6cd44b40f27b,optrace:9275:279,aten.view.default,"[{""request_id"": ""c4f28400bfd54f3bbb86f843f6fb61f5"", ""position"": 0, ""query_len"": 4096}]","[[4096, 128]]","[""torch.float16""]","[{""argument"": ""args[0]"", ""shape"": [4096, 128], ""dtype"": ""torch.float16"", ""device"": ""cuda:1"", ""stride"": [1280, 1]}]",6114,0,0
cloud,1,9275,prefill,2b19945777114854b82d6cd44b40f27b,optrace:9275:280,aten.view.default,"[{""request_id"": ""c4f28400bfd54f3bbb86f843f6fb61f5"", ""position"": 0, ""query_len"": 4096}]","[[4096, 128]]","[""torch.float16""]","[{""argument"": ""args[0]"", ""shape"": [4096, 128], ""dtype"": ""torch.float16"", ""device"": ""cuda:1"", ""stride"": [1280, 1]}]",5116,0,0
cloud,1,9275,prefill,2b19945777114854b82d6cd44b40f27b,optrace:9275:281,vllm.unified_attention_with_output.default,"[{""request_id"": ""c4f28400bfd54f3bbb86f843f6fb61f5"", ""position"": 0, ""query_len"": 4096}]","[[4096, 8, 128], [4096, 1, 128], [4096, 1, 128], [4096, 8, 128]]","[""torch.float16"", ""torch.float16"", ""torch.float16"", ""torch.float16""]","[{""argument"": ""args[0]"", ""shape"": [4096, 8, 128], ""dtype"": ""torch.float16"", ""device"": ""cuda:1"", ""stride"": [1280, 128, 1]}, {""argument"": ""args[1]"", ""shape"": [4096, 1, 128], ""dtype"": ""torch.float16"", ""device"": ""cuda:1"", ""stride"": [1280, 128, 1]}, {""argument"": ""args[2]"", ""shape"": [4096, 1, 128], ""dtype"": ""torch.float16"", ""device"": ""cuda:1"", ""stride"": [1280, 128, 1]}, {""argument"": ""args[3]"", ""shape"": [4096, 8, 128], ""dtype"": ""torch.float16"", ""device"": ""cuda:1"", ""stride"": [1024, 128, 1]}]",187541,560349,2
cloud,1,9275,prefill,2b19945777114854b82d6cd44b40f27b,optrace:9275:282,aten.view.default,"[{""request_id"": ""c4f28400bfd54f3bbb86f843f6fb61f5"", ""position"": 0, ""query_len"": 4096}]","[[4096, 8, 128]]","[""torch.float16""]","[{""argument"": ""args[0]"", ""shape"": [4096, 8, 128], ""dtype"": ""torch.float16"", ""device"": ""cuda:1"", ""stride"": [1024, 128, 1]}]",10149,0,0
cloud,1,9275,prefill,2b19945777114854b82d6cd44b40f27b,optrace:9275:283,aten.linear.default,"[{""request_id"": ""c4f28400bfd54f3bbb86f843f6fb61f5"", ""position"": 0, ""query_len"": 4096}]","[[4096, 1024], [2048, 1024]]","[""torch.float16"", ""torch.float16""]","[{""argument"": ""args[0]"", ""shape"": [4096, 1024], ""dtype"": ""torch.float16"", ""device"": ""cuda:1"", ""stride"": [1024, 1]}, {""argument"": ""args[1]"", ""shape"": [2048, 1024], ""dtype"": ""torch.float16"", ""device"": ""cuda:1"", ""stride"": [1024, 1]}]",55749,233887,1
cloud,1,9275,prefill,2b19945777114854b82d6cd44b40f27b,optrace:9275:284,vllm.all_reduce.default,"[{""request_id"": ""c4f28400bfd54f3bbb86f843f6fb61f5"", ""position"": 0, ""query_len"": 4096}]","[[4096, 2048]]","[""torch.float16""]","[{""argument"": ""args[0]"", ""shape"": [4096, 2048], ""dtype"": ""torch.float16"", ""device"": ""cuda:1"", ""stride"": [2048, 1]}]",80987,0,0
cloud,1,9275,prefill,2b19945777114854b82d6cd44b40f27b,optrace:9275:285,pynccl.all_reduce,"[{""request_id"": ""c4f28400bfd54f3bbb86f843f6fb61f5"", ""position"": 0, ""query_len"": 4096}]","[[4096, 2048]]","[""torch.float16""]","[{""argument"": ""args[0]"", ""shape"": [4096, 2048], ""dtype"": ""torch.float16"", ""device"": ""cuda:1"", ""stride"": [2048, 1]}]",62416,1247067,1
cloud,1,9275,prefill,2b19945777114854b82d6cd44b40f27b,optrace:9275:286,aten.detach.default,"[{""request_id"": ""c4f28400bfd54f3bbb86f843f6fb61f5"", ""position"": 0, ""query_len"": 4096}]",[[2048]],"[""torch.float16""]","[{""argument"": ""args[0]"", ""shape"": [2048], ""dtype"": ""torch.float16"", ""device"": ""cuda:1"", ""stride"": [1]}]",7427,0,0
cloud,1,9275,prefill,2b19945777114854b82d6cd44b40f27b,optrace:9275:287,_C.fused_add_rms_norm.default,"[{""request_id"": ""c4f28400bfd54f3bbb86f843f6fb61f5"", ""position"": 0, ""query_len"": 4096}]","[[4096, 2048], [4096, 2048], [2048]]","[""torch.float16"", ""torch.float16"", ""torch.float16""]","[{""argument"": ""args[0]"", ""shape"": [4096, 2048], ""dtype"": ""torch.float16"", ""device"": ""cuda:1"", ""stride"": [2048, 1]}, {""argument"": ""args[1]"", ""shape"": [4096, 2048], ""dtype"": ""torch.float16"", ""device"": ""cuda:1"", ""stride"": [2048, 1]}, {""argument"": ""args[2]"", ""shape"": [2048], ""dtype"": ""torch.float16"", ""device"": ""cuda:1"", ""stride"": [1]}]",19439,138560,1
cloud,1,9275,prefill,2b19945777114854b82d6cd44b40f27b,optrace:9275:288,aten.linear.default,"[{""request_id"": ""c4f28400bfd54f3bbb86f843f6fb61f5"", ""position"": 0, ""query_len"": 4096}]","[[4096, 2048], [11008, 2048]]","[""torch.float16"", ""torch.float16""]","[{""argument"": ""args[0]"", ""shape"": [4096, 2048], ""dtype"": ""torch.float16"", ""device"": ""cuda:1"", ""stride"": [2048, 1]}, {""argument"": ""args[1]"", ""shape"": [11008, 2048], ""dtype"": ""torch.float16"", ""device"": ""cuda:1"", ""stride"": [2048, 1]}]",65836,2301655,1
cloud,1,9275,prefill,2b19945777114854b82d6cd44b40f27b,optrace:9275:289,aten.empty.memory_format,"[{""request_id"": ""c4f28400bfd54f3bbb86f843f6fb61f5"", ""position"": 0, ""query_len"": 4096}]",[],[],[],24522,0,0
cloud,1,9275,prefill,2b19945777114854b82d6cd44b40f27b,optrace:9275:290,_C.silu_and_mul.default,"[{""request_id"": ""c4f28400bfd54f3bbb86f843f6fb61f5"", ""position"": 0, ""query_len"": 4096}]","[[4096, 5504], [4096, 11008]]","[""torch.float16"", ""torch.float16""]","[{""argument"": ""args[0]"", ""shape"": [4096, 5504], ""dtype"": ""torch.float16"", ""device"": ""cuda:1"", ""stride"": [5504, 1]}, {""argument"": ""args[1]"", ""shape"": [4096, 11008], ""dtype"": ""torch.float16"", ""device"": ""cuda:1"", ""stride"": [11008, 1]}]",18217,305951,1
cloud,1,9275,prefill,2b19945777114854b82d6cd44b40f27b,optrace:9275:291,aten.linear.default,"[{""request_id"": ""c4f28400bfd54f3bbb86f843f6fb61f5"", ""position"": 0, ""query_len"": 4096}]","[[4096, 5504], [2048, 5504]]","[""torch.float16"", ""torch.float16""]","[{""argument"": ""args[0]"", ""shape"": [4096, 5504], ""dtype"": ""torch.float16"", ""device"": ""cuda:1"", ""stride"": [5504, 1]}, {""argument"": ""args[1]"", ""shape"": [2048, 5504], ""dtype"": ""torch.float16"", ""device"": ""cuda:1"", ""stride"": [5504, 1]}]",46943,1091963,1
cloud,1,9275,prefill,2b19945777114854b82d6cd44b40f27b,optrace:9275:292,vllm.all_reduce.default,"[{""request_id"": ""c4f28400bfd54f3bbb86f843f6fb61f5"", ""position"": 0, ""query_len"": 4096}]","[[4096, 2048]]","[""torch.float16""]","[{""argument"": ""args[0]"", ""shape"": [4096, 2048], ""dtype"": ""torch.float16"", ""device"": ""cuda:1"", ""stride"": [2048, 1]}]",91462,0,0
cloud,1,9275,prefill,2b19945777114854b82d6cd44b40f27b,optrace:9275:293,pynccl.all_reduce,"[{""request_id"": ""c4f28400bfd54f3bbb86f843f6fb61f5"", ""position"": 0, ""query_len"": 4096}]","[[4096, 2048]]","[""torch.float16""]","[{""argument"": ""args[0]"", ""shape"": [4096, 2048], ""dtype"": ""torch.float16"", ""device"": ""cuda:1"", ""stride"": [2048, 1]}]",59285,1239483,1
cloud,1,9275,prefill,2b19945777114854b82d6cd44b40f27b,optrace:9275:294,aten.detach.default,"[{""request_id"": ""c4f28400bfd54f3bbb86f843f6fb61f5"", ""position"": 0, ""query_len"": 4096}]",[[2048]],"[""torch.float16""]","[{""argument"": ""args[0]"", ""shape"": [2048], ""dtype"": ""torch.float16"", ""device"": ""cuda:1"", ""stride"": [1]}]",7812,0,0
cloud,1,9275,prefill,2b19945777114854b82d6cd44b40f27b,optrace:9275:295,_C.fused_add_rms_norm.default,"[{""request_id"": ""c4f28400bfd54f3bbb86f843f6fb61f5"", ""position"": 0, ""query_len"": 4096}]","[[4096, 2048], [4096, 2048], [2048]]","[""torch.float16"", ""torch.float16"", ""torch.float16""]","[{""argument"": ""args[0]"", ""shape"": [4096, 2048], ""dtype"": ""torch.float16"", ""device"": ""cuda:1"", ""stride"": [2048, 1]}, {""argument"": ""args[1]"", ""shape"": [4096, 2048], ""dtype"": ""torch.float16"", ""device"": ""cuda:1"", ""stride"": [2048, 1]}, {""argument"": ""args[2]"", ""shape"": [2048], ""dtype"": ""torch.float16"", ""device"": ""cuda:1"", ""stride"": [1]}]",19322,139232,1
cloud,1,9275,prefill,2b19945777114854b82d6cd44b40f27b,optrace:9275:296,aten.linear.default,"[{""request_id"": ""c4f28400bfd54f3bbb86f843f6fb61f5"", ""position"": 0, ""query_len"": 4096}]","[[4096, 2048], [1280, 2048], [1280]]","[""torch.float16"", ""torch.float16"", ""torch.float16""]","[{""argument"": ""args[0]"", ""shape"": [4096, 2048], ""dtype"": ""torch.float16"", ""device"": ""cuda:1"", ""stride"": [2048, 1]}, {""argument"": ""args[1]"", ""shape"": [1280, 2048], ""dtype"": ""torch.float16"", ""device"": ""cuda:1"", ""stride"": [2048, 1]}, {""argument"": ""args[2]"", ""shape"": [1280], ""dtype"": ""torch.float16"", ""device"": ""cuda:1"", ""stride"": [1]}]",61447,331646,1
cloud,1,9275,prefill,2b19945777114854b82d6cd44b40f27b,optrace:9275:297,aten.split_with_sizes.default,"[{""request_id"": ""c4f28400bfd54f3bbb86f843f6fb61f5"", ""position"": 0, ""query_len"": 4096}]","[[4096, 1280]]","[""torch.float16""]","[{""argument"": ""args[0]"", ""shape"": [4096, 1280], ""dtype"": ""torch.float16"", ""device"": ""cuda:1"", ""stride"": [1280, 1]}]",17055,0,0
cloud,1,9275,prefill,2b19945777114854b82d6cd44b40f27b,optrace:9275:298,_C.rotary_embedding.default,"[{""request_id"": ""c4f28400bfd54f3bbb86f843f6fb61f5"", ""position"": 0, ""query_len"": 4096}]","[[4096], [4096, 1024], [4096, 128], [32768, 128]]","[""torch.int64"", ""torch.float16"", ""torch.float16"", ""torch.float16""]","[{""argument"": ""args[0]"", ""shape"": [4096], ""dtype"": ""torch.int64"", ""device"": ""cuda:1"", ""stride"": [1]}, {""argument"": ""args[1]"", ""shape"": [4096, 1024], ""dtype"": ""torch.float16"", ""device"": ""cuda:1"", ""stride"": [1280, 1]}, {""argument"": ""args[2]"", ""shape"": [4096, 128], ""dtype"": ""torch.float16"", ""device"": ""cuda:1"", ""stride"": [1280, 1]}, {""argument"": ""args[4]"", ""shape"": [32768, 128], ""dtype"": ""torch.float16"", ""device"": ""cuda:1"", ""stride"": [128, 1]}]",23910,50880,1
cloud,1,9275,prefill,2b19945777114854b82d6cd44b40f27b,optrace:9275:299,aten.zeros.default,"[{""request_id"": ""c4f28400bfd54f3bbb86f843f6fb61f5"", ""position"": 0, ""query_len"": 4096}]",[],[],[],40533,18240,1
cloud,1,9275,prefill,2b19945777114854b82d6cd44b40f27b,optrace:9275:300,aten.view.default,"[{""request_id"": ""c4f28400bfd54f3bbb86f843f6fb61f5"", ""position"": 0, ""query_len"": 4096}]","[[4096, 1024]]","[""torch.float16""]","[{""argument"": ""args[0]"", ""shape"": [4096, 1024], ""dtype"": ""torch.float16"", ""device"": ""cuda:1"", ""stride"": [1280, 1]}]",8748,0,0
cloud,1,9275,prefill,2b19945777114854b82d6cd44b40f27b,optrace:9275:301,aten.view.default,"[{""request_id"": ""c4f28400bfd54f3bbb86f843f6fb61f5"", ""position"": 0, ""query_len"": 4096}]","[[4096, 1024]]","[""torch.float16""]","[{""argument"": ""args[0]"", ""shape"": [4096, 1024], ""dtype"": ""torch.float16"", ""device"": ""cuda:1"", ""stride"": [1024, 1]}]",5418,0,0
cloud,1,9275,prefill,2b19945777114854b82d6cd44b40f27b,optrace:9275:302,aten.view.default,"[{""request_id"": ""c4f28400bfd54f3bbb86f843f6fb61f5"", ""position"": 0, ""query_len"": 4096}]","[[4096, 128]]","[""torch.float16""]","[{""argument"": ""args[0]"", ""shape"": [4096, 128], ""dtype"": ""torch.float16"", ""device"": ""cuda:1"", ""stride"": [1280, 1]}]",11284,0,0
cloud,1,9275,prefill,2b19945777114854b82d6cd44b40f27b,optrace:9275:303,aten.view.default,"[{""request_id"": ""c4f28400bfd54f3bbb86f843f6fb61f5"", ""position"": 0, ""query_len"": 4096}]","[[4096, 128]]","[""torch.float16""]","[{""argument"": ""args[0]"", ""shape"": [4096, 128], ""dtype"": ""torch.float16"", ""device"": ""cuda:1"", ""stride"": [1280, 1]}]",5264,0,0
cloud,1,9275,prefill,2b19945777114854b82d6cd44b40f27b,optrace:9275:304,vllm.unified_attention_with_output.default,"[{""request_id"": ""c4f28400bfd54f3bbb86f843f6fb61f5"", ""position"": 0, ""query_len"": 4096}]","[[4096, 8, 128], [4096, 1, 128], [4096, 1, 128], [4096, 8, 128]]","[""torch.float16"", ""torch.float16"", ""torch.float16"", ""torch.float16""]","[{""argument"": ""args[0]"", ""shape"": [4096, 8, 128], ""dtype"": ""torch.float16"", ""device"": ""cuda:1"", ""stride"": [1280, 128, 1]}, {""argument"": ""args[1]"", ""shape"": [4096, 1, 128], ""dtype"": ""torch.float16"", ""device"": ""cuda:1"", ""stride"": [1280, 128, 1]}, {""argument"": ""args[2]"", ""shape"": [4096, 1, 128], ""dtype"": ""torch.float16"", ""device"": ""cuda:1"", ""stride"": [1280, 128, 1]}, {""argument"": ""args[3]"", ""shape"": [4096, 8, 128], ""dtype"": ""torch.float16"", ""device"": ""cuda:1"", ""stride"": [1024, 128, 1]}]",184854,560638,2
cloud,1,9275,prefill,2b19945777114854b82d6cd44b40f27b,optrace:9275:305,aten.view.default,"[{""request_id"": ""c4f28400bfd54f3bbb86f843f6fb61f5"", ""position"": 0, ""query_len"": 4096}]","[[4096, 8, 128]]","[""torch.float16""]","[{""argument"": ""args[0]"", ""shape"": [4096, 8, 128], ""dtype"": ""torch.float16"", ""device"": ""cuda:1"", ""stride"": [1024, 128, 1]}]",9585,0,0
cloud,1,9275,prefill,2b19945777114854b82d6cd44b40f27b,optrace:9275:306,aten.linear.default,"[{""request_id"": ""c4f28400bfd54f3bbb86f843f6fb61f5"", ""position"": 0, ""query_len"": 4096}]","[[4096, 1024], [2048, 1024]]","[""torch.float16"", ""torch.float16""]","[{""argument"": ""args[0]"", ""shape"": [4096, 1024], ""dtype"": ""torch.float16"", ""device"": ""cuda:1"", ""stride"": [1024, 1]}, {""argument"": ""args[1]"", ""shape"": [2048, 1024], ""dtype"": ""torch.float16"", ""device"": ""cuda:1"", ""stride"": [1024, 1]}]",55092,233119,1
cloud,1,9275,prefill,2b19945777114854b82d6cd44b40f27b,optrace:9275:307,vllm.all_reduce.default,"[{""request_id"": ""c4f28400bfd54f3bbb86f843f6fb61f5"", ""position"": 0, ""query_len"": 4096}]","[[4096, 2048]]","[""torch.float16""]","[{""argument"": ""args[0]"", ""shape"": [4096, 2048], ""dtype"": ""torch.float16"", ""device"": ""cuda:1"", ""stride"": [2048, 1]}]",99244,0,0
cloud,1,9275,prefill,2b19945777114854b82d6cd44b40f27b,optrace:9275:308,pynccl.all_reduce,"[{""request_id"": ""c4f28400bfd54f3bbb86f843f6fb61f5"", ""position"": 0, ""query_len"": 4096}]","[[4096, 2048]]","[""torch.float16""]","[{""argument"": ""args[0]"", ""shape"": [4096, 2048], ""dtype"": ""torch.float16"", ""device"": ""cuda:1"", ""stride"": [2048, 1]}]",73006,1266779,1
cloud,1,9275,prefill,2b19945777114854b82d6cd44b40f27b,optrace:9275:309,aten.detach.default,"[{""request_id"": ""c4f28400bfd54f3bbb86f843f6fb61f5"", ""position"": 0, ""query_len"": 4096}]",[[2048]],"[""torch.float16""]","[{""argument"": ""args[0]"", ""shape"": [2048], ""dtype"": ""torch.float16"", ""device"": ""cuda:1"", ""stride"": [1]}]",12299,0,0
cloud,1,9275,prefill,2b19945777114854b82d6cd44b40f27b,optrace:9275:310,_C.fused_add_rms_norm.default,"[{""request_id"": ""c4f28400bfd54f3bbb86f843f6fb61f5"", ""position"": 0, ""query_len"": 4096}]","[[4096, 2048], [4096, 2048], [2048]]","[""torch.float16"", ""torch.float16"", ""torch.float16""]","[{""argument"": ""args[0]"", ""shape"": [4096, 2048], ""dtype"": ""torch.float16"", ""device"": ""cuda:1"", ""stride"": [2048, 1]}, {""argument"": ""args[1]"", ""shape"": [4096, 2048], ""dtype"": ""torch.float16"", ""device"": ""cuda:1"", ""stride"": [2048, 1]}, {""argument"": ""args[2]"", ""shape"": [2048], ""dtype"": ""torch.float16"", ""device"": ""cuda:1"", ""stride"": [1]}]",20511,138975,1
cloud,1,9275,prefill,2b19945777114854b82d6cd44b40f27b,optrace:9275:311,aten.linear.default,"[{""request_id"": ""c4f28400bfd54f3bbb86f843f6fb61f5"", ""position"": 0, ""query_len"": 4096}]","[[4096, 2048], [11008, 2048]]","[""torch.float16"", ""torch.float16""]","[{""argument"": ""args[0]"", ""shape"": [4096, 2048], ""dtype"": ""torch.float16"", ""device"": ""cuda:1"", ""stride"": [2048, 1]}, {""argument"": ""args[1]"", ""shape"": [11008, 2048], ""dtype"": ""torch.float16"", ""device"": ""cuda:1"", ""stride"": [2048, 1]}]",75838,2313879,1
cloud,1,9275,prefill,2b19945777114854b82d6cd44b40f27b,optrace:9275:312,aten.empty.memory_format,"[{""request_id"": ""c4f28400bfd54f3bbb86f843f6fb61f5"", ""position"": 0, ""query_len"": 4096}]",[],[],[],22638,0,0
cloud,1,9275,prefill,2b19945777114854b82d6cd44b40f27b,optrace:9275:313,_C.silu_and_mul.default,"[{""request_id"": ""c4f28400bfd54f3bbb86f843f6fb61f5"", ""position"": 0, ""query_len"": 4096}]","[[4096, 5504], [4096, 11008]]","[""torch.float16"", ""torch.float16""]","[{""argument"": ""args[0]"", ""shape"": [4096, 5504], ""dtype"": ""torch.float16"", ""device"": ""cuda:1"", ""stride"": [5504, 1]}, {""argument"": ""args[1]"", ""shape"": [4096, 11008], ""dtype"": ""torch.float16"", ""device"": ""cuda:1"", ""stride"": [11008, 1]}]",17356,303583,1
cloud,1,9275,prefill,2b19945777114854b82d6cd44b40f27b,optrace:9275:314,aten.linear.default,"[{""request_id"": ""c4f28400bfd54f3bbb86f843f6fb61f5"", ""position"": 0, ""query_len"": 4096}]","[[4096, 5504], [2048, 5504]]","[""torch.float16"", ""torch.float16""]","[{""argument"": ""args[0]"", ""shape"": [4096, 5504], ""dtype"": ""torch.float16"", ""device"": ""cuda:1"", ""stride"": [5504, 1]}, {""argument"": ""args[1]"", ""shape"": [2048, 5504], ""dtype"": ""torch.float16"", ""device"": ""cuda:1"", ""stride"": [5504, 1]}]",47932,1091260,1
cloud,1,9275,prefill,2b19945777114854b82d6cd44b40f27b,optrace:9275:315,vllm.all_reduce.default,"[{""request_id"": ""c4f28400bfd54f3bbb86f843f6fb61f5"", ""position"": 0, ""query_len"": 4096}]","[[4096, 2048]]","[""torch.float16""]","[{""argument"": ""args[0]"", ""shape"": [4096, 2048], ""dtype"": ""torch.float16"", ""device"": ""cuda:1"", ""stride"": [2048, 1]}]",82677,0,0
cloud,1,9275,prefill,2b19945777114854b82d6cd44b40f27b,optrace:9275:316,pynccl.all_reduce,"[{""request_id"": ""c4f28400bfd54f3bbb86f843f6fb61f5"", ""position"": 0, ""query_len"": 4096}]","[[4096, 2048]]","[""torch.float16""]","[{""argument"": ""args[0]"", ""shape"": [4096, 2048], ""dtype"": ""torch.float16"", ""device"": ""cuda:1"", ""stride"": [2048, 1]}]",64241,1219931,1
cloud,1,9275,prefill,2b19945777114854b82d6cd44b40f27b,optrace:9275:317,aten.detach.default,"[{""request_id"": ""c4f28400bfd54f3bbb86f843f6fb61f5"", ""position"": 0, ""query_len"": 4096}]",[[2048]],"[""torch.float16""]","[{""argument"": ""args[0]"", ""shape"": [2048], ""dtype"": ""torch.float16"", ""device"": ""cuda:1"", ""stride"": [1]}]",7419,0,0
cloud,1,9275,prefill,2b19945777114854b82d6cd44b40f27b,optrace:9275:318,_C.fused_add_rms_norm.default,"[{""request_id"": ""c4f28400bfd54f3bbb86f843f6fb61f5"", ""position"": 0, ""query_len"": 4096}]","[[4096, 2048], [4096, 2048], [2048]]","[""torch.float16"", ""torch.float16"", ""torch.float16""]","[{""argument"": ""args[0]"", ""shape"": [4096, 2048], ""dtype"": ""torch.float16"", ""device"": ""cuda:1"", ""stride"": [2048, 1]}, {""argument"": ""args[1]"", ""shape"": [4096, 2048], ""dtype"": ""torch.float16"", ""device"": ""cuda:1"", ""stride"": [2048, 1]}, {""argument"": ""args[2]"", ""shape"": [2048], ""dtype"": ""torch.float16"", ""device"": ""cuda:1"", ""stride"": [1]}]",18840,139743,1
cloud,1,9275,prefill,2b19945777114854b82d6cd44b40f27b,optrace:9275:319,aten.linear.default,"[{""request_id"": ""c4f28400bfd54f3bbb86f843f6fb61f5"", ""position"": 0, ""query_len"": 4096}]","[[4096, 2048], [1280, 2048], [1280]]","[""torch.float16"", ""torch.float16"", ""torch.float16""]","[{""argument"": ""args[0]"", ""shape"": [4096, 2048], ""dtype"": ""torch.float16"", ""device"": ""cuda:1"", ""stride"": [2048, 1]}, {""argument"": ""args[1]"", ""shape"": [1280, 2048], ""dtype"": ""torch.float16"", ""device"": ""cuda:1"", ""stride"": [2048, 1]}, {""argument"": ""args[2]"", ""shape"": [1280], ""dtype"": ""torch.float16"", ""device"": ""cuda:1"", ""stride"": [1]}]",61083,331775,1
cloud,1,9275,prefill,2b19945777114854b82d6cd44b40f27b,optrace:9275:320,aten.split_with_sizes.default,"[{""request_id"": ""c4f28400bfd54f3bbb86f843f6fb61f5"", ""position"": 0, ""query_len"": 4096}]","[[4096, 1280]]","[""torch.float16""]","[{""argument"": ""args[0]"", ""shape"": [4096, 1280], ""dtype"": ""torch.float16"", ""device"": ""cuda:1"", ""stride"": [1280, 1]}]",15105,0,0
cloud,1,9275,prefill,2b19945777114854b82d6cd44b40f27b,optrace:9275:321,_C.rotary_embedding.default,"[{""request_id"": ""c4f28400bfd54f3bbb86f843f6fb61f5"", ""position"": 0, ""query_len"": 4096}]","[[4096], [4096, 1024], [4096, 128], [32768, 128]]","[""torch.int64"", ""torch.float16"", ""torch.float16"", ""torch.float16""]","[{""argument"": ""args[0]"", ""shape"": [4096], ""dtype"": ""torch.int64"", ""device"": ""cuda:1"", ""stride"": [1]}, {""argument"": ""args[1]"", ""shape"": [4096, 1024], ""dtype"": ""torch.float16"", ""device"": ""cuda:1"", ""stride"": [1280, 1]}, {""argument"": ""args[2]"", ""shape"": [4096, 128], ""dtype"": ""torch.float16"", ""device"": ""cuda:1"", ""stride"": [1280, 1]}, {""argument"": ""args[4]"", ""shape"": [32768, 128], ""dtype"": ""torch.float16"", ""device"": ""cuda:1"", ""stride"": [128, 1]}]",22957,50752,1
cloud,1,9275,prefill,2b19945777114854b82d6cd44b40f27b,optrace:9275:322,aten.zeros.default,"[{""request_id"": ""c4f28400bfd54f3bbb86f843f6fb61f5"", ""position"": 0, ""query_len"": 4096}]",[],[],[],37973,18208,1
cloud,1,9275,prefill,2b19945777114854b82d6cd44b40f27b,optrace:9275:323,aten.view.default,"[{""request_id"": ""c4f28400bfd54f3bbb86f843f6fb61f5"", ""position"": 0, ""query_len"": 4096}]","[[4096, 1024]]","[""torch.float16""]","[{""argument"": ""args[0]"", ""shape"": [4096, 1024], ""dtype"": ""torch.float16"", ""device"": ""cuda:1"", ""stride"": [1280, 1]}]",17647,0,0
cloud,1,9275,prefill,2b19945777114854b82d6cd44b40f27b,optrace:9275:324,aten.view.default,"[{""request_id"": ""c4f28400bfd54f3bbb86f843f6fb61f5"", ""position"": 0, ""query_len"": 4096}]","[[4096, 1024]]","[""torch.float16""]","[{""argument"": ""args[0]"", ""shape"": [4096, 1024], ""dtype"": ""torch.float16"", ""device"": ""cuda:1"", ""stride"": [1024, 1]}]",6189,0,0
cloud,1,9275,prefill,2b19945777114854b82d6cd44b40f27b,optrace:9275:325,aten.view.default,"[{""request_id"": ""c4f28400bfd54f3bbb86f843f6fb61f5"", ""position"": 0, ""query_len"": 4096}]","[[4096, 128]]","[""torch.float16""]","[{""argument"": ""args[0]"", ""shape"": [4096, 128], ""dtype"": ""torch.float16"", ""device"": ""cuda:1"", ""stride"": [1280, 1]}]",5139,0,0
cloud,1,9275,prefill,2b19945777114854b82d6cd44b40f27b,optrace:9275:326,aten.view.default,"[{""request_id"": ""c4f28400bfd54f3bbb86f843f6fb61f5"", ""position"": 0, ""query_len"": 4096}]","[[4096, 128]]","[""torch.float16""]","[{""argument"": ""args[0]"", ""shape"": [4096, 128], ""dtype"": ""torch.float16"", ""device"": ""cuda:1"", ""stride"": [1280, 1]}]",7887,0,0
cloud,1,9275,prefill,2b19945777114854b82d6cd44b40f27b,optrace:9275:327,vllm.unified_attention_with_output.default,"[{""request_id"": ""c4f28400bfd54f3bbb86f843f6fb61f5"", ""position"": 0, ""query_len"": 4096}]","[[4096, 8, 128], [4096, 1, 128], [4096, 1, 128], [4096, 8, 128]]","[""torch.float16"", ""torch.float16"", ""torch.float16"", ""torch.float16""]","[{""argument"": ""args[0]"", ""shape"": [4096, 8, 128], ""dtype"": ""torch.float16"", ""device"": ""cuda:1"", ""stride"": [1280, 128, 1]}, {""argument"": ""args[1]"", ""shape"": [4096, 1, 128], ""dtype"": ""torch.float16"", ""device"": ""cuda:1"", ""stride"": [1280, 128, 1]}, {""argument"": ""args[2]"", ""shape"": [4096, 1, 128], ""dtype"": ""torch.float16"", ""device"": ""cuda:1"", ""stride"": [1280, 128, 1]}, {""argument"": ""args[3]"", ""shape"": [4096, 8, 128], ""dtype"": ""torch.float16"", ""device"": ""cuda:1"", ""stride"": [1024, 128, 1]}]",187853,578205,2
cloud,1,9275,prefill,2b19945777114854b82d6cd44b40f27b,optrace:9275:328,aten.view.default,"[{""request_id"": ""c4f28400bfd54f3bbb86f843f6fb61f5"", ""position"": 0, ""query_len"": 4096}]","[[4096, 8, 128]]","[""torch.float16""]","[{""argument"": ""args[0]"", ""shape"": [4096, 8, 128], ""dtype"": ""torch.float16"", ""device"": ""cuda:1"", ""stride"": [1024, 128, 1]}]",9168,0,0
cloud,1,9275,prefill,2b19945777114854b82d6cd44b40f27b,optrace:9275:329,aten.linear.default,"[{""request_id"": ""c4f28400bfd54f3bbb86f843f6fb61f5"", ""position"": 0, ""query_len"": 4096}]","[[4096, 1024], [2048, 1024]]","[""torch.float16"", ""torch.float16""]","[{""argument"": ""args[0]"", ""shape"": [4096, 1024], ""dtype"": ""torch.float16"", ""device"": ""cuda:1"", ""stride"": [1024, 1]}, {""argument"": ""args[1]"", ""shape"": [2048, 1024], ""dtype"": ""torch.float16"", ""device"": ""cuda:1"", ""stride"": [1024, 1]}]",57945,233023,1
cloud,1,9275,prefill,2b19945777114854b82d6cd44b40f27b,optrace:9275:330,vllm.all_reduce.default,"[{""request_id"": ""c4f28400bfd54f3bbb86f843f6fb61f5"", ""position"": 0, ""query_len"": 4096}]","[[4096, 2048]]","[""torch.float16""]","[{""argument"": ""args[0]"", ""shape"": [4096, 2048], ""dtype"": ""torch.float16"", ""device"": ""cuda:1"", ""stride"": [2048, 1]}]",82323,0,0
cloud,1,9275,prefill,2b19945777114854b82d6cd44b40f27b,optrace:9275:331,pynccl.all_reduce,"[{""request_id"": ""c4f28400bfd54f3bbb86f843f6fb61f5"", ""position"": 0, ""query_len"": 4096}]","[[4096, 2048]]","[""torch.float16""]","[{""argument"": ""args[0]"", ""shape"": [4096, 2048], ""dtype"": ""torch.float16"", ""device"": ""cuda:1"", ""stride"": [2048, 1]}]",63163,1230044,1
cloud,1,9275,prefill,2b19945777114854b82d6cd44b40f27b,optrace:9275:332,aten.detach.default,"[{""request_id"": ""c4f28400bfd54f3bbb86f843f6fb61f5"", ""position"": 0, ""query_len"": 4096}]",[[2048]],"[""torch.float16""]","[{""argument"": ""args[0]"", ""shape"": [2048], ""dtype"": ""torch.float16"", ""device"": ""cuda:1"", ""stride"": [1]}]",7887,0,0
cloud,1,9275,prefill,2b19945777114854b82d6cd44b40f27b,optrace:9275:333,_C.fused_add_rms_norm.default,"[{""request_id"": ""c4f28400bfd54f3bbb86f843f6fb61f5"", ""position"": 0, ""query_len"": 4096}]","[[4096, 2048], [4096, 2048], [2048]]","[""torch.float16"", ""torch.float16"", ""torch.float16""]","[{""argument"": ""args[0]"", ""shape"": [4096, 2048], ""dtype"": ""torch.float16"", ""device"": ""cuda:1"", ""stride"": [2048, 1]}, {""argument"": ""args[1]"", ""shape"": [4096, 2048], ""dtype"": ""torch.float16"", ""device"": ""cuda:1"", ""stride"": [2048, 1]}, {""argument"": ""args[2]"", ""shape"": [2048], ""dtype"": ""torch.float16"", ""device"": ""cuda:1"", ""stride"": [1]}]",20402,138527,1
cloud,1,9275,prefill,2b19945777114854b82d6cd44b40f27b,optrace:9275:334,aten.linear.default,"[{""request_id"": ""c4f28400bfd54f3bbb86f843f6fb61f5"", ""position"": 0, ""query_len"": 4096}]","[[4096, 2048], [11008, 2048]]","[""torch.float16"", ""torch.float16""]","[{""argument"": ""args[0]"", ""shape"": [4096, 2048], ""dtype"": ""torch.float16"", ""device"": ""cuda:1"", ""stride"": [2048, 1]}, {""argument"": ""args[1]"", ""shape"": [11008, 2048], ""dtype"": ""torch.float16"", ""device"": ""cuda:1"", ""stride"": [2048, 1]}]",64603,2287319,1
cloud,1,9275,prefill,2b19945777114854b82d6cd44b40f27b,optrace:9275:335,aten.empty.memory_format,"[{""request_id"": ""c4f28400bfd54f3bbb86f843f6fb61f5"", ""position"": 0, ""query_len"": 4096}]",[],[],[],24349,0,0
cloud,1,9275,prefill,2b19945777114854b82d6cd44b40f27b,optrace:9275:336,_C.silu_and_mul.default,"[{""request_id"": ""c4f28400bfd54f3bbb86f843f6fb61f5"", ""position"": 0, ""query_len"": 4096}]","[[4096, 5504], [4096, 11008]]","[""torch.float16"", ""torch.float16""]","[{""argument"": ""args[0]"", ""shape"": [4096, 5504], ""dtype"": ""torch.float16"", ""device"": ""cuda:1"", ""stride"": [5504, 1]}, {""argument"": ""args[1]"", ""shape"": [4096, 11008], ""dtype"": ""torch.float16"", ""device"": ""cuda:1"", ""stride"": [11008, 1]}]",17743,303199,1
cloud,1,9275,prefill,2b19945777114854b82d6cd44b40f27b,optrace:9275:337,aten.linear.default,"[{""request_id"": ""c4f28400bfd54f3bbb86f843f6fb61f5"", ""position"": 0, ""query_len"": 4096}]","[[4096, 5504], [2048, 5504]]","[""torch.float16"", ""torch.float16""]","[{""argument"": ""args[0]"", ""shape"": [4096, 5504], ""dtype"": ""torch.float16"", ""device"": ""cuda:1"", ""stride"": [5504, 1]}, {""argument"": ""args[1]"", ""shape"": [2048, 5504], ""dtype"": ""torch.float16"", ""device"": ""cuda:1"", ""stride"": [5504, 1]}]",49137,1079707,1
cloud,1,9275,prefill,2b19945777114854b82d6cd44b40f27b,optrace:9275:338,vllm.all_reduce.default,"[{""request_id"": ""c4f28400bfd54f3bbb86f843f6fb61f5"", ""position"": 0, ""query_len"": 4096}]","[[4096, 2048]]","[""torch.float16""]","[{""argument"": ""args[0]"", ""shape"": [4096, 2048], ""dtype"": ""torch.float16"", ""device"": ""cuda:1"", ""stride"": [2048, 1]}]",94533,0,0
cloud,1,9275,prefill,2b19945777114854b82d6cd44b40f27b,optrace:9275:339,pynccl.all_reduce,"[{""request_id"": ""c4f28400bfd54f3bbb86f843f6fb61f5"", ""position"": 0, ""query_len"": 4096}]","[[4096, 2048]]","[""torch.float16""]","[{""argument"": ""args[0]"", ""shape"": [4096, 2048], ""dtype"": ""torch.float16"", ""device"": ""cuda:1"", ""stride"": [2048, 1]}]",71017,1227068,1
cloud,1,9275,prefill,2b19945777114854b82d6cd44b40f27b,optrace:9275:340,aten.detach.default,"[{""request_id"": ""c4f28400bfd54f3bbb86f843f6fb61f5"", ""position"": 0, ""query_len"": 4096}]",[[2048]],"[""torch.float16""]","[{""argument"": ""args[0]"", ""shape"": [2048], ""dtype"": ""torch.float16"", ""device"": ""cuda:1"", ""stride"": [1]}]",7959,0,0
cloud,1,9275,prefill,2b19945777114854b82d6cd44b40f27b,optrace:9275:341,_C.fused_add_rms_norm.default,"[{""request_id"": ""c4f28400bfd54f3bbb86f843f6fb61f5"", ""position"": 0, ""query_len"": 4096}]","[[4096, 2048], [4096, 2048], [2048]]","[""torch.float16"", ""torch.float16"", ""torch.float16""]","[{""argument"": ""args[0]"", ""shape"": [4096, 2048], ""dtype"": ""torch.float16"", ""device"": ""cuda:1"", ""stride"": [2048, 1]}, {""argument"": ""args[1]"", ""shape"": [4096, 2048], ""dtype"": ""torch.float16"", ""device"": ""cuda:1"", ""stride"": [2048, 1]}, {""argument"": ""args[2]"", ""shape"": [2048], ""dtype"": ""torch.float16"", ""device"": ""cuda:1"", ""stride"": [1]}]",19437,138943,1
cloud,1,9275,prefill,2b19945777114854b82d6cd44b40f27b,optrace:9275:342,aten.linear.default,"[{""request_id"": ""c4f28400bfd54f3bbb86f843f6fb61f5"", ""position"": 0, ""query_len"": 4096}]","[[4096, 2048], [1280, 2048], [1280]]","[""torch.float16"", ""torch.float16"", ""torch.float16""]","[{""argument"": ""args[0]"", ""shape"": [4096, 2048], ""dtype"": ""torch.float16"", ""device"": ""cuda:1"", ""stride"": [2048, 1]}, {""argument"": ""args[1]"", ""shape"": [1280, 2048], ""dtype"": ""torch.float16"", ""device"": ""cuda:1"", ""stride"": [2048, 1]}, {""argument"": ""args[2]"", ""shape"": [1280], ""dtype"": ""torch.float16"", ""device"": ""cuda:1"", ""stride"": [1]}]",75293,327807,1
cloud,1,9275,prefill,2b19945777114854b82d6cd44b40f27b,optrace:9275:343,aten.split_with_sizes.default,"[{""request_id"": ""c4f28400bfd54f3bbb86f843f6fb61f5"", ""position"": 0, ""query_len"": 4096}]","[[4096, 1280]]","[""torch.float16""]","[{""argument"": ""args[0]"", ""shape"": [4096, 1280], ""dtype"": ""torch.float16"", ""device"": ""cuda:1"", ""stride"": [1280, 1]}]",15879,0,0
cloud,1,9275,prefill,2b19945777114854b82d6cd44b40f27b,optrace:9275:344,_C.rotary_embedding.default,"[{""request_id"": ""c4f28400bfd54f3bbb86f843f6fb61f5"", ""position"": 0, ""query_len"": 4096}]","[[4096], [4096, 1024], [4096, 128], [32768, 128]]","[""torch.int64"", ""torch.float16"", ""torch.float16"", ""torch.float16""]","[{""argument"": ""args[0]"", ""shape"": [4096], ""dtype"": ""torch.int64"", ""device"": ""cuda:1"", ""stride"": [1]}, {""argument"": ""args[1]"", ""shape"": [4096, 1024], ""dtype"": ""torch.float16"", ""device"": ""cuda:1"", ""stride"": [1280, 1]}, {""argument"": ""args[2]"", ""shape"": [4096, 128], ""dtype"": ""torch.float16"", ""device"": ""cuda:1"", ""stride"": [1280, 1]}, {""argument"": ""args[4]"", ""shape"": [32768, 128], ""dtype"": ""torch.float16"", ""device"": ""cuda:1"", ""stride"": [128, 1]}]",22508,50144,1
cloud,1,9275,prefill,2b19945777114854b82d6cd44b40f27b,optrace:9275:345,aten.zeros.default,"[{""request_id"": ""c4f28400bfd54f3bbb86f843f6fb61f5"", ""position"": 0, ""query_len"": 4096}]",[],[],[],44156,17855,1
cloud,1,9275,prefill,2b19945777114854b82d6cd44b40f27b,optrace:9275:346,aten.view.default,"[{""request_id"": ""c4f28400bfd54f3bbb86f843f6fb61f5"", ""position"": 0, ""query_len"": 4096}]","[[4096, 1024]]","[""torch.float16""]","[{""argument"": ""args[0]"", ""shape"": [4096, 1024], ""dtype"": ""torch.float16"", ""device"": ""cuda:1"", ""stride"": [1280, 1]}]",8500,0,0
cloud,1,9275,prefill,2b19945777114854b82d6cd44b40f27b,optrace:9275:347,aten.view.default,"[{""request_id"": ""c4f28400bfd54f3bbb86f843f6fb61f5"", ""position"": 0, ""query_len"": 4096}]","[[4096, 1024]]","[""torch.float16""]","[{""argument"": ""args[0]"", ""shape"": [4096, 1024], ""dtype"": ""torch.float16"", ""device"": ""cuda:1"", ""stride"": [1024, 1]}]",5462,0,0
cloud,1,9275,prefill,2b19945777114854b82d6cd44b40f27b,optrace:9275:348,aten.view.default,"[{""request_id"": ""c4f28400bfd54f3bbb86f843f6fb61f5"", ""position"": 0, ""query_len"": 4096}]","[[4096, 128]]","[""torch.float16""]","[{""argument"": ""args[0]"", ""shape"": [4096, 128], ""dtype"": ""torch.float16"", ""device"": ""cuda:1"", ""stride"": [1280, 1]}]",5304,0,0
cloud,1,9275,prefill,2b19945777114854b82d6cd44b40f27b,optrace:9275:349,aten.view.default,"[{""request_id"": ""c4f28400bfd54f3bbb86f843f6fb61f5"", ""position"": 0, ""query_len"": 4096}]","[[4096, 128]]","[""torch.float16""]","[{""argument"": ""args[0]"", ""shape"": [4096, 128], ""dtype"": ""torch.float16"", ""device"": ""cuda:1"", ""stride"": [1280, 1]}]",5200,0,0
cloud,1,9275,prefill,2b19945777114854b82d6cd44b40f27b,optrace:9275:350,vllm.unified_attention_with_output.default,"[{""request_id"": ""c4f28400bfd54f3bbb86f843f6fb61f5"", ""position"": 0, ""query_len"": 4096}]","[[4096, 8, 128], [4096, 1, 128], [4096, 1, 128], [4096, 8, 128]]","[""torch.float16"", ""torch.float16"", ""torch.float16"", ""torch.float16""]","[{""argument"": ""args[0]"", ""shape"": [4096, 8, 128], ""dtype"": ""torch.float16"", ""device"": ""cuda:1"", ""stride"": [1280, 128, 1]}, {""argument"": ""args[1]"", ""shape"": [4096, 1, 128], ""dtype"": ""torch.float16"", ""device"": ""cuda:1"", ""stride"": [1280, 128, 1]}, {""argument"": ""args[2]"", ""shape"": [4096, 1, 128], ""dtype"": ""torch.float16"", ""device"": ""cuda:1"", ""stride"": [1280, 128, 1]}, {""argument"": ""args[3]"", ""shape"": [4096, 8, 128], ""dtype"": ""torch.float16"", ""device"": ""cuda:1"", ""stride"": [1024, 128, 1]}]",183271,585182,2
cloud,1,9275,prefill,2b19945777114854b82d6cd44b40f27b,optrace:9275:351,aten.view.default,"[{""request_id"": ""c4f28400bfd54f3bbb86f843f6fb61f5"", ""position"": 0, ""query_len"": 4096}]","[[4096, 8, 128]]","[""torch.float16""]","[{""argument"": ""args[0]"", ""shape"": [4096, 8, 128], ""dtype"": ""torch.float16"", ""device"": ""cuda:1"", ""stride"": [1024, 128, 1]}]",8768,0,0
cloud,1,9275,prefill,2b19945777114854b82d6cd44b40f27b,optrace:9275:352,aten.linear.default,"[{""request_id"": ""c4f28400bfd54f3bbb86f843f6fb61f5"", ""position"": 0, ""query_len"": 4096}]","[[4096, 1024], [2048, 1024]]","[""torch.float16"", ""torch.float16""]","[{""argument"": ""args[0]"", ""shape"": [4096, 1024], ""dtype"": ""torch.float16"", ""device"": ""cuda:1"", ""stride"": [1024, 1]}, {""argument"": ""args[1]"", ""shape"": [2048, 1024], ""dtype"": ""torch.float16"", ""device"": ""cuda:1"", ""stride"": [1024, 1]}]",50469,230687,1
cloud,1,9275,prefill,2b19945777114854b82d6cd44b40f27b,optrace:9275:353,vllm.all_reduce.default,"[{""request_id"": ""c4f28400bfd54f3bbb86f843f6fb61f5"", ""position"": 0, ""query_len"": 4096}]","[[4096, 2048]]","[""torch.float16""]","[{""argument"": ""args[0]"", ""shape"": [4096, 2048], ""dtype"": ""torch.float16"", ""device"": ""cuda:1"", ""stride"": [2048, 1]}]",96828,0,0
cloud,1,9275,prefill,2b19945777114854b82d6cd44b40f27b,optrace:9275:354,pynccl.all_reduce,"[{""request_id"": ""c4f28400bfd54f3bbb86f843f6fb61f5"", ""position"": 0, ""query_len"": 4096}]","[[4096, 2048]]","[""torch.float16""]","[{""argument"": ""args[0]"", ""shape"": [4096, 2048], ""dtype"": ""torch.float16"", ""device"": ""cuda:1"", ""stride"": [2048, 1]}]",73676,1232859,1
cloud,1,9275,prefill,2b19945777114854b82d6cd44b40f27b,optrace:9275:355,aten.detach.default,"[{""request_id"": ""c4f28400bfd54f3bbb86f843f6fb61f5"", ""position"": 0, ""query_len"": 4096}]",[[2048]],"[""torch.float16""]","[{""argument"": ""args[0]"", ""shape"": [2048], ""dtype"": ""torch.float16"", ""device"": ""cuda:1"", ""stride"": [1]}]",8372,0,0
cloud,1,9275,prefill,2b19945777114854b82d6cd44b40f27b,optrace:9275:356,_C.fused_add_rms_norm.default,"[{""request_id"": ""c4f28400bfd54f3bbb86f843f6fb61f5"", ""position"": 0, ""query_len"": 4096}]","[[4096, 2048], [4096, 2048], [2048]]","[""torch.float16"", ""torch.float16"", ""torch.float16""]","[{""argument"": ""args[0]"", ""shape"": [4096, 2048], ""dtype"": ""torch.float16"", ""device"": ""cuda:1"", ""stride"": [2048, 1]}, {""argument"": ""args[1]"", ""shape"": [4096, 2048], ""dtype"": ""torch.float16"", ""device"": ""cuda:1"", ""stride"": [2048, 1]}, {""argument"": ""args[2]"", ""shape"": [2048], ""dtype"": ""torch.float16"", ""device"": ""cuda:1"", ""stride"": [1]}]",19357,139552,1
cloud,1,9275,prefill,2b19945777114854b82d6cd44b40f27b,optrace:9275:357,aten.linear.default,"[{""request_id"": ""c4f28400bfd54f3bbb86f843f6fb61f5"", ""position"": 0, ""query_len"": 4096}]","[[4096, 2048], [11008, 2048]]","[""torch.float16"", ""torch.float16""]","[{""argument"": ""args[0]"", ""shape"": [4096, 2048], ""dtype"": ""torch.float16"", ""device"": ""cuda:1"", ""stride"": [2048, 1]}, {""argument"": ""args[1]"", ""shape"": [11008, 2048], ""dtype"": ""torch.float16"", ""device"": ""cuda:1"", ""stride"": [2048, 1]}]",62669,2289815,1
cloud,1,9275,prefill,2b19945777114854b82d6cd44b40f27b,optrace:9275:358,aten.empty.memory_format,"[{""request_id"": ""c4f28400bfd54f3bbb86f843f6fb61f5"", ""position"": 0, ""query_len"": 4096}]",[],[],[],23221,0,0
cloud,1,9275,prefill,2b19945777114854b82d6cd44b40f27b,optrace:9275:359,_C.silu_and_mul.default,"[{""request_id"": ""c4f28400bfd54f3bbb86f843f6fb61f5"", ""position"": 0, ""query_len"": 4096}]","[[4096, 5504], [4096, 11008]]","[""torch.float16"", ""torch.float16""]","[{""argument"": ""args[0]"", ""shape"": [4096, 5504], ""dtype"": ""torch.float16"", ""device"": ""cuda:1"", ""stride"": [5504, 1]}, {""argument"": ""args[1]"", ""shape"": [4096, 11008], ""dtype"": ""torch.float16"", ""device"": ""cuda:1"", ""stride"": [11008, 1]}]",19804,301375,1
cloud,1,9275,prefill,2b19945777114854b82d6cd44b40f27b,optrace:9275:360,aten.linear.default,"[{""request_id"": ""c4f28400bfd54f3bbb86f843f6fb61f5"", ""position"": 0, ""query_len"": 4096}]","[[4096, 5504], [2048, 5504]]","[""torch.float16"", ""torch.float16""]","[{""argument"": ""args[0]"", ""shape"": [4096, 5504], ""dtype"": ""torch.float16"", ""device"": ""cuda:1"", ""stride"": [5504, 1]}, {""argument"": ""args[1]"", ""shape"": [2048, 5504], ""dtype"": ""torch.float16"", ""device"": ""cuda:1"", ""stride"": [5504, 1]}]",46717,1079899,1
cloud,1,9275,prefill,2b19945777114854b82d6cd44b40f27b,optrace:9275:361,vllm.all_reduce.default,"[{""request_id"": ""c4f28400bfd54f3bbb86f843f6fb61f5"", ""position"": 0, ""query_len"": 4096}]","[[4096, 2048]]","[""torch.float16""]","[{""argument"": ""args[0]"", ""shape"": [4096, 2048], ""dtype"": ""torch.float16"", ""device"": ""cuda:1"", ""stride"": [2048, 1]}]",75861,0,0
cloud,1,9275,prefill,2b19945777114854b82d6cd44b40f27b,optrace:9275:362,pynccl.all_reduce,"[{""request_id"": ""c4f28400bfd54f3bbb86f843f6fb61f5"", ""position"": 0, ""query_len"": 4096}]","[[4096, 2048]]","[""torch.float16""]","[{""argument"": ""args[0]"", ""shape"": [4096, 2048], ""dtype"": ""torch.float16"", ""device"": ""cuda:1"", ""stride"": [2048, 1]}]",57747,1237659,1
cloud,1,9275,prefill,2b19945777114854b82d6cd44b40f27b,optrace:9275:363,aten.detach.default,"[{""request_id"": ""c4f28400bfd54f3bbb86f843f6fb61f5"", ""position"": 0, ""query_len"": 4096}]",[[2048]],"[""torch.float16""]","[{""argument"": ""args[0]"", ""shape"": [2048], ""dtype"": ""torch.float16"", ""device"": ""cuda:1"", ""stride"": [1]}]",7426,0,0
cloud,1,9275,prefill,2b19945777114854b82d6cd44b40f27b,optrace:9275:364,_C.fused_add_rms_norm.default,"[{""request_id"": ""c4f28400bfd54f3bbb86f843f6fb61f5"", ""position"": 0, ""query_len"": 4096}]","[[4096, 2048], [4096, 2048], [2048]]","[""torch.float16"", ""torch.float16"", ""torch.float16""]","[{""argument"": ""args[0]"", ""shape"": [4096, 2048], ""dtype"": ""torch.float16"", ""device"": ""cuda:1"", ""stride"": [2048, 1]}, {""argument"": ""args[1]"", ""shape"": [4096, 2048], ""dtype"": ""torch.float16"", ""device"": ""cuda:1"", ""stride"": [2048, 1]}, {""argument"": ""args[2]"", ""shape"": [2048], ""dtype"": ""torch.float16"", ""device"": ""cuda:1"", ""stride"": [1]}]",18898,139488,1
cloud,1,9275,prefill,2b19945777114854b82d6cd44b40f27b,optrace:9275:365,aten.linear.default,"[{""request_id"": ""c4f28400bfd54f3bbb86f843f6fb61f5"", ""position"": 0, ""query_len"": 4096}]","[[4096, 2048], [1280, 2048], [1280]]","[""torch.float16"", ""torch.float16"", ""torch.float16""]","[{""argument"": ""args[0]"", ""shape"": [4096, 2048], ""dtype"": ""torch.float16"", ""device"": ""cuda:1"", ""stride"": [2048, 1]}, {""argument"": ""args[1]"", ""shape"": [1280, 2048], ""dtype"": ""torch.float16"", ""device"": ""cuda:1"", ""stride"": [2048, 1]}, {""argument"": ""args[2]"", ""shape"": [1280], ""dtype"": ""torch.float16"", ""device"": ""cuda:1"", ""stride"": [1]}]",61497,329182,1
cloud,1,9275,prefill,2b19945777114854b82d6cd44b40f27b,optrace:9275:366,aten.split_with_sizes.default,"[{""request_id"": ""c4f28400bfd54f3bbb86f843f6fb61f5"", ""position"": 0, ""query_len"": 4096}]","[[4096, 1280]]","[""torch.float16""]","[{""argument"": ""args[0]"", ""shape"": [4096, 1280], ""dtype"": ""torch.float16"", ""device"": ""cuda:1"", ""stride"": [1280, 1]}]",14592,0,0
cloud,1,9275,prefill,2b19945777114854b82d6cd44b40f27b,optrace:9275:367,_C.rotary_embedding.default,"[{""request_id"": ""c4f28400bfd54f3bbb86f843f6fb61f5"", ""position"": 0, ""query_len"": 4096}]","[[4096], [4096, 1024], [4096, 128], [32768, 128]]","[""torch.int64"", ""torch.float16"", ""torch.float16"", ""torch.float16""]","[{""argument"": ""args[0]"", ""shape"": [4096], ""dtype"": ""torch.int64"", ""device"": ""cuda:1"", ""stride"": [1]}, {""argument"": ""args[1]"", ""shape"": [4096, 1024], ""dtype"": ""torch.float16"", ""device"": ""cuda:1"", ""stride"": [1280, 1]}, {""argument"": ""args[2]"", ""shape"": [4096, 128], ""dtype"": ""torch.float16"", ""device"": ""cuda:1"", ""stride"": [1280, 1]}, {""argument"": ""args[4]"", ""shape"": [32768, 128], ""dtype"": ""torch.float16"", ""device"": ""cuda:1"", ""stride"": [128, 1]}]",20633,50400,1
cloud,1,9275,prefill,2b19945777114854b82d6cd44b40f27b,optrace:9275:368,aten.zeros.default,"[{""request_id"": ""c4f28400bfd54f3bbb86f843f6fb61f5"", ""position"": 0, ""query_len"": 4096}]",[],[],[],38924,18112,1
cloud,1,9275,prefill,2b19945777114854b82d6cd44b40f27b,optrace:9275:369,aten.view.default,"[{""request_id"": ""c4f28400bfd54f3bbb86f843f6fb61f5"", ""position"": 0, ""query_len"": 4096}]","[[4096, 1024]]","[""torch.float16""]","[{""argument"": ""args[0]"", ""shape"": [4096, 1024], ""dtype"": ""torch.float16"", ""device"": ""cuda:1"", ""stride"": [1280, 1]}]",9022,0,0
cloud,1,9275,prefill,2b19945777114854b82d6cd44b40f27b,optrace:9275:370,aten.view.default,"[{""request_id"": ""c4f28400bfd54f3bbb86f843f6fb61f5"", ""position"": 0, ""query_len"": 4096}]","[[4096, 1024]]","[""torch.float16""]","[{""argument"": ""args[0]"", ""shape"": [4096, 1024], ""dtype"": ""torch.float16"", ""device"": ""cuda:1"", ""stride"": [1024, 1]}]",8165,0,0
cloud,1,9275,prefill,2b19945777114854b82d6cd44b40f27b,optrace:9275:371,aten.view.default,"[{""request_id"": ""c4f28400bfd54f3bbb86f843f6fb61f5"", ""position"": 0, ""query_len"": 4096}]","[[4096, 128]]","[""torch.float16""]","[{""argument"": ""args[0]"", ""shape"": [4096, 128], ""dtype"": ""torch.float16"", ""device"": ""cuda:1"", ""stride"": [1280, 1]}]",5953,0,0
cloud,1,9275,prefill,2b19945777114854b82d6cd44b40f27b,optrace:9275:372,aten.view.default,"[{""request_id"": ""c4f28400bfd54f3bbb86f843f6fb61f5"", ""position"": 0, ""query_len"": 4096}]","[[4096, 128]]","[""torch.float16""]","[{""argument"": ""args[0]"", ""shape"": [4096, 128], ""dtype"": ""torch.float16"", ""device"": ""cuda:1"", ""stride"": [1280, 1]}]",5578,0,0
cloud,1,9275,prefill,2b19945777114854b82d6cd44b40f27b,optrace:9275:373,vllm.unified_attention_with_output.default,"[{""request_id"": ""c4f28400bfd54f3bbb86f843f6fb61f5"", ""position"": 0, ""query_len"": 4096}]","[[4096, 8, 128], [4096, 1, 128], [4096, 1, 128], [4096, 8, 128]]","[""torch.float16"", ""torch.float16"", ""torch.float16"", ""torch.float16""]","[{""argument"": ""args[0]"", ""shape"": [4096, 8, 128], ""dtype"": ""torch.float16"", ""device"": ""cuda:1"", ""stride"": [1280, 128, 1]}, {""argument"": ""args[1]"", ""shape"": [4096, 1, 128], ""dtype"": ""torch.float16"", ""device"": ""cuda:1"", ""stride"": [1280, 128, 1]}, {""argument"": ""args[2]"", ""shape"": [4096, 1, 128], ""dtype"": ""torch.float16"", ""device"": ""cuda:1"", ""stride"": [1280, 128, 1]}, {""argument"": ""args[3]"", ""shape"": [4096, 8, 128], ""dtype"": ""torch.float16"", ""device"": ""cuda:1"", ""stride"": [1024, 128, 1]}]",185832,553758,2
cloud,1,9275,prefill,2b19945777114854b82d6cd44b40f27b,optrace:9275:374,aten.view.default,"[{""request_id"": ""c4f28400bfd54f3bbb86f843f6fb61f5"", ""position"": 0, ""query_len"": 4096}]","[[4096, 8, 128]]","[""torch.float16""]","[{""argument"": ""args[0]"", ""shape"": [4096, 8, 128], ""dtype"": ""torch.float16"", ""device"": ""cuda:1"", ""stride"": [1024, 128, 1]}]",9047,0,0
cloud,1,9275,prefill,2b19945777114854b82d6cd44b40f27b,optrace:9275:375,aten.linear.default,"[{""request_id"": ""c4f28400bfd54f3bbb86f843f6fb61f5"", ""position"": 0, ""query_len"": 4096}]","[[4096, 1024], [2048, 1024]]","[""torch.float16"", ""torch.float16""]","[{""argument"": ""args[0]"", ""shape"": [4096, 1024], ""dtype"": ""torch.float16"", ""device"": ""cuda:1"", ""stride"": [1024, 1]}, {""argument"": ""args[1]"", ""shape"": [2048, 1024], ""dtype"": ""torch.float16"", ""device"": ""cuda:1"", ""stride"": [1024, 1]}]",54238,231327,1
cloud,1,9275,prefill,2b19945777114854b82d6cd44b40f27b,optrace:9275:376,vllm.all_reduce.default,"[{""request_id"": ""c4f28400bfd54f3bbb86f843f6fb61f5"", ""position"": 0, ""query_len"": 4096}]","[[4096, 2048]]","[""torch.float16""]","[{""argument"": ""args[0]"", ""shape"": [4096, 2048], ""dtype"": ""torch.float16"", ""device"": ""cuda:1"", ""stride"": [2048, 1]}]",83475,0,0
cloud,1,9275,prefill,2b19945777114854b82d6cd44b40f27b,optrace:9275:377,pynccl.all_reduce,"[{""request_id"": ""c4f28400bfd54f3bbb86f843f6fb61f5"", ""position"": 0, ""query_len"": 4096}]","[[4096, 2048]]","[""torch.float16""]","[{""argument"": ""args[0]"", ""shape"": [4096, 2048], ""dtype"": ""torch.float16"", ""device"": ""cuda:1"", ""stride"": [2048, 1]}]",64388,1223931,1
cloud,1,9275,prefill,2b19945777114854b82d6cd44b40f27b,optrace:9275:378,aten.detach.default,"[{""request_id"": ""c4f28400bfd54f3bbb86f843f6fb61f5"", ""position"": 0, ""query_len"": 4096}]",[[2048]],"[""torch.float16""]","[{""argument"": ""args[0]"", ""shape"": [2048], ""dtype"": ""torch.float16"", ""device"": ""cuda:1"", ""stride"": [1]}]",7750,0,0
cloud,1,9275,prefill,2b19945777114854b82d6cd44b40f27b,optrace:9275:379,_C.fused_add_rms_norm.default,"[{""request_id"": ""c4f28400bfd54f3bbb86f843f6fb61f5"", ""position"": 0, ""query_len"": 4096}]","[[4096, 2048], [4096, 2048], [2048]]","[""torch.float16"", ""torch.float16"", ""torch.float16""]","[{""argument"": ""args[0]"", ""shape"": [4096, 2048], ""dtype"": ""torch.float16"", ""device"": ""cuda:1"", ""stride"": [2048, 1]}, {""argument"": ""args[1]"", ""shape"": [4096, 2048], ""dtype"": ""torch.float16"", ""device"": ""cuda:1"", ""stride"": [2048, 1]}, {""argument"": ""args[2]"", ""shape"": [2048], ""dtype"": ""torch.float16"", ""device"": ""cuda:1"", ""stride"": [1]}]",18770,139232,1
cloud,1,9275,prefill,2b19945777114854b82d6cd44b40f27b,optrace:9275:380,aten.linear.default,"[{""request_id"": ""c4f28400bfd54f3bbb86f843f6fb61f5"", ""position"": 0, ""query_len"": 4096}]","[[4096, 2048], [11008, 2048]]","[""torch.float16"", ""torch.float16""]","[{""argument"": ""args[0]"", ""shape"": [4096, 2048], ""dtype"": ""torch.float16"", ""device"": ""cuda:1"", ""stride"": [2048, 1]}, {""argument"": ""args[1]"", ""shape"": [11008, 2048], ""dtype"": ""torch.float16"", ""device"": ""cuda:1"", ""stride"": [2048, 1]}]",60805,2269495,1
cloud,1,9275,prefill,2b19945777114854b82d6cd44b40f27b,optrace:9275:381,aten.empty.memory_format,"[{""request_id"": ""c4f28400bfd54f3bbb86f843f6fb61f5"", ""position"": 0, ""query_len"": 4096}]",[],[],[],21769,0,0
cloud,1,9275,prefill,2b19945777114854b82d6cd44b40f27b,optrace:9275:382,_C.silu_and_mul.default,"[{""request_id"": ""c4f28400bfd54f3bbb86f843f6fb61f5"", ""position"": 0, ""query_len"": 4096}]","[[4096, 5504], [4096, 11008]]","[""torch.float16"", ""torch.float16""]","[{""argument"": ""args[0]"", ""shape"": [4096, 5504], ""dtype"": ""torch.float16"", ""device"": ""cuda:1"", ""stride"": [5504, 1]}, {""argument"": ""args[1]"", ""shape"": [4096, 11008], ""dtype"": ""torch.float16"", ""device"": ""cuda:1"", ""stride"": [11008, 1]}]",19871,302654,1
cloud,1,9275,prefill,2b19945777114854b82d6cd44b40f27b,optrace:9275:383,aten.linear.default,"[{""request_id"": ""c4f28400bfd54f3bbb86f843f6fb61f5"", ""position"": 0, ""query_len"": 4096}]","[[4096, 5504], [2048, 5504]]","[""torch.float16"", ""torch.float16""]","[{""argument"": ""args[0]"", ""shape"": [4096, 5504], ""dtype"": ""torch.float16"", ""device"": ""cuda:1"", ""stride"": [5504, 1]}, {""argument"": ""args[1]"", ""shape"": [2048, 5504], ""dtype"": ""torch.float16"", ""device"": ""cuda:1"", ""stride"": [5504, 1]}]",46264,1080028,1
cloud,1,9275,prefill,2b19945777114854b82d6cd44b40f27b,optrace:9275:384,vllm.all_reduce.default,"[{""request_id"": ""c4f28400bfd54f3bbb86f843f6fb61f5"", ""position"": 0, ""query_len"": 4096}]","[[4096, 2048]]","[""torch.float16""]","[{""argument"": ""args[0]"", ""shape"": [4096, 2048], ""dtype"": ""torch.float16"", ""device"": ""cuda:1"", ""stride"": [2048, 1]}]",88652,0,0
cloud,1,9275,prefill,2b19945777114854b82d6cd44b40f27b,optrace:9275:385,pynccl.all_reduce,"[{""request_id"": ""c4f28400bfd54f3bbb86f843f6fb61f5"", ""position"": 0, ""query_len"": 4096}]","[[4096, 2048]]","[""torch.float16""]","[{""argument"": ""args[0]"", ""shape"": [4096, 2048], ""dtype"": ""torch.float16"", ""device"": ""cuda:1"", ""stride"": [2048, 1]}]",69860,1238075,1
cloud,1,9275,prefill,2b19945777114854b82d6cd44b40f27b,optrace:9275:386,aten.detach.default,"[{""request_id"": ""c4f28400bfd54f3bbb86f843f6fb61f5"", ""position"": 0, ""query_len"": 4096}]",[[2048]],"[""torch.float16""]","[{""argument"": ""args[0]"", ""shape"": [2048], ""dtype"": ""torch.float16"", ""device"": ""cuda:1"", ""stride"": [1]}]",7984,0,0
cloud,1,9275,prefill,2b19945777114854b82d6cd44b40f27b,optrace:9275:387,_C.fused_add_rms_norm.default,"[{""request_id"": ""c4f28400bfd54f3bbb86f843f6fb61f5"", ""position"": 0, ""query_len"": 4096}]","[[4096, 2048], [4096, 2048], [2048]]","[""torch.float16"", ""torch.float16"", ""torch.float16""]","[{""argument"": ""args[0]"", ""shape"": [4096, 2048], ""dtype"": ""torch.float16"", ""device"": ""cuda:1"", ""stride"": [2048, 1]}, {""argument"": ""args[1]"", ""shape"": [4096, 2048], ""dtype"": ""torch.float16"", ""device"": ""cuda:1"", ""stride"": [2048, 1]}, {""argument"": ""args[2]"", ""shape"": [2048], ""dtype"": ""torch.float16"", ""device"": ""cuda:1"", ""stride"": [1]}]",24917,139040,1
cloud,1,9275,prefill,2b19945777114854b82d6cd44b40f27b,optrace:9275:388,aten.linear.default,"[{""request_id"": ""c4f28400bfd54f3bbb86f843f6fb61f5"", ""position"": 0, ""query_len"": 4096}]","[[4096, 2048], [1280, 2048], [1280]]","[""torch.float16"", ""torch.float16"", ""torch.float16""]","[{""argument"": ""args[0]"", ""shape"": [4096, 2048], ""dtype"": ""torch.float16"", ""device"": ""cuda:1"", ""stride"": [2048, 1]}, {""argument"": ""args[1]"", ""shape"": [1280, 2048], ""dtype"": ""torch.float16"", ""device"": ""cuda:1"", ""stride"": [2048, 1]}, {""argument"": ""args[2]"", ""shape"": [1280], ""dtype"": ""torch.float16"", ""device"": ""cuda:1"", ""stride"": [1]}]",63783,329694,1
cloud,1,9275,prefill,2b19945777114854b82d6cd44b40f27b,optrace:9275:389,aten.split_with_sizes.default,"[{""request_id"": ""c4f28400bfd54f3bbb86f843f6fb61f5"", ""position"": 0, ""query_len"": 4096}]","[[4096, 1280]]","[""torch.float16""]","[{""argument"": ""args[0]"", ""shape"": [4096, 1280], ""dtype"": ""torch.float16"", ""device"": ""cuda:1"", ""stride"": [1280, 1]}]",14529,0,0
cloud,1,9275,prefill,2b19945777114854b82d6cd44b40f27b,optrace:9275:390,_C.rotary_embedding.default,"[{""request_id"": ""c4f28400bfd54f3bbb86f843f6fb61f5"", ""position"": 0, ""query_len"": 4096}]","[[4096], [4096, 1024], [4096, 128], [32768, 128]]","[""torch.int64"", ""torch.float16"", ""torch.float16"", ""torch.float16""]","[{""argument"": ""args[0]"", ""shape"": [4096], ""dtype"": ""torch.int64"", ""device"": ""cuda:1"", ""stride"": [1]}, {""argument"": ""args[1]"", ""shape"": [4096, 1024], ""dtype"": ""torch.float16"", ""device"": ""cuda:1"", ""stride"": [1280, 1]}, {""argument"": ""args[2]"", ""shape"": [4096, 128], ""dtype"": ""torch.float16"", ""device"": ""cuda:1"", ""stride"": [1280, 1]}, {""argument"": ""args[4]"", ""shape"": [32768, 128], ""dtype"": ""torch.float16"", ""device"": ""cuda:1"", ""stride"": [128, 1]}]",21560,50464,1
cloud,1,9275,prefill,2b19945777114854b82d6cd44b40f27b,optrace:9275:391,aten.zeros.default,"[{""request_id"": ""c4f28400bfd54f3bbb86f843f6fb61f5"", ""position"": 0, ""query_len"": 4096}]",[],[],[],38480,18336,1
cloud,1,9275,prefill,2b19945777114854b82d6cd44b40f27b,optrace:9275:392,aten.view.default,"[{""request_id"": ""c4f28400bfd54f3bbb86f843f6fb61f5"", ""position"": 0, ""query_len"": 4096}]","[[4096, 1024]]","[""torch.float16""]","[{""argument"": ""args[0]"", ""shape"": [4096, 1024], ""dtype"": ""torch.float16"", ""device"": ""cuda:1"", ""stride"": [1280, 1]}]",8473,0,0
cloud,1,9275,prefill,2b19945777114854b82d6cd44b40f27b,optrace:9275:393,aten.view.default,"[{""request_id"": ""c4f28400bfd54f3bbb86f843f6fb61f5"", ""position"": 0, ""query_len"": 4096}]","[[4096, 1024]]","[""torch.float16""]","[{""argument"": ""args[0]"", ""shape"": [4096, 1024], ""dtype"": ""torch.float16"", ""device"": ""cuda:1"", ""stride"": [1024, 1]}]",5368,0,0
cloud,1,9275,prefill,2b19945777114854b82d6cd44b40f27b,optrace:9275:394,aten.view.default,"[{""request_id"": ""c4f28400bfd54f3bbb86f843f6fb61f5"", ""position"": 0, ""query_len"": 4096}]","[[4096, 128]]","[""torch.float16""]","[{""argument"": ""args[0]"", ""shape"": [4096, 128], ""dtype"": ""torch.float16"", ""device"": ""cuda:1"", ""stride"": [1280, 1]}]",5253,0,0
cloud,1,9275,prefill,2b19945777114854b82d6cd44b40f27b,optrace:9275:395,aten.view.default,"[{""request_id"": ""c4f28400bfd54f3bbb86f843f6fb61f5"", ""position"": 0, ""query_len"": 4096}]","[[4096, 128]]","[""torch.float16""]","[{""argument"": ""args[0]"", ""shape"": [4096, 128], ""dtype"": ""torch.float16"", ""device"": ""cuda:1"", ""stride"": [1280, 1]}]",5711,0,0
cloud,1,9275,prefill,2b19945777114854b82d6cd44b40f27b,optrace:9275:396,vllm.unified_attention_with_output.default,"[{""request_id"": ""c4f28400bfd54f3bbb86f843f6fb61f5"", ""position"": 0, ""query_len"": 4096}]","[[4096, 8, 128], [4096, 1, 128], [4096, 1, 128], [4096, 8, 128]]","[""torch.float16"", ""torch.float16"", ""torch.float16"", ""torch.float16""]","[{""argument"": ""args[0]"", ""shape"": [4096, 8, 128], ""dtype"": ""torch.float16"", ""device"": ""cuda:1"", ""stride"": [1280, 128, 1]}, {""argument"": ""args[1]"", ""shape"": [4096, 1, 128], ""dtype"": ""torch.float16"", ""device"": ""cuda:1"", ""stride"": [1280, 128, 1]}, {""argument"": ""args[2]"", ""shape"": [4096, 1, 128], ""dtype"": ""torch.float16"", ""device"": ""cuda:1"", ""stride"": [1280, 128, 1]}, {""argument"": ""args[3]"", ""shape"": [4096, 8, 128], ""dtype"": ""torch.float16"", ""device"": ""cuda:1"", ""stride"": [1024, 128, 1]}]",169636,556542,2
cloud,1,9275,prefill,2b19945777114854b82d6cd44b40f27b,optrace:9275:397,aten.view.default,"[{""request_id"": ""c4f28400bfd54f3bbb86f843f6fb61f5"", ""position"": 0, ""query_len"": 4096}]","[[4096, 8, 128]]","[""torch.float16""]","[{""argument"": ""args[0]"", ""shape"": [4096, 8, 128], ""dtype"": ""torch.float16"", ""device"": ""cuda:1"", ""stride"": [1024, 128, 1]}]",8481,0,0
cloud,1,9275,prefill,2b19945777114854b82d6cd44b40f27b,optrace:9275:398,aten.linear.default,"[{""request_id"": ""c4f28400bfd54f3bbb86f843f6fb61f5"", ""position"": 0, ""query_len"": 4096}]","[[4096, 1024], [2048, 1024]]","[""torch.float16"", ""torch.float16""]","[{""argument"": ""args[0]"", ""shape"": [4096, 1024], ""dtype"": ""torch.float16"", ""device"": ""cuda:1"", ""stride"": [1024, 1]}, {""argument"": ""args[1]"", ""shape"": [2048, 1024], ""dtype"": ""torch.float16"", ""device"": ""cuda:1"", ""stride"": [1024, 1]}]",51757,233247,1
cloud,1,9275,prefill,2b19945777114854b82d6cd44b40f27b,optrace:9275:399,vllm.all_reduce.default,"[{""request_id"": ""c4f28400bfd54f3bbb86f843f6fb61f5"", ""position"": 0, ""query_len"": 4096}]","[[4096, 2048]]","[""torch.float16""]","[{""argument"": ""args[0]"", ""shape"": [4096, 2048], ""dtype"": ""torch.float16"", ""device"": ""cuda:1"", ""stride"": [2048, 1]}]",141585,0,0
cloud,1,9275,prefill,2b19945777114854b82d6cd44b40f27b,optrace:9275:400,pynccl.all_reduce,"[{""request_id"": ""c4f28400bfd54f3bbb86f843f6fb61f5"", ""position"": 0, ""query_len"": 4096}]","[[4096, 2048]]","[""torch.float16""]","[{""argument"": ""args[0]"", ""shape"": [4096, 2048], ""dtype"": ""torch.float16"", ""device"": ""cuda:1"", ""stride"": [2048, 1]}]",73934,1239643,1
cloud,1,9275,prefill,2b19945777114854b82d6cd44b40f27b,optrace:9275:401,aten.detach.default,"[{""request_id"": ""c4f28400bfd54f3bbb86f843f6fb61f5"", ""position"": 0, ""query_len"": 4096}]",[[2048]],"[""torch.float16""]","[{""argument"": ""args[0]"", ""shape"": [2048], ""dtype"": ""torch.float16"", ""device"": ""cuda:1"", ""stride"": [1]}]",9525,0,0
cloud,1,9275,prefill,2b19945777114854b82d6cd44b40f27b,optrace:9275:402,_C.fused_add_rms_norm.default,"[{""request_id"": ""c4f28400bfd54f3bbb86f843f6fb61f5"", ""position"": 0, ""query_len"": 4096}]","[[4096, 2048], [4096, 2048], [2048]]","[""torch.float16"", ""torch.float16"", ""torch.float16""]","[{""argument"": ""args[0]"", ""shape"": [4096, 2048], ""dtype"": ""torch.float16"", ""device"": ""cuda:1"", ""stride"": [2048, 1]}, {""argument"": ""args[1]"", ""shape"": [4096, 2048], ""dtype"": ""torch.float16"", ""device"": ""cuda:1"", ""stride"": [2048, 1]}, {""argument"": ""args[2]"", ""shape"": [2048], ""dtype"": ""torch.float16"", ""device"": ""cuda:1"", ""stride"": [1]}]",20030,138656,1
cloud,1,9275,prefill,2b19945777114854b82d6cd44b40f27b,optrace:9275:403,aten.linear.default,"[{""request_id"": ""c4f28400bfd54f3bbb86f843f6fb61f5"", ""position"": 0, ""query_len"": 4096}]","[[4096, 2048], [11008, 2048]]","[""torch.float16"", ""torch.float16""]","[{""argument"": ""args[0]"", ""shape"": [4096, 2048], ""dtype"": ""torch.float16"", ""device"": ""cuda:1"", ""stride"": [2048, 1]}, {""argument"": ""args[1]"", ""shape"": [11008, 2048], ""dtype"": ""torch.float16"", ""device"": ""cuda:1"", ""stride"": [2048, 1]}]",61903,2306711,1
cloud,1,9275,prefill,2b19945777114854b82d6cd44b40f27b,optrace:9275:404,aten.empty.memory_format,"[{""request_id"": ""c4f28400bfd54f3bbb86f843f6fb61f5"", ""position"": 0, ""query_len"": 4096}]",[],[],[],22698,0,0
cloud,1,9275,prefill,2b19945777114854b82d6cd44b40f27b,optrace:9275:405,_C.silu_and_mul.default,"[{""request_id"": ""c4f28400bfd54f3bbb86f843f6fb61f5"", ""position"": 0, ""query_len"": 4096}]","[[4096, 5504], [4096, 11008]]","[""torch.float16"", ""torch.float16""]","[{""argument"": ""args[0]"", ""shape"": [4096, 5504], ""dtype"": ""torch.float16"", ""device"": ""cuda:1"", ""stride"": [5504, 1]}, {""argument"": ""args[1]"", ""shape"": [4096, 11008], ""dtype"": ""torch.float16"", ""device"": ""cuda:1"", ""stride"": [11008, 1]}]",17923,303743,1
cloud,1,9275,prefill,2b19945777114854b82d6cd44b40f27b,optrace:9275:406,aten.linear.default,"[{""request_id"": ""c4f28400bfd54f3bbb86f843f6fb61f5"", ""position"": 0, ""query_len"": 4096}]","[[4096, 5504], [2048, 5504]]","[""torch.float16"", ""torch.float16""]","[{""argument"": ""args[0]"", ""shape"": [4096, 5504], ""dtype"": ""torch.float16"", ""device"": ""cuda:1"", ""stride"": [5504, 1]}, {""argument"": ""args[1]"", ""shape"": [2048, 5504], ""dtype"": ""torch.float16"", ""device"": ""cuda:1"", ""stride"": [5504, 1]}]",46708,1090556,1
cloud,1,9275,prefill,2b19945777114854b82d6cd44b40f27b,optrace:9275:407,vllm.all_reduce.default,"[{""request_id"": ""c4f28400bfd54f3bbb86f843f6fb61f5"", ""position"": 0, ""query_len"": 4096}]","[[4096, 2048]]","[""torch.float16""]","[{""argument"": ""args[0]"", ""shape"": [4096, 2048], ""dtype"": ""torch.float16"", ""device"": ""cuda:1"", ""stride"": [2048, 1]}]",79795,0,0
cloud,1,9275,prefill,2b19945777114854b82d6cd44b40f27b,optrace:9275:408,pynccl.all_reduce,"[{""request_id"": ""c4f28400bfd54f3bbb86f843f6fb61f5"", ""position"": 0, ""query_len"": 4096}]","[[4096, 2048]]","[""torch.float16""]","[{""argument"": ""args[0]"", ""shape"": [4096, 2048], ""dtype"": ""torch.float16"", ""device"": ""cuda:1"", ""stride"": [2048, 1]}]",59438,1224155,1
cloud,1,9275,prefill,2b19945777114854b82d6cd44b40f27b,optrace:9275:409,aten.detach.default,"[{""request_id"": ""c4f28400bfd54f3bbb86f843f6fb61f5"", ""position"": 0, ""query_len"": 4096}]",[[2048]],"[""torch.float16""]","[{""argument"": ""args[0]"", ""shape"": [2048], ""dtype"": ""torch.float16"", ""device"": ""cuda:1"", ""stride"": [1]}]",7812,0,0
cloud,1,9275,prefill,2b19945777114854b82d6cd44b40f27b,optrace:9275:410,_C.fused_add_rms_norm.default,"[{""request_id"": ""c4f28400bfd54f3bbb86f843f6fb61f5"", ""position"": 0, ""query_len"": 4096}]","[[4096, 2048], [4096, 2048], [2048]]","[""torch.float16"", ""torch.float16"", ""torch.float16""]","[{""argument"": ""args[0]"", ""shape"": [4096, 2048], ""dtype"": ""torch.float16"", ""device"": ""cuda:1"", ""stride"": [2048, 1]}, {""argument"": ""args[1]"", ""shape"": [4096, 2048], ""dtype"": ""torch.float16"", ""device"": ""cuda:1"", ""stride"": [2048, 1]}, {""argument"": ""args[2]"", ""shape"": [2048], ""dtype"": ""torch.float16"", ""device"": ""cuda:1"", ""stride"": [1]}]",19146,139103,1
cloud,1,9275,prefill,2b19945777114854b82d6cd44b40f27b,optrace:9275:411,aten.linear.default,"[{""request_id"": ""c4f28400bfd54f3bbb86f843f6fb61f5"", ""position"": 0, ""query_len"": 4096}]","[[4096, 2048], [1280, 2048], [1280]]","[""torch.float16"", ""torch.float16"", ""torch.float16""]","[{""argument"": ""args[0]"", ""shape"": [4096, 2048], ""dtype"": ""torch.float16"", ""device"": ""cuda:1"", ""stride"": [2048, 1]}, {""argument"": ""args[1]"", ""shape"": [1280, 2048], ""dtype"": ""torch.float16"", ""device"": ""cuda:1"", ""stride"": [2048, 1]}, {""argument"": ""args[2]"", ""shape"": [1280], ""dtype"": ""torch.float16"", ""device"": ""cuda:1"", ""stride"": [1]}]",60371,330143,1
cloud,1,9275,prefill,2b19945777114854b82d6cd44b40f27b,optrace:9275:412,aten.split_with_sizes.default,"[{""request_id"": ""c4f28400bfd54f3bbb86f843f6fb61f5"", ""position"": 0, ""query_len"": 4096}]","[[4096, 1280]]","[""torch.float16""]","[{""argument"": ""args[0]"", ""shape"": [4096, 1280], ""dtype"": ""torch.float16"", ""device"": ""cuda:1"", ""stride"": [1280, 1]}]",13863,0,0
cloud,1,9275,prefill,2b19945777114854b82d6cd44b40f27b,optrace:9275:413,_C.rotary_embedding.default,"[{""request_id"": ""c4f28400bfd54f3bbb86f843f6fb61f5"", ""position"": 0, ""query_len"": 4096}]","[[4096], [4096, 1024], [4096, 128], [32768, 128]]","[""torch.int64"", ""torch.float16"", ""torch.float16"", ""torch.float16""]","[{""argument"": ""args[0]"", ""shape"": [4096], ""dtype"": ""torch.int64"", ""device"": ""cuda:1"", ""stride"": [1]}, {""argument"": ""args[1]"", ""shape"": [4096, 1024], ""dtype"": ""torch.float16"", ""device"": ""cuda:1"", ""stride"": [1280, 1]}, {""argument"": ""args[2]"", ""shape"": [4096, 128], ""dtype"": ""torch.float16"", ""device"": ""cuda:1"", ""stride"": [1280, 1]}, {""argument"": ""args[4]"", ""shape"": [32768, 128], ""dtype"": ""torch.float16"", ""device"": ""cuda:1"", ""stride"": [128, 1]}]",20056,50624,1
cloud,1,9275,prefill,2b19945777114854b82d6cd44b40f27b,optrace:9275:414,aten.zeros.default,"[{""request_id"": ""c4f28400bfd54f3bbb86f843f6fb61f5"", ""position"": 0, ""query_len"": 4096}]",[],[],[],39478,17952,1
cloud,1,9275,prefill,2b19945777114854b82d6cd44b40f27b,optrace:9275:415,aten.view.default,"[{""request_id"": ""c4f28400bfd54f3bbb86f843f6fb61f5"", ""position"": 0, ""query_len"": 4096}]","[[4096, 1024]]","[""torch.float16""]","[{""argument"": ""args[0]"", ""shape"": [4096, 1024], ""dtype"": ""torch.float16"", ""device"": ""cuda:1"", ""stride"": [1280, 1]}]",8540,0,0
cloud,1,9275,prefill,2b19945777114854b82d6cd44b40f27b,optrace:9275:416,aten.view.default,"[{""request_id"": ""c4f28400bfd54f3bbb86f843f6fb61f5"", ""position"": 0, ""query_len"": 4096}]","[[4096, 1024]]","[""torch.float16""]","[{""argument"": ""args[0]"", ""shape"": [4096, 1024], ""dtype"": ""torch.float16"", ""device"": ""cuda:1"", ""stride"": [1024, 1]}]",5558,0,0
cloud,1,9275,prefill,2b19945777114854b82d6cd44b40f27b,optrace:9275:417,aten.view.default,"[{""request_id"": ""c4f28400bfd54f3bbb86f843f6fb61f5"", ""position"": 0, ""query_len"": 4096}]","[[4096, 128]]","[""torch.float16""]","[{""argument"": ""args[0]"", ""shape"": [4096, 128], ""dtype"": ""torch.float16"", ""device"": ""cuda:1"", ""stride"": [1280, 1]}]",5202,0,0
cloud,1,9275,prefill,2b19945777114854b82d6cd44b40f27b,optrace:9275:418,aten.view.default,"[{""request_id"": ""c4f28400bfd54f3bbb86f843f6fb61f5"", ""position"": 0, ""query_len"": 4096}]","[[4096, 128]]","[""torch.float16""]","[{""argument"": ""args[0]"", ""shape"": [4096, 128], ""dtype"": ""torch.float16"", ""device"": ""cuda:1"", ""stride"": [1280, 1]}]",6078,0,0
cloud,1,9275,prefill,2b19945777114854b82d6cd44b40f27b,optrace:9275:419,vllm.unified_attention_with_output.default,"[{""request_id"": ""c4f28400bfd54f3bbb86f843f6fb61f5"", ""position"": 0, ""query_len"": 4096}]","[[4096, 8, 128], [4096, 1, 128], [4096, 1, 128], [4096, 8, 128]]","[""torch.float16"", ""torch.float16"", ""torch.float16"", ""torch.float16""]","[{""argument"": ""args[0]"", ""shape"": [4096, 8, 128], ""dtype"": ""torch.float16"", ""device"": ""cuda:1"", ""stride"": [1280, 128, 1]}, {""argument"": ""args[1]"", ""shape"": [4096, 1, 128], ""dtype"": ""torch.float16"", ""device"": ""cuda:1"", ""stride"": [1280, 128, 1]}, {""argument"": ""args[2]"", ""shape"": [4096, 1, 128], ""dtype"": ""torch.float16"", ""device"": ""cuda:1"", ""stride"": [1280, 128, 1]}, {""argument"": ""args[3]"", ""shape"": [4096, 8, 128], ""dtype"": ""torch.float16"", ""device"": ""cuda:1"", ""stride"": [1024, 128, 1]}]",173726,555294,2
cloud,1,9275,prefill,2b19945777114854b82d6cd44b40f27b,optrace:9275:420,aten.view.default,"[{""request_id"": ""c4f28400bfd54f3bbb86f843f6fb61f5"", ""position"": 0, ""query_len"": 4096}]","[[4096, 8, 128]]","[""torch.float16""]","[{""argument"": ""args[0]"", ""shape"": [4096, 8, 128], ""dtype"": ""torch.float16"", ""device"": ""cuda:1"", ""stride"": [1024, 128, 1]}]",9231,0,0
cloud,1,9275,prefill,2b19945777114854b82d6cd44b40f27b,optrace:9275:421,aten.linear.default,"[{""request_id"": ""c4f28400bfd54f3bbb86f843f6fb61f5"", ""position"": 0, ""query_len"": 4096}]","[[4096, 1024], [2048, 1024]]","[""torch.float16"", ""torch.float16""]","[{""argument"": ""args[0]"", ""shape"": [4096, 1024], ""dtype"": ""torch.float16"", ""device"": ""cuda:1"", ""stride"": [1024, 1]}, {""argument"": ""args[1]"", ""shape"": [2048, 1024], ""dtype"": ""torch.float16"", ""device"": ""cuda:1"", ""stride"": [1024, 1]}]",53822,232639,1
cloud,1,9275,prefill,2b19945777114854b82d6cd44b40f27b,optrace:9275:422,vllm.all_reduce.default,"[{""request_id"": ""c4f28400bfd54f3bbb86f843f6fb61f5"", ""position"": 0, ""query_len"": 4096}]","[[4096, 2048]]","[""torch.float16""]","[{""argument"": ""args[0]"", ""shape"": [4096, 2048], ""dtype"": ""torch.float16"", ""device"": ""cuda:1"", ""stride"": [2048, 1]}]",82679,0,0
cloud,1,9275,prefill,2b19945777114854b82d6cd44b40f27b,optrace:9275:423,pynccl.all_reduce,"[{""request_id"": ""c4f28400bfd54f3bbb86f843f6fb61f5"", ""position"": 0, ""query_len"": 4096}]","[[4096, 2048]]","[""torch.float16""]","[{""argument"": ""args[0]"", ""shape"": [4096, 2048], ""dtype"": ""torch.float16"", ""device"": ""cuda:1"", ""stride"": [2048, 1]}]",64181,1225499,1
cloud,1,9275,prefill,2b19945777114854b82d6cd44b40f27b,optrace:9275:424,aten.detach.default,"[{""request_id"": ""c4f28400bfd54f3bbb86f843f6fb61f5"", ""position"": 0, ""query_len"": 4096}]",[[2048]],"[""torch.float16""]","[{""argument"": ""args[0]"", ""shape"": [2048], ""dtype"": ""torch.float16"", ""device"": ""cuda:1"", ""stride"": [1]}]",7688,0,0
cloud,1,9275,prefill,2b19945777114854b82d6cd44b40f27b,optrace:9275:425,_C.fused_add_rms_norm.default,"[{""request_id"": ""c4f28400bfd54f3bbb86f843f6fb61f5"", ""position"": 0, ""query_len"": 4096}]","[[4096, 2048], [4096, 2048], [2048]]","[""torch.float16"", ""torch.float16"", ""torch.float16""]","[{""argument"": ""args[0]"", ""shape"": [4096, 2048], ""dtype"": ""torch.float16"", ""device"": ""cuda:1"", ""stride"": [2048, 1]}, {""argument"": ""args[1]"", ""shape"": [4096, 2048], ""dtype"": ""torch.float16"", ""device"": ""cuda:1"", ""stride"": [2048, 1]}, {""argument"": ""args[2]"", ""shape"": [2048], ""dtype"": ""torch.float16"", ""device"": ""cuda:1"", ""stride"": [1]}]",19386,138399,1
cloud,1,9275,prefill,2b19945777114854b82d6cd44b40f27b,optrace:9275:426,aten.linear.default,"[{""request_id"": ""c4f28400bfd54f3bbb86f843f6fb61f5"", ""position"": 0, ""query_len"": 4096}]","[[4096, 2048], [11008, 2048]]","[""torch.float16"", ""torch.float16""]","[{""argument"": ""args[0]"", ""shape"": [4096, 2048], ""dtype"": ""torch.float16"", ""device"": ""cuda:1"", ""stride"": [2048, 1]}, {""argument"": ""args[1]"", ""shape"": [11008, 2048], ""dtype"": ""torch.float16"", ""device"": ""cuda:1"", ""stride"": [2048, 1]}]",61271,2305047,1
cloud,1,9275,prefill,2b19945777114854b82d6cd44b40f27b,optrace:9275:427,aten.empty.memory_format,"[{""request_id"": ""c4f28400bfd54f3bbb86f843f6fb61f5"", ""position"": 0, ""query_len"": 4096}]",[],[],[],21454,0,0
cloud,1,9275,prefill,2b19945777114854b82d6cd44b40f27b,optrace:9275:428,_C.silu_and_mul.default,"[{""request_id"": ""c4f28400bfd54f3bbb86f843f6fb61f5"", ""position"": 0, ""query_len"": 4096}]","[[4096, 5504], [4096, 11008]]","[""torch.float16"", ""torch.float16""]","[{""argument"": ""args[0]"", ""shape"": [4096, 5504], ""dtype"": ""torch.float16"", ""device"": ""cuda:1"", ""stride"": [5504, 1]}, {""argument"": ""args[1]"", ""shape"": [4096, 11008], ""dtype"": ""torch.float16"", ""device"": ""cuda:1"", ""stride"": [11008, 1]}]",16836,303039,1
cloud,1,9275,prefill,2b19945777114854b82d6cd44b40f27b,optrace:9275:429,aten.linear.default,"[{""request_id"": ""c4f28400bfd54f3bbb86f843f6fb61f5"", ""position"": 0, ""query_len"": 4096}]","[[4096, 5504], [2048, 5504]]","[""torch.float16"", ""torch.float16""]","[{""argument"": ""args[0]"", ""shape"": [4096, 5504], ""dtype"": ""torch.float16"", ""device"": ""cuda:1"", ""stride"": [5504, 1]}, {""argument"": ""args[1]"", ""shape"": [2048, 5504], ""dtype"": ""torch.float16"", ""device"": ""cuda:1"", ""stride"": [5504, 1]}]",45136,1091100,1
cloud,1,9275,prefill,2b19945777114854b82d6cd44b40f27b,optrace:9275:430,vllm.all_reduce.default,"[{""request_id"": ""c4f28400bfd54f3bbb86f843f6fb61f5"", ""position"": 0, ""query_len"": 4096}]","[[4096, 2048]]","[""torch.float16""]","[{""argument"": ""args[0]"", ""shape"": [4096, 2048], ""dtype"": ""torch.float16"", ""device"": ""cuda:1"", ""stride"": [2048, 1]}]",81151,0,0
cloud,1,9275,prefill,2b19945777114854b82d6cd44b40f27b,optrace:9275:431,pynccl.all_reduce,"[{""request_id"": ""c4f28400bfd54f3bbb86f843f6fb61f5"", ""position"": 0, ""query_len"": 4096}]","[[4096, 2048]]","[""torch.float16""]","[{""argument"": ""args[0]"", ""shape"": [4096, 2048], ""dtype"": ""torch.float16"", ""device"": ""cuda:1"", ""stride"": [2048, 1]}]",59485,1231803,1
cloud,1,9275,prefill,2b19945777114854b82d6cd44b40f27b,optrace:9275:432,aten.detach.default,"[{""request_id"": ""c4f28400bfd54f3bbb86f843f6fb61f5"", ""position"": 0, ""query_len"": 4096}]",[[2048]],"[""torch.float16""]","[{""argument"": ""args[0]"", ""shape"": [2048], ""dtype"": ""torch.float16"", ""device"": ""cuda:1"", ""stride"": [1]}]",8236,0,0
cloud,1,9275,prefill,2b19945777114854b82d6cd44b40f27b,optrace:9275:433,_C.fused_add_rms_norm.default,"[{""request_id"": ""c4f28400bfd54f3bbb86f843f6fb61f5"", ""position"": 0, ""query_len"": 4096}]","[[4096, 2048], [4096, 2048], [2048]]","[""torch.float16"", ""torch.float16"", ""torch.float16""]","[{""argument"": ""args[0]"", ""shape"": [4096, 2048], ""dtype"": ""torch.float16"", ""device"": ""cuda:1"", ""stride"": [2048, 1]}, {""argument"": ""args[1]"", ""shape"": [4096, 2048], ""dtype"": ""torch.float16"", ""device"": ""cuda:1"", ""stride"": [2048, 1]}, {""argument"": ""args[2]"", ""shape"": [2048], ""dtype"": ""torch.float16"", ""device"": ""cuda:1"", ""stride"": [1]}]",20496,138751,1
cloud,1,9275,prefill,2b19945777114854b82d6cd44b40f27b,optrace:9275:434,aten.linear.default,"[{""request_id"": ""c4f28400bfd54f3bbb86f843f6fb61f5"", ""position"": 0, ""query_len"": 4096}]","[[4096, 2048], [1280, 2048], [1280]]","[""torch.float16"", ""torch.float16"", ""torch.float16""]","[{""argument"": ""args[0]"", ""shape"": [4096, 2048], ""dtype"": ""torch.float16"", ""device"": ""cuda:1"", ""stride"": [2048, 1]}, {""argument"": ""args[1]"", ""shape"": [1280, 2048], ""dtype"": ""torch.float16"", ""device"": ""cuda:1"", ""stride"": [2048, 1]}, {""argument"": ""args[2]"", ""shape"": [1280], ""dtype"": ""torch.float16"", ""device"": ""cuda:1"", ""stride"": [1]}]",61919,330399,1
cloud,1,9275,prefill,2b19945777114854b82d6cd44b40f27b,optrace:9275:435,aten.split_with_sizes.default,"[{""request_id"": ""c4f28400bfd54f3bbb86f843f6fb61f5"", ""position"": 0, ""query_len"": 4096}]","[[4096, 1280]]","[""torch.float16""]","[{""argument"": ""args[0]"", ""shape"": [4096, 1280], ""dtype"": ""torch.float16"", ""device"": ""cuda:1"", ""stride"": [1280, 1]}]",26773,0,0
cloud,1,9275,prefill,2b19945777114854b82d6cd44b40f27b,optrace:9275:436,_C.rotary_embedding.default,"[{""request_id"": ""c4f28400bfd54f3bbb86f843f6fb61f5"", ""position"": 0, ""query_len"": 4096}]","[[4096], [4096, 1024], [4096, 128], [32768, 128]]","[""torch.int64"", ""torch.float16"", ""torch.float16"", ""torch.float16""]","[{""argument"": ""args[0]"", ""shape"": [4096], ""dtype"": ""torch.int64"", ""device"": ""cuda:1"", ""stride"": [1]}, {""argument"": ""args[1]"", ""shape"": [4096, 1024], ""dtype"": ""torch.float16"", ""device"": ""cuda:1"", ""stride"": [1280, 1]}, {""argument"": ""args[2]"", ""shape"": [4096, 128], ""dtype"": ""torch.float16"", ""device"": ""cuda:1"", ""stride"": [1280, 1]}, {""argument"": ""args[4]"", ""shape"": [32768, 128], ""dtype"": ""torch.float16"", ""device"": ""cuda:1"", ""stride"": [128, 1]}]",22619,50912,1
cloud,1,9275,prefill,2b19945777114854b82d6cd44b40f27b,optrace:9275:437,aten.zeros.default,"[{""request_id"": ""c4f28400bfd54f3bbb86f843f6fb61f5"", ""position"": 0, ""query_len"": 4096}]",[],[],[],40976,18240,1
cloud,1,9275,prefill,2b19945777114854b82d6cd44b40f27b,optrace:9275:438,aten.view.default,"[{""request_id"": ""c4f28400bfd54f3bbb86f843f6fb61f5"", ""position"": 0, ""query_len"": 4096}]","[[4096, 1024]]","[""torch.float16""]","[{""argument"": ""args[0]"", ""shape"": [4096, 1024], ""dtype"": ""torch.float16"", ""device"": ""cuda:1"", ""stride"": [1280, 1]}]",9868,0,0
cloud,1,9275,prefill,2b19945777114854b82d6cd44b40f27b,optrace:9275:439,aten.view.default,"[{""request_id"": ""c4f28400bfd54f3bbb86f843f6fb61f5"", ""position"": 0, ""query_len"": 4096}]","[[4096, 1024]]","[""torch.float16""]","[{""argument"": ""args[0]"", ""shape"": [4096, 1024], ""dtype"": ""torch.float16"", ""device"": ""cuda:1"", ""stride"": [1024, 1]}]",5617,0,0
cloud,1,9275,prefill,2b19945777114854b82d6cd44b40f27b,optrace:9275:440,aten.view.default,"[{""request_id"": ""c4f28400bfd54f3bbb86f843f6fb61f5"", ""position"": 0, ""query_len"": 4096}]","[[4096, 128]]","[""torch.float16""]","[{""argument"": ""args[0]"", ""shape"": [4096, 128], ""dtype"": ""torch.float16"", ""device"": ""cuda:1"", ""stride"": [1280, 1]}]",5482,0,0
cloud,1,9275,prefill,2b19945777114854b82d6cd44b40f27b,optrace:9275:441,aten.view.default,"[{""request_id"": ""c4f28400bfd54f3bbb86f843f6fb61f5"", ""position"": 0, ""query_len"": 4096}]","[[4096, 128]]","[""torch.float16""]","[{""argument"": ""args[0]"", ""shape"": [4096, 128], ""dtype"": ""torch.float16"", ""device"": ""cuda:1"", ""stride"": [1280, 1]}]",5077,0,0
cloud,1,9275,prefill,2b19945777114854b82d6cd44b40f27b,optrace:9275:442,vllm.unified_attention_with_output.default,"[{""request_id"": ""c4f28400bfd54f3bbb86f843f6fb61f5"", ""position"": 0, ""query_len"": 4096}]","[[4096, 8, 128], [4096, 1, 128], [4096, 1, 128], [4096, 8, 128]]","[""torch.float16"", ""torch.float16"", ""torch.float16"", ""torch.float16""]","[{""argument"": ""args[0]"", ""shape"": [4096, 8, 128], ""dtype"": ""torch.float16"", ""device"": ""cuda:1"", ""stride"": [1280, 128, 1]}, {""argument"": ""args[1]"", ""shape"": [4096, 1, 128], ""dtype"": ""torch.float16"", ""device"": ""cuda:1"", ""stride"": [1280, 128, 1]}, {""argument"": ""args[2]"", ""shape"": [4096, 1, 128], ""dtype"": ""torch.float16"", ""device"": ""cuda:1"", ""stride"": [1280, 128, 1]}, {""argument"": ""args[3]"", ""shape"": [4096, 8, 128], ""dtype"": ""torch.float16"", ""device"": ""cuda:1"", ""stride"": [1024, 128, 1]}]",177185,564989,2
cloud,1,9275,prefill,2b19945777114854b82d6cd44b40f27b,optrace:9275:443,aten.view.default,"[{""request_id"": ""c4f28400bfd54f3bbb86f843f6fb61f5"", ""position"": 0, ""query_len"": 4096}]","[[4096, 8, 128]]","[""torch.float16""]","[{""argument"": ""args[0]"", ""shape"": [4096, 8, 128], ""dtype"": ""torch.float16"", ""device"": ""cuda:1"", ""stride"": [1024, 128, 1]}]",10084,0,0
cloud,1,9275,prefill,2b19945777114854b82d6cd44b40f27b,optrace:9275:444,aten.linear.default,"[{""request_id"": ""c4f28400bfd54f3bbb86f843f6fb61f5"", ""position"": 0, ""query_len"": 4096}]","[[4096, 1024], [2048, 1024]]","[""torch.float16"", ""torch.float16""]","[{""argument"": ""args[0]"", ""shape"": [4096, 1024], ""dtype"": ""torch.float16"", ""device"": ""cuda:1"", ""stride"": [1024, 1]}, {""argument"": ""args[1]"", ""shape"": [2048, 1024], ""dtype"": ""torch.float16"", ""device"": ""cuda:1"", ""stride"": [1024, 1]}]",58711,232767,1
cloud,1,9275,prefill,2b19945777114854b82d6cd44b40f27b,optrace:9275:445,vllm.all_reduce.default,"[{""request_id"": ""c4f28400bfd54f3bbb86f843f6fb61f5"", ""position"": 0, ""query_len"": 4096}]","[[4096, 2048]]","[""torch.float16""]","[{""argument"": ""args[0]"", ""shape"": [4096, 2048], ""dtype"": ""torch.float16"", ""device"": ""cuda:1"", ""stride"": [2048, 1]}]",85289,0,0
cloud,1,9275,prefill,2b19945777114854b82d6cd44b40f27b,optrace:9275:446,pynccl.all_reduce,"[{""request_id"": ""c4f28400bfd54f3bbb86f843f6fb61f5"", ""position"": 0, ""query_len"": 4096}]","[[4096, 2048]]","[""torch.float16""]","[{""argument"": ""args[0]"", ""shape"": [4096, 2048], ""dtype"": ""torch.float16"", ""device"": ""cuda:1"", ""stride"": [2048, 1]}]",61710,1232732,1
cloud,1,9275,prefill,2b19945777114854b82d6cd44b40f27b,optrace:9275:447,aten.detach.default,"[{""request_id"": ""c4f28400bfd54f3bbb86f843f6fb61f5"", ""position"": 0, ""query_len"": 4096}]",[[2048]],"[""torch.float16""]","[{""argument"": ""args[0]"", ""shape"": [2048], ""dtype"": ""torch.float16"", ""device"": ""cuda:1"", ""stride"": [1]}]",8124,0,0
cloud,1,9275,prefill,2b19945777114854b82d6cd44b40f27b,optrace:9275:448,_C.fused_add_rms_norm.default,"[{""request_id"": ""c4f28400bfd54f3bbb86f843f6fb61f5"", ""position"": 0, ""query_len"": 4096}]","[[4096, 2048], [4096, 2048], [2048]]","[""torch.float16"", ""torch.float16"", ""torch.float16""]","[{""argument"": ""args[0]"", ""shape"": [4096, 2048], ""dtype"": ""torch.float16"", ""device"": ""cuda:1"", ""stride"": [2048, 1]}, {""argument"": ""args[1]"", ""shape"": [4096, 2048], ""dtype"": ""torch.float16"", ""device"": ""cuda:1"", ""stride"": [2048, 1]}, {""argument"": ""args[2]"", ""shape"": [2048], ""dtype"": ""torch.float16"", ""device"": ""cuda:1"", ""stride"": [1]}]",20523,138015,1
cloud,1,9275,prefill,2b19945777114854b82d6cd44b40f27b,optrace:9275:449,aten.linear.default,"[{""request_id"": ""c4f28400bfd54f3bbb86f843f6fb61f5"", ""position"": 0, ""query_len"": 4096}]","[[4096, 2048], [11008, 2048]]","[""torch.float16"", ""torch.float16""]","[{""argument"": ""args[0]"", ""shape"": [4096, 2048], ""dtype"": ""torch.float16"", ""device"": ""cuda:1"", ""stride"": [2048, 1]}, {""argument"": ""args[1]"", ""shape"": [11008, 2048], ""dtype"": ""torch.float16"", ""device"": ""cuda:1"", ""stride"": [2048, 1]}]",63037,2306935,1
cloud,1,9275,prefill,2b19945777114854b82d6cd44b40f27b,optrace:9275:450,aten.empty.memory_format,"[{""request_id"": ""c4f28400bfd54f3bbb86f843f6fb61f5"", ""position"": 0, ""query_len"": 4096}]",[],[],[],34638,0,0
cloud,1,9275,prefill,2b19945777114854b82d6cd44b40f27b,optrace:9275:451,_C.silu_and_mul.default,"[{""request_id"": ""c4f28400bfd54f3bbb86f843f6fb61f5"", ""position"": 0, ""query_len"": 4096}]","[[4096, 5504], [4096, 11008]]","[""torch.float16"", ""torch.float16""]","[{""argument"": ""args[0]"", ""shape"": [4096, 5504], ""dtype"": ""torch.float16"", ""device"": ""cuda:1"", ""stride"": [5504, 1]}, {""argument"": ""args[1]"", ""shape"": [4096, 11008], ""dtype"": ""torch.float16"", ""device"": ""cuda:1"", ""stride"": [11008, 1]}]",18854,304543,1
cloud,1,9275,prefill,2b19945777114854b82d6cd44b40f27b,optrace:9275:452,aten.linear.default,"[{""request_id"": ""c4f28400bfd54f3bbb86f843f6fb61f5"", ""position"": 0, ""query_len"": 4096}]","[[4096, 5504], [2048, 5504]]","[""torch.float16"", ""torch.float16""]","[{""argument"": ""args[0]"", ""shape"": [4096, 5504], ""dtype"": ""torch.float16"", ""device"": ""cuda:1"", ""stride"": [5504, 1]}, {""argument"": ""args[1]"", ""shape"": [2048, 5504], ""dtype"": ""torch.float16"", ""device"": ""cuda:1"", ""stride"": [5504, 1]}]",47684,1103035,1
cloud,1,9275,prefill,2b19945777114854b82d6cd44b40f27b,optrace:9275:453,vllm.all_reduce.default,"[{""request_id"": ""c4f28400bfd54f3bbb86f843f6fb61f5"", ""position"": 0, ""query_len"": 4096}]","[[4096, 2048]]","[""torch.float16""]","[{""argument"": ""args[0]"", ""shape"": [4096, 2048], ""dtype"": ""torch.float16"", ""device"": ""cuda:1"", ""stride"": [2048, 1]}]",77163,0,0
cloud,1,9275,prefill,2b19945777114854b82d6cd44b40f27b,optrace:9275:454,pynccl.all_reduce,"[{""request_id"": ""c4f28400bfd54f3bbb86f843f6fb61f5"", ""position"": 0, ""query_len"": 4096}]","[[4096, 2048]]","[""torch.float16""]","[{""argument"": ""args[0]"", ""shape"": [4096, 2048], ""dtype"": ""torch.float16"", ""device"": ""cuda:1"", ""stride"": [2048, 1]}]",58861,1236091,1
cloud,1,9275,prefill,2b19945777114854b82d6cd44b40f27b,optrace:9275:455,aten.detach.default,"[{""request_id"": ""c4f28400bfd54f3bbb86f843f6fb61f5"", ""position"": 0, ""query_len"": 4096}]",[[2048]],"[""torch.float16""]","[{""argument"": ""args[0]"", ""shape"": [2048], ""dtype"": ""torch.float16"", ""device"": ""cuda:1"", ""stride"": [1]}]",7480,0,0
cloud,1,9275,prefill,2b19945777114854b82d6cd44b40f27b,optrace:9275:456,_C.fused_add_rms_norm.default,"[{""request_id"": ""c4f28400bfd54f3bbb86f843f6fb61f5"", ""position"": 0, ""query_len"": 4096}]","[[4096, 2048], [4096, 2048], [2048]]","[""torch.float16"", ""torch.float16"", ""torch.float16""]","[{""argument"": ""args[0]"", ""shape"": [4096, 2048], ""dtype"": ""torch.float16"", ""device"": ""cuda:1"", ""stride"": [2048, 1]}, {""argument"": ""args[1]"", ""shape"": [4096, 2048], ""dtype"": ""torch.float16"", ""device"": ""cuda:1"", ""stride"": [2048, 1]}, {""argument"": ""args[2]"", ""shape"": [2048], ""dtype"": ""torch.float16"", ""device"": ""cuda:1"", ""stride"": [1]}]",19758,138944,1
cloud,1,9275,prefill,2b19945777114854b82d6cd44b40f27b,optrace:9275:457,aten.linear.default,"[{""request_id"": ""c4f28400bfd54f3bbb86f843f6fb61f5"", ""position"": 0, ""query_len"": 4096}]","[[4096, 2048], [1280, 2048], [1280]]","[""torch.float16"", ""torch.float16"", ""torch.float16""]","[{""argument"": ""args[0]"", ""shape"": [4096, 2048], ""dtype"": ""torch.float16"", ""device"": ""cuda:1"", ""stride"": [2048, 1]}, {""argument"": ""args[1]"", ""shape"": [1280, 2048], ""dtype"": ""torch.float16"", ""device"": ""cuda:1"", ""stride"": [2048, 1]}, {""argument"": ""args[2]"", ""shape"": [1280], ""dtype"": ""torch.float16"", ""device"": ""cuda:1"", ""stride"": [1]}]",60964,333278,1
cloud,1,9275,prefill,2b19945777114854b82d6cd44b40f27b,optrace:9275:458,aten.split_with_sizes.default,"[{""request_id"": ""c4f28400bfd54f3bbb86f843f6fb61f5"", ""position"": 0, ""query_len"": 4096}]","[[4096, 1280]]","[""torch.float16""]","[{""argument"": ""args[0]"", ""shape"": [4096, 1280], ""dtype"": ""torch.float16"", ""device"": ""cuda:1"", ""stride"": [1280, 1]}]",14281,0,0
cloud,1,9275,prefill,2b19945777114854b82d6cd44b40f27b,optrace:9275:459,_C.rotary_embedding.default,"[{""request_id"": ""c4f28400bfd54f3bbb86f843f6fb61f5"", ""position"": 0, ""query_len"": 4096}]","[[4096], [4096, 1024], [4096, 128], [32768, 128]]","[""torch.int64"", ""torch.float16"", ""torch.float16"", ""torch.float16""]","[{""argument"": ""args[0]"", ""shape"": [4096], ""dtype"": ""torch.int64"", ""device"": ""cuda:1"", ""stride"": [1]}, {""argument"": ""args[1]"", ""shape"": [4096, 1024], ""dtype"": ""torch.float16"", ""device"": ""cuda:1"", ""stride"": [1280, 1]}, {""argument"": ""args[2]"", ""shape"": [4096, 128], ""dtype"": ""torch.float16"", ""device"": ""cuda:1"", ""stride"": [1280, 1]}, {""argument"": ""args[4]"", ""shape"": [32768, 128], ""dtype"": ""torch.float16"", ""device"": ""cuda:1"", ""stride"": [128, 1]}]",20880,50784,1
cloud,1,9275,prefill,2b19945777114854b82d6cd44b40f27b,optrace:9275:460,aten.zeros.default,"[{""request_id"": ""c4f28400bfd54f3bbb86f843f6fb61f5"", ""position"": 0, ""query_len"": 4096}]",[],[],[],40585,17984,1
cloud,1,9275,prefill,2b19945777114854b82d6cd44b40f27b,optrace:9275:461,aten.view.default,"[{""request_id"": ""c4f28400bfd54f3bbb86f843f6fb61f5"", ""position"": 0, ""query_len"": 4096}]","[[4096, 1024]]","[""torch.float16""]","[{""argument"": ""args[0]"", ""shape"": [4096, 1024], ""dtype"": ""torch.float16"", ""device"": ""cuda:1"", ""stride"": [1280, 1]}]",8706,0,0
cloud,1,9275,prefill,2b19945777114854b82d6cd44b40f27b,optrace:9275:462,aten.view.default,"[{""request_id"": ""c4f28400bfd54f3bbb86f843f6fb61f5"", ""position"": 0, ""query_len"": 4096}]","[[4096, 1024]]","[""torch.float16""]","[{""argument"": ""args[0]"", ""shape"": [4096, 1024], ""dtype"": ""torch.float16"", ""device"": ""cuda:1"", ""stride"": [1024, 1]}]",5600,0,0
cloud,1,9275,prefill,2b19945777114854b82d6cd44b40f27b,optrace:9275:463,aten.view.default,"[{""request_id"": ""c4f28400bfd54f3bbb86f843f6fb61f5"", ""position"": 0, ""query_len"": 4096}]","[[4096, 128]]","[""torch.float16""]","[{""argument"": ""args[0]"", ""shape"": [4096, 128], ""dtype"": ""torch.float16"", ""device"": ""cuda:1"", ""stride"": [1280, 1]}]",5604,0,0
cloud,1,9275,prefill,2b19945777114854b82d6cd44b40f27b,optrace:9275:464,aten.view.default,"[{""request_id"": ""c4f28400bfd54f3bbb86f843f6fb61f5"", ""position"": 0, ""query_len"": 4096}]","[[4096, 128]]","[""torch.float16""]","[{""argument"": ""args[0]"", ""shape"": [4096, 128], ""dtype"": ""torch.float16"", ""device"": ""cuda:1"", ""stride"": [1280, 1]}]",5358,0,0
cloud,1,9275,prefill,2b19945777114854b82d6cd44b40f27b,optrace:9275:465,vllm.unified_attention_with_output.default,"[{""request_id"": ""c4f28400bfd54f3bbb86f843f6fb61f5"", ""position"": 0, ""query_len"": 4096}]","[[4096, 8, 128], [4096, 1, 128], [4096, 1, 128], [4096, 8, 128]]","[""torch.float16"", ""torch.float16"", ""torch.float16"", ""torch.float16""]","[{""argument"": ""args[0]"", ""shape"": [4096, 8, 128], ""dtype"": ""torch.float16"", ""device"": ""cuda:1"", ""stride"": [1280, 128, 1]}, {""argument"": ""args[1]"", ""shape"": [4096, 1, 128], ""dtype"": ""torch.float16"", ""device"": ""cuda:1"", ""stride"": [1280, 128, 1]}, {""argument"": ""args[2]"", ""shape"": [4096, 1, 128], ""dtype"": ""torch.float16"", ""device"": ""cuda:1"", ""stride"": [1280, 128, 1]}, {""argument"": ""args[3]"", ""shape"": [4096, 8, 128], ""dtype"": ""torch.float16"", ""device"": ""cuda:1"", ""stride"": [1024, 128, 1]}]",189067,598878,2
cloud,1,9275,prefill,2b19945777114854b82d6cd44b40f27b,optrace:9275:466,aten.view.default,"[{""request_id"": ""c4f28400bfd54f3bbb86f843f6fb61f5"", ""position"": 0, ""query_len"": 4096}]","[[4096, 8, 128]]","[""torch.float16""]","[{""argument"": ""args[0]"", ""shape"": [4096, 8, 128], ""dtype"": ""torch.float16"", ""device"": ""cuda:1"", ""stride"": [1024, 128, 1]}]",23234,0,0
cloud,1,9275,prefill,2b19945777114854b82d6cd44b40f27b,optrace:9275:467,aten.linear.default,"[{""request_id"": ""c4f28400bfd54f3bbb86f843f6fb61f5"", ""position"": 0, ""query_len"": 4096}]","[[4096, 1024], [2048, 1024]]","[""torch.float16"", ""torch.float16""]","[{""argument"": ""args[0]"", ""shape"": [4096, 1024], ""dtype"": ""torch.float16"", ""device"": ""cuda:1"", ""stride"": [1024, 1]}, {""argument"": ""args[1]"", ""shape"": [2048, 1024], ""dtype"": ""torch.float16"", ""device"": ""cuda:1"", ""stride"": [1024, 1]}]",55680,235807,1
cloud,1,9275,prefill,2b19945777114854b82d6cd44b40f27b,optrace:9275:468,vllm.all_reduce.default,"[{""request_id"": ""c4f28400bfd54f3bbb86f843f6fb61f5"", ""position"": 0, ""query_len"": 4096}]","[[4096, 2048]]","[""torch.float16""]","[{""argument"": ""args[0]"", ""shape"": [4096, 2048], ""dtype"": ""torch.float16"", ""device"": ""cuda:1"", ""stride"": [2048, 1]}]",86662,0,0
cloud,1,9275,prefill,2b19945777114854b82d6cd44b40f27b,optrace:9275:469,pynccl.all_reduce,"[{""request_id"": ""c4f28400bfd54f3bbb86f843f6fb61f5"", ""position"": 0, ""query_len"": 4096}]","[[4096, 2048]]","[""torch.float16""]","[{""argument"": ""args[0]"", ""shape"": [4096, 2048], ""dtype"": ""torch.float16"", ""device"": ""cuda:1"", ""stride"": [2048, 1]}]",65032,1224475,1
cloud,1,9275,prefill,2b19945777114854b82d6cd44b40f27b,optrace:9275:470,aten.detach.default,"[{""request_id"": ""c4f28400bfd54f3bbb86f843f6fb61f5"", ""position"": 0, ""query_len"": 4096}]",[[2048]],"[""torch.float16""]","[{""argument"": ""args[0]"", ""shape"": [2048], ""dtype"": ""torch.float16"", ""device"": ""cuda:1"", ""stride"": [1]}]",7886,0,0
cloud,1,9275,prefill,2b19945777114854b82d6cd44b40f27b,optrace:9275:471,_C.fused_add_rms_norm.default,"[{""request_id"": ""c4f28400bfd54f3bbb86f843f6fb61f5"", ""position"": 0, ""query_len"": 4096}]","[[4096, 2048], [4096, 2048], [2048]]","[""torch.float16"", ""torch.float16"", ""torch.float16""]","[{""argument"": ""args[0]"", ""shape"": [4096, 2048], ""dtype"": ""torch.float16"", ""device"": ""cuda:1"", ""stride"": [2048, 1]}, {""argument"": ""args[1]"", ""shape"": [4096, 2048], ""dtype"": ""torch.float16"", ""device"": ""cuda:1"", ""stride"": [2048, 1]}, {""argument"": ""args[2]"", ""shape"": [2048], ""dtype"": ""torch.float16"", ""device"": ""cuda:1"", ""stride"": [1]}]",19607,139391,1
cloud,1,9275,prefill,2b19945777114854b82d6cd44b40f27b,optrace:9275:472,aten.linear.default,"[{""request_id"": ""c4f28400bfd54f3bbb86f843f6fb61f5"", ""position"": 0, ""query_len"": 4096}]","[[4096, 2048], [11008, 2048]]","[""torch.float16"", ""torch.float16""]","[{""argument"": ""args[0]"", ""shape"": [4096, 2048], ""dtype"": ""torch.float16"", ""device"": ""cuda:1"", ""stride"": [2048, 1]}, {""argument"": ""args[1]"", ""shape"": [11008, 2048], ""dtype"": ""torch.float16"", ""device"": ""cuda:1"", ""stride"": [2048, 1]}]",60684,2315063,1
cloud,1,9275,prefill,2b19945777114854b82d6cd44b40f27b,optrace:9275:473,aten.empty.memory_format,"[{""request_id"": ""c4f28400bfd54f3bbb86f843f6fb61f5"", ""position"": 0, ""query_len"": 4096}]",[],[],[],21241,0,0
cloud,1,9275,prefill,2b19945777114854b82d6cd44b40f27b,optrace:9275:474,_C.silu_and_mul.default,"[{""request_id"": ""c4f28400bfd54f3bbb86f843f6fb61f5"", ""position"": 0, ""query_len"": 4096}]","[[4096, 5504], [4096, 11008]]","[""torch.float16"", ""torch.float16""]","[{""argument"": ""args[0]"", ""shape"": [4096, 5504], ""dtype"": ""torch.float16"", ""device"": ""cuda:1"", ""stride"": [5504, 1]}, {""argument"": ""args[1]"", ""shape"": [4096, 11008], ""dtype"": ""torch.float16"", ""device"": ""cuda:1"", ""stride"": [11008, 1]}]",16823,304991,1
cloud,1,9275,prefill,2b19945777114854b82d6cd44b40f27b,optrace:9275:475,aten.linear.default,"[{""request_id"": ""c4f28400bfd54f3bbb86f843f6fb61f5"", ""position"": 0, ""query_len"": 4096}]","[[4096, 5504], [2048, 5504]]","[""torch.float16"", ""torch.float16""]","[{""argument"": ""args[0]"", ""shape"": [4096, 5504], ""dtype"": ""torch.float16"", ""device"": ""cuda:1"", ""stride"": [5504, 1]}, {""argument"": ""args[1]"", ""shape"": [2048, 5504], ""dtype"": ""torch.float16"", ""device"": ""cuda:1"", ""stride"": [5504, 1]}]",43834,1103004,1
cloud,1,9275,prefill,2b19945777114854b82d6cd44b40f27b,optrace:9275:476,vllm.all_reduce.default,"[{""request_id"": ""c4f28400bfd54f3bbb86f843f6fb61f5"", ""position"": 0, ""query_len"": 4096}]","[[4096, 2048]]","[""torch.float16""]","[{""argument"": ""args[0]"", ""shape"": [4096, 2048], ""dtype"": ""torch.float16"", ""device"": ""cuda:1"", ""stride"": [2048, 1]}]",76221,0,0
cloud,1,9275,prefill,2b19945777114854b82d6cd44b40f27b,optrace:9275:477,pynccl.all_reduce,"[{""request_id"": ""c4f28400bfd54f3bbb86f843f6fb61f5"", ""position"": 0, ""query_len"": 4096}]","[[4096, 2048]]","[""torch.float16""]","[{""argument"": ""args[0]"", ""shape"": [4096, 2048], ""dtype"": ""torch.float16"", ""device"": ""cuda:1"", ""stride"": [2048, 1]}]",57831,1225051,1
cloud,1,9275,prefill,2b19945777114854b82d6cd44b40f27b,optrace:9275:478,aten.detach.default,"[{""request_id"": ""c4f28400bfd54f3bbb86f843f6fb61f5"", ""position"": 0, ""query_len"": 4096}]",[[2048]],"[""torch.float16""]","[{""argument"": ""args[0]"", ""shape"": [2048], ""dtype"": ""torch.float16"", ""device"": ""cuda:1"", ""stride"": [1]}]",16749,0,0
cloud,1,9275,prefill,2b19945777114854b82d6cd44b40f27b,optrace:9275:479,_C.fused_add_rms_norm.default,"[{""request_id"": ""c4f28400bfd54f3bbb86f843f6fb61f5"", ""position"": 0, ""query_len"": 4096}]","[[4096, 2048], [4096, 2048], [2048]]","[""torch.float16"", ""torch.float16"", ""torch.float16""]","[{""argument"": ""args[0]"", ""shape"": [4096, 2048], ""dtype"": ""torch.float16"", ""device"": ""cuda:1"", ""stride"": [2048, 1]}, {""argument"": ""args[1]"", ""shape"": [4096, 2048], ""dtype"": ""torch.float16"", ""device"": ""cuda:1"", ""stride"": [2048, 1]}, {""argument"": ""args[2]"", ""shape"": [2048], ""dtype"": ""torch.float16"", ""device"": ""cuda:1"", ""stride"": [1]}]",20280,139999,1
cloud,1,9275,prefill,2b19945777114854b82d6cd44b40f27b,optrace:9275:480,aten.linear.default,"[{""request_id"": ""c4f28400bfd54f3bbb86f843f6fb61f5"", ""position"": 0, ""query_len"": 4096}]","[[4096, 2048], [1280, 2048], [1280]]","[""torch.float16"", ""torch.float16"", ""torch.float16""]","[{""argument"": ""args[0]"", ""shape"": [4096, 2048], ""dtype"": ""torch.float16"", ""device"": ""cuda:1"", ""stride"": [2048, 1]}, {""argument"": ""args[1]"", ""shape"": [1280, 2048], ""dtype"": ""torch.float16"", ""device"": ""cuda:1"", ""stride"": [2048, 1]}, {""argument"": ""args[2]"", ""shape"": [1280], ""dtype"": ""torch.float16"", ""device"": ""cuda:1"", ""stride"": [1]}]",62109,332831,1
cloud,1,9275,prefill,2b19945777114854b82d6cd44b40f27b,optrace:9275:481,aten.split_with_sizes.default,"[{""request_id"": ""c4f28400bfd54f3bbb86f843f6fb61f5"", ""position"": 0, ""query_len"": 4096}]","[[4096, 1280]]","[""torch.float16""]","[{""argument"": ""args[0]"", ""shape"": [4096, 1280], ""dtype"": ""torch.float16"", ""device"": ""cuda:1"", ""stride"": [1280, 1]}]",16677,0,0
cloud,1,9275,prefill,2b19945777114854b82d6cd44b40f27b,optrace:9275:482,_C.rotary_embedding.default,"[{""request_id"": ""c4f28400bfd54f3bbb86f843f6fb61f5"", ""position"": 0, ""query_len"": 4096}]","[[4096], [4096, 1024], [4096, 128], [32768, 128]]","[""torch.int64"", ""torch.float16"", ""torch.float16"", ""torch.float16""]","[{""argument"": ""args[0]"", ""shape"": [4096], ""dtype"": ""torch.int64"", ""device"": ""cuda:1"", ""stride"": [1]}, {""argument"": ""args[1]"", ""shape"": [4096, 1024], ""dtype"": ""torch.float16"", ""device"": ""cuda:1"", ""stride"": [1280, 1]}, {""argument"": ""args[2]"", ""shape"": [4096, 128], ""dtype"": ""torch.float16"", ""device"": ""cuda:1"", ""stride"": [1280, 1]}, {""argument"": ""args[4]"", ""shape"": [32768, 128], ""dtype"": ""torch.float16"", ""device"": ""cuda:1"", ""stride"": [128, 1]}]",23695,51072,1
cloud,1,9275,prefill,2b19945777114854b82d6cd44b40f27b,optrace:9275:483,aten.zeros.default,"[{""request_id"": ""c4f28400bfd54f3bbb86f843f6fb61f5"", ""position"": 0, ""query_len"": 4096}]",[],[],[],42437,18144,1
cloud,1,9275,prefill,2b19945777114854b82d6cd44b40f27b,optrace:9275:484,aten.view.default,"[{""request_id"": ""c4f28400bfd54f3bbb86f843f6fb61f5"", ""position"": 0, ""query_len"": 4096}]","[[4096, 1024]]","[""torch.float16""]","[{""argument"": ""args[0]"", ""shape"": [4096, 1024], ""dtype"": ""torch.float16"", ""device"": ""cuda:1"", ""stride"": [1280, 1]}]",8972,0,0
cloud,1,9275,prefill,2b19945777114854b82d6cd44b40f27b,optrace:9275:485,aten.view.default,"[{""request_id"": ""c4f28400bfd54f3bbb86f843f6fb61f5"", ""position"": 0, ""query_len"": 4096}]","[[4096, 1024]]","[""torch.float16""]","[{""argument"": ""args[0]"", ""shape"": [4096, 1024], ""dtype"": ""torch.float16"", ""device"": ""cuda:1"", ""stride"": [1024, 1]}]",5149,0,0
cloud,1,9275,prefill,2b19945777114854b82d6cd44b40f27b,optrace:9275:486,aten.view.default,"[{""request_id"": ""c4f28400bfd54f3bbb86f843f6fb61f5"", ""position"": 0, ""query_len"": 4096}]","[[4096, 128]]","[""torch.float16""]","[{""argument"": ""args[0]"", ""shape"": [4096, 128], ""dtype"": ""torch.float16"", ""device"": ""cuda:1"", ""stride"": [1280, 1]}]",5238,0,0
cloud,1,9275,prefill,2b19945777114854b82d6cd44b40f27b,optrace:9275:487,aten.view.default,"[{""request_id"": ""c4f28400bfd54f3bbb86f843f6fb61f5"", ""position"": 0, ""query_len"": 4096}]","[[4096, 128]]","[""torch.float16""]","[{""argument"": ""args[0]"", ""shape"": [4096, 128], ""dtype"": ""torch.float16"", ""device"": ""cuda:1"", ""stride"": [1280, 1]}]",5153,0,0
cloud,1,9275,prefill,2b19945777114854b82d6cd44b40f27b,optrace:9275:488,vllm.unified_attention_with_output.default,"[{""request_id"": ""c4f28400bfd54f3bbb86f843f6fb61f5"", ""position"": 0, ""query_len"": 4096}]","[[4096, 8, 128], [4096, 1, 128], [4096, 1, 128], [4096, 8, 128]]","[""torch.float16"", ""torch.float16"", ""torch.float16"", ""torch.float16""]","[{""argument"": ""args[0]"", ""shape"": [4096, 8, 128], ""dtype"": ""torch.float16"", ""device"": ""cuda:1"", ""stride"": [1280, 128, 1]}, {""argument"": ""args[1]"", ""shape"": [4096, 1, 128], ""dtype"": ""torch.float16"", ""device"": ""cuda:1"", ""stride"": [1280, 128, 1]}, {""argument"": ""args[2]"", ""shape"": [4096, 1, 128], ""dtype"": ""torch.float16"", ""device"": ""cuda:1"", ""stride"": [1280, 128, 1]}, {""argument"": ""args[3]"", ""shape"": [4096, 8, 128], ""dtype"": ""torch.float16"", ""device"": ""cuda:1"", ""stride"": [1024, 128, 1]}]",174053,570077,2
cloud,1,9275,prefill,2b19945777114854b82d6cd44b40f27b,optrace:9275:489,aten.view.default,"[{""request_id"": ""c4f28400bfd54f3bbb86f843f6fb61f5"", ""position"": 0, ""query_len"": 4096}]","[[4096, 8, 128]]","[""torch.float16""]","[{""argument"": ""args[0]"", ""shape"": [4096, 8, 128], ""dtype"": ""torch.float16"", ""device"": ""cuda:1"", ""stride"": [1024, 128, 1]}]",8676,0,0
cloud,1,9275,prefill,2b19945777114854b82d6cd44b40f27b,optrace:9275:490,aten.linear.default,"[{""request_id"": ""c4f28400bfd54f3bbb86f843f6fb61f5"", ""position"": 0, ""query_len"": 4096}]","[[4096, 1024], [2048, 1024]]","[""torch.float16"", ""torch.float16""]","[{""argument"": ""args[0]"", ""shape"": [4096, 1024], ""dtype"": ""torch.float16"", ""device"": ""cuda:1"", ""stride"": [1024, 1]}, {""argument"": ""args[1]"", ""shape"": [2048, 1024], ""dtype"": ""torch.float16"", ""device"": ""cuda:1"", ""stride"": [1024, 1]}]",52503,235135,1
cloud,1,9275,prefill,2b19945777114854b82d6cd44b40f27b,optrace:9275:491,vllm.all_reduce.default,"[{""request_id"": ""c4f28400bfd54f3bbb86f843f6fb61f5"", ""position"": 0, ""query_len"": 4096}]","[[4096, 2048]]","[""torch.float16""]","[{""argument"": ""args[0]"", ""shape"": [4096, 2048], ""dtype"": ""torch.float16"", ""device"": ""cuda:1"", ""stride"": [2048, 1]}]",78230,0,0
cloud,1,9275,prefill,2b19945777114854b82d6cd44b40f27b,optrace:9275:492,pynccl.all_reduce,"[{""request_id"": ""c4f28400bfd54f3bbb86f843f6fb61f5"", ""position"": 0, ""query_len"": 4096}]","[[4096, 2048]]","[""torch.float16""]","[{""argument"": ""args[0]"", ""shape"": [4096, 2048], ""dtype"": ""torch.float16"", ""device"": ""cuda:1"", ""stride"": [2048, 1]}]",60022,1225180,1
cloud,1,9275,prefill,2b19945777114854b82d6cd44b40f27b,optrace:9275:493,aten.detach.default,"[{""request_id"": ""c4f28400bfd54f3bbb86f843f6fb61f5"", ""position"": 0, ""query_len"": 4096}]",[[2048]],"[""torch.float16""]","[{""argument"": ""args[0]"", ""shape"": [2048], ""dtype"": ""torch.float16"", ""device"": ""cuda:1"", ""stride"": [1]}]",8833,0,0
cloud,1,9275,prefill,2b19945777114854b82d6cd44b40f27b,optrace:9275:494,_C.fused_add_rms_norm.default,"[{""request_id"": ""c4f28400bfd54f3bbb86f843f6fb61f5"", ""position"": 0, ""query_len"": 4096}]","[[4096, 2048], [4096, 2048], [2048]]","[""torch.float16"", ""torch.float16"", ""torch.float16""]","[{""argument"": ""args[0]"", ""shape"": [4096, 2048], ""dtype"": ""torch.float16"", ""device"": ""cuda:1"", ""stride"": [2048, 1]}, {""argument"": ""args[1]"", ""shape"": [4096, 2048], ""dtype"": ""torch.float16"", ""device"": ""cuda:1"", ""stride"": [2048, 1]}, {""argument"": ""args[2]"", ""shape"": [2048], ""dtype"": ""torch.float16"", ""device"": ""cuda:1"", ""stride"": [1]}]",30400,139231,1
cloud,1,9275,prefill,2b19945777114854b82d6cd44b40f27b,optrace:9275:495,aten.linear.default,"[{""request_id"": ""c4f28400bfd54f3bbb86f843f6fb61f5"", ""position"": 0, ""query_len"": 4096}]","[[4096, 2048], [11008, 2048]]","[""torch.float16"", ""torch.float16""]","[{""argument"": ""args[0]"", ""shape"": [4096, 2048], ""dtype"": ""torch.float16"", ""device"": ""cuda:1"", ""stride"": [2048, 1]}, {""argument"": ""args[1]"", ""shape"": [11008, 2048], ""dtype"": ""torch.float16"", ""device"": ""cuda:1"", ""stride"": [2048, 1]}]",61859,2311031,1
cloud,1,9275,prefill,2b19945777114854b82d6cd44b40f27b,optrace:9275:496,aten.empty.memory_format,"[{""request_id"": ""c4f28400bfd54f3bbb86f843f6fb61f5"", ""position"": 0, ""query_len"": 4096}]",[],[],[],20608,0,0
cloud,1,9275,prefill,2b19945777114854b82d6cd44b40f27b,optrace:9275:497,_C.silu_and_mul.default,"[{""request_id"": ""c4f28400bfd54f3bbb86f843f6fb61f5"", ""position"": 0, ""query_len"": 4096}]","[[4096, 5504], [4096, 11008]]","[""torch.float16"", ""torch.float16""]","[{""argument"": ""args[0]"", ""shape"": [4096, 5504], ""dtype"": ""torch.float16"", ""device"": ""cuda:1"", ""stride"": [5504, 1]}, {""argument"": ""args[1]"", ""shape"": [4096, 11008], ""dtype"": ""torch.float16"", ""device"": ""cuda:1"", ""stride"": [11008, 1]}]",16872,306399,1
cloud,1,9275,prefill,2b19945777114854b82d6cd44b40f27b,optrace:9275:498,aten.linear.default,"[{""request_id"": ""c4f28400bfd54f3bbb86f843f6fb61f5"", ""position"": 0, ""query_len"": 4096}]","[[4096, 5504], [2048, 5504]]","[""torch.float16"", ""torch.float16""]","[{""argument"": ""args[0]"", ""shape"": [4096, 5504], ""dtype"": ""torch.float16"", ""device"": ""cuda:1"", ""stride"": [5504, 1]}, {""argument"": ""args[1]"", ""shape"": [2048, 5504], ""dtype"": ""torch.float16"", ""device"": ""cuda:1"", ""stride"": [5504, 1]}]",53192,1104251,1
cloud,1,9275,prefill,2b19945777114854b82d6cd44b40f27b,optrace:9275:499,vllm.all_reduce.default,"[{""request_id"": ""c4f28400bfd54f3bbb86f843f6fb61f5"", ""position"": 0, ""query_len"": 4096}]","[[4096, 2048]]","[""torch.float16""]","[{""argument"": ""args[0]"", ""shape"": [4096, 2048], ""dtype"": ""torch.float16"", ""device"": ""cuda:1"", ""stride"": [2048, 1]}]",130242,0,0
cloud,1,9275,prefill,2b19945777114854b82d6cd44b40f27b,optrace:9275:500,pynccl.all_reduce,"[{""request_id"": ""c4f28400bfd54f3bbb86f843f6fb61f5"", ""position"": 0, ""query_len"": 4096}]","[[4096, 2048]]","[""torch.float16""]","[{""argument"": ""args[0]"", ""shape"": [4096, 2048], ""dtype"": ""torch.float16"", ""device"": ""cuda:1"", ""stride"": [2048, 1]}]",63492,1234363,1
cloud,1,9275,prefill,2b19945777114854b82d6cd44b40f27b,optrace:9275:501,aten.detach.default,"[{""request_id"": ""c4f28400bfd54f3bbb86f843f6fb61f5"", ""position"": 0, ""query_len"": 4096}]",[[2048]],"[""torch.float16""]","[{""argument"": ""args[0]"", ""shape"": [2048], ""dtype"": ""torch.float16"", ""device"": ""cuda:1"", ""stride"": [1]}]",8361,0,0
cloud,1,9275,prefill,2b19945777114854b82d6cd44b40f27b,optrace:9275:502,_C.fused_add_rms_norm.default,"[{""request_id"": ""c4f28400bfd54f3bbb86f843f6fb61f5"", ""position"": 0, ""query_len"": 4096}]","[[4096, 2048], [4096, 2048], [2048]]","[""torch.float16"", ""torch.float16"", ""torch.float16""]","[{""argument"": ""args[0]"", ""shape"": [4096, 2048], ""dtype"": ""torch.float16"", ""device"": ""cuda:1"", ""stride"": [2048, 1]}, {""argument"": ""args[1]"", ""shape"": [4096, 2048], ""dtype"": ""torch.float16"", ""device"": ""cuda:1"", ""stride"": [2048, 1]}, {""argument"": ""args[2]"", ""shape"": [2048], ""dtype"": ""torch.float16"", ""device"": ""cuda:1"", ""stride"": [1]}]",19609,138880,1
cloud,1,9275,prefill,2b19945777114854b82d6cd44b40f27b,optrace:9275:503,aten.linear.default,"[{""request_id"": ""c4f28400bfd54f3bbb86f843f6fb61f5"", ""position"": 0, ""query_len"": 4096}]","[[4096, 2048], [1280, 2048], [1280]]","[""torch.float16"", ""torch.float16"", ""torch.float16""]","[{""argument"": ""args[0]"", ""shape"": [4096, 2048], ""dtype"": ""torch.float16"", ""device"": ""cuda:1"", ""stride"": [2048, 1]}, {""argument"": ""args[1]"", ""shape"": [1280, 2048], ""dtype"": ""torch.float16"", ""device"": ""cuda:1"", ""stride"": [2048, 1]}, {""argument"": ""args[2]"", ""shape"": [1280], ""dtype"": ""torch.float16"", ""device"": ""cuda:1"", ""stride"": [1]}]",65257,333631,1
cloud,1,9275,prefill,2b19945777114854b82d6cd44b40f27b,optrace:9275:504,aten.split_with_sizes.default,"[{""request_id"": ""c4f28400bfd54f3bbb86f843f6fb61f5"", ""position"": 0, ""query_len"": 4096}]","[[4096, 1280]]","[""torch.float16""]","[{""argument"": ""args[0]"", ""shape"": [4096, 1280], ""dtype"": ""torch.float16"", ""device"": ""cuda:1"", ""stride"": [1280, 1]}]",14421,0,0
cloud,1,9275,prefill,2b19945777114854b82d6cd44b40f27b,optrace:9275:505,_C.rotary_embedding.default,"[{""request_id"": ""c4f28400bfd54f3bbb86f843f6fb61f5"", ""position"": 0, ""query_len"": 4096}]","[[4096], [4096, 1024], [4096, 128], [32768, 128]]","[""torch.int64"", ""torch.float16"", ""torch.float16"", ""torch.float16""]","[{""argument"": ""args[0]"", ""shape"": [4096], ""dtype"": ""torch.int64"", ""device"": ""cuda:1"", ""stride"": [1]}, {""argument"": ""args[1]"", ""shape"": [4096, 1024], ""dtype"": ""torch.float16"", ""device"": ""cuda:1"", ""stride"": [1280, 1]}, {""argument"": ""args[2]"", ""shape"": [4096, 128], ""dtype"": ""torch.float16"", ""device"": ""cuda:1"", ""stride"": [1280, 1]}, {""argument"": ""args[4]"", ""shape"": [32768, 128], ""dtype"": ""torch.float16"", ""device"": ""cuda:1"", ""stride"": [128, 1]}]",23348,50687,1
cloud,1,9275,prefill,2b19945777114854b82d6cd44b40f27b,optrace:9275:506,aten.zeros.default,"[{""request_id"": ""c4f28400bfd54f3bbb86f843f6fb61f5"", ""position"": 0, ""query_len"": 4096}]",[],[],[],38997,17856,1
cloud,1,9275,prefill,2b19945777114854b82d6cd44b40f27b,optrace:9275:507,aten.view.default,"[{""request_id"": ""c4f28400bfd54f3bbb86f843f6fb61f5"", ""position"": 0, ""query_len"": 4096}]","[[4096, 1024]]","[""torch.float16""]","[{""argument"": ""args[0]"", ""shape"": [4096, 1024], ""dtype"": ""torch.float16"", ""device"": ""cuda:1"", ""stride"": [1280, 1]}]",8809,0,0
cloud,1,9275,prefill,2b19945777114854b82d6cd44b40f27b,optrace:9275:508,aten.view.default,"[{""request_id"": ""c4f28400bfd54f3bbb86f843f6fb61f5"", ""position"": 0, ""query_len"": 4096}]","[[4096, 1024]]","[""torch.float16""]","[{""argument"": ""args[0]"", ""shape"": [4096, 1024], ""dtype"": ""torch.float16"", ""device"": ""cuda:1"", ""stride"": [1024, 1]}]",5248,0,0
cloud,1,9275,prefill,2b19945777114854b82d6cd44b40f27b,optrace:9275:509,aten.view.default,"[{""request_id"": ""c4f28400bfd54f3bbb86f843f6fb61f5"", ""position"": 0, ""query_len"": 4096}]","[[4096, 128]]","[""torch.float16""]","[{""argument"": ""args[0]"", ""shape"": [4096, 128], ""dtype"": ""torch.float16"", ""device"": ""cuda:1"", ""stride"": [1280, 1]}]",5395,0,0
cloud,1,9275,prefill,2b19945777114854b82d6cd44b40f27b,optrace:9275:510,aten.view.default,"[{""request_id"": ""c4f28400bfd54f3bbb86f843f6fb61f5"", ""position"": 0, ""query_len"": 4096}]","[[4096, 128]]","[""torch.float16""]","[{""argument"": ""args[0]"", ""shape"": [4096, 128], ""dtype"": ""torch.float16"", ""device"": ""cuda:1"", ""stride"": [1280, 1]}]",5068,0,0
cloud,1,9275,prefill,2b19945777114854b82d6cd44b40f27b,optrace:9275:511,vllm.unified_attention_with_output.default,"[{""request_id"": ""c4f28400bfd54f3bbb86f843f6fb61f5"", ""position"": 0, ""query_len"": 4096}]","[[4096, 8, 128], [4096, 1, 128], [4096, 1, 128], [4096, 8, 128]]","[""torch.float16"", ""torch.float16"", ""torch.float16"", ""torch.float16""]","[{""argument"": ""args[0]"", ""shape"": [4096, 8, 128], ""dtype"": ""torch.float16"", ""device"": ""cuda:1"", ""stride"": [1280, 128, 1]}, {""argument"": ""args[1]"", ""shape"": [4096, 1, 128], ""dtype"": ""torch.float16"", ""device"": ""cuda:1"", ""stride"": [1280, 128, 1]}, {""argument"": ""args[2]"", ""shape"": [4096, 1, 128], ""dtype"": ""torch.float16"", ""device"": ""cuda:1"", ""stride"": [1280, 128, 1]}, {""argument"": ""args[3]"", ""shape"": [4096, 8, 128], ""dtype"": ""torch.float16"", ""device"": ""cuda:1"", ""stride"": [1024, 128, 1]}]",174671,586206,2
cloud,1,9275,prefill,2b19945777114854b82d6cd44b40f27b,optrace:9275:512,aten.view.default,"[{""request_id"": ""c4f28400bfd54f3bbb86f843f6fb61f5"", ""position"": 0, ""query_len"": 4096}]","[[4096, 8, 128]]","[""torch.float16""]","[{""argument"": ""args[0]"", ""shape"": [4096, 8, 128], ""dtype"": ""torch.float16"", ""device"": ""cuda:1"", ""stride"": [1024, 128, 1]}]",9551,0,0
cloud,1,9275,prefill,2b19945777114854b82d6cd44b40f27b,optrace:9275:513,aten.linear.default,"[{""request_id"": ""c4f28400bfd54f3bbb86f843f6fb61f5"", ""position"": 0, ""query_len"": 4096}]","[[4096, 1024], [2048, 1024]]","[""torch.float16"", ""torch.float16""]","[{""argument"": ""args[0]"", ""shape"": [4096, 1024], ""dtype"": ""torch.float16"", ""device"": ""cuda:1"", ""stride"": [1024, 1]}, {""argument"": ""args[1]"", ""shape"": [2048, 1024], ""dtype"": ""torch.float16"", ""device"": ""cuda:1"", ""stride"": [1024, 1]}]",56746,235263,1
cloud,1,9275,prefill,2b19945777114854b82d6cd44b40f27b,optrace:9275:514,vllm.all_reduce.default,"[{""request_id"": ""c4f28400bfd54f3bbb86f843f6fb61f5"", ""position"": 0, ""query_len"": 4096}]","[[4096, 2048]]","[""torch.float16""]","[{""argument"": ""args[0]"", ""shape"": [4096, 2048], ""dtype"": ""torch.float16"", ""device"": ""cuda:1"", ""stride"": [2048, 1]}]",79947,0,0
cloud,1,9275,prefill,2b19945777114854b82d6cd44b40f27b,optrace:9275:515,pynccl.all_reduce,"[{""request_id"": ""c4f28400bfd54f3bbb86f843f6fb61f5"", ""position"": 0, ""query_len"": 4096}]","[[4096, 2048]]","[""torch.float16""]","[{""argument"": ""args[0]"", ""shape"": [4096, 2048], ""dtype"": ""torch.float16"", ""device"": ""cuda:1"", ""stride"": [2048, 1]}]",60798,1223099,1
cloud,1,9275,prefill,2b19945777114854b82d6cd44b40f27b,optrace:9275:516,aten.detach.default,"[{""request_id"": ""c4f28400bfd54f3bbb86f843f6fb61f5"", ""position"": 0, ""query_len"": 4096}]",[[2048]],"[""torch.float16""]","[{""argument"": ""args[0]"", ""shape"": [2048], ""dtype"": ""torch.float16"", ""device"": ""cuda:1"", ""stride"": [1]}]",7475,0,0
cloud,1,9275,prefill,2b19945777114854b82d6cd44b40f27b,optrace:9275:517,_C.fused_add_rms_norm.default,"[{""request_id"": ""c4f28400bfd54f3bbb86f843f6fb61f5"", ""position"": 0, ""query_len"": 4096}]","[[4096, 2048], [4096, 2048], [2048]]","[""torch.float16"", ""torch.float16"", ""torch.float16""]","[{""argument"": ""args[0]"", ""shape"": [4096, 2048], ""dtype"": ""torch.float16"", ""device"": ""cuda:1"", ""stride"": [2048, 1]}, {""argument"": ""args[1]"", ""shape"": [4096, 2048], ""dtype"": ""torch.float16"", ""device"": ""cuda:1"", ""stride"": [2048, 1]}, {""argument"": ""args[2]"", ""shape"": [2048], ""dtype"": ""torch.float16"", ""device"": ""cuda:1"", ""stride"": [1]}]",19123,138976,1
cloud,1,9275,prefill,2b19945777114854b82d6cd44b40f27b,optrace:9275:518,aten.linear.default,"[{""request_id"": ""c4f28400bfd54f3bbb86f843f6fb61f5"", ""position"": 0, ""query_len"": 4096}]","[[4096, 2048], [11008, 2048]]","[""torch.float16"", ""torch.float16""]","[{""argument"": ""args[0]"", ""shape"": [4096, 2048], ""dtype"": ""torch.float16"", ""device"": ""cuda:1"", ""stride"": [2048, 1]}, {""argument"": ""args[1]"", ""shape"": [11008, 2048], ""dtype"": ""torch.float16"", ""device"": ""cuda:1"", ""stride"": [2048, 1]}]",59927,2269239,1
cloud,1,9275,prefill,2b19945777114854b82d6cd44b40f27b,optrace:9275:519,aten.empty.memory_format,"[{""request_id"": ""c4f28400bfd54f3bbb86f843f6fb61f5"", ""position"": 0, ""query_len"": 4096}]",[],[],[],21906,0,0
cloud,1,9275,prefill,2b19945777114854b82d6cd44b40f27b,optrace:9275:520,_C.silu_and_mul.default,"[{""request_id"": ""c4f28400bfd54f3bbb86f843f6fb61f5"", ""position"": 0, ""query_len"": 4096}]","[[4096, 5504], [4096, 11008]]","[""torch.float16"", ""torch.float16""]","[{""argument"": ""args[0]"", ""shape"": [4096, 5504], ""dtype"": ""torch.float16"", ""device"": ""cuda:1"", ""stride"": [5504, 1]}, {""argument"": ""args[1]"", ""shape"": [4096, 11008], ""dtype"": ""torch.float16"", ""device"": ""cuda:1"", ""stride"": [11008, 1]}]",17295,302622,1
cloud,1,9275,prefill,2b19945777114854b82d6cd44b40f27b,optrace:9275:521,aten.linear.default,"[{""request_id"": ""c4f28400bfd54f3bbb86f843f6fb61f5"", ""position"": 0, ""query_len"": 4096}]","[[4096, 5504], [2048, 5504]]","[""torch.float16"", ""torch.float16""]","[{""argument"": ""args[0]"", ""shape"": [4096, 5504], ""dtype"": ""torch.float16"", ""device"": ""cuda:1"", ""stride"": [5504, 1]}, {""argument"": ""args[1]"", ""shape"": [2048, 5504], ""dtype"": ""torch.float16"", ""device"": ""cuda:1"", ""stride"": [5504, 1]}]",45238,1078812,1
cloud,1,9275,prefill,2b19945777114854b82d6cd44b40f27b,optrace:9275:522,vllm.all_reduce.default,"[{""request_id"": ""c4f28400bfd54f3bbb86f843f6fb61f5"", ""position"": 0, ""query_len"": 4096}]","[[4096, 2048]]","[""torch.float16""]","[{""argument"": ""args[0]"", ""shape"": [4096, 2048], ""dtype"": ""torch.float16"", ""device"": ""cuda:1"", ""stride"": [2048, 1]}]",78230,0,0
cloud,1,9275,prefill,2b19945777114854b82d6cd44b40f27b,optrace:9275:523,pynccl.all_reduce,"[{""request_id"": ""c4f28400bfd54f3bbb86f843f6fb61f5"", ""position"": 0, ""query_len"": 4096}]","[[4096, 2048]]","[""torch.float16""]","[{""argument"": ""args[0]"", ""shape"": [4096, 2048], ""dtype"": ""torch.float16"", ""device"": ""cuda:1"", ""stride"": [2048, 1]}]",58042,1224539,1
cloud,1,9275,prefill,2b19945777114854b82d6cd44b40f27b,optrace:9275:524,aten.detach.default,"[{""request_id"": ""c4f28400bfd54f3bbb86f843f6fb61f5"", ""position"": 0, ""query_len"": 4096}]",[[2048]],"[""torch.float16""]","[{""argument"": ""args[0]"", ""shape"": [2048], ""dtype"": ""torch.float16"", ""device"": ""cuda:1"", ""stride"": [1]}]",7517,0,0
cloud,1,9275,prefill,2b19945777114854b82d6cd44b40f27b,optrace:9275:525,_C.fused_add_rms_norm.default,"[{""request_id"": ""c4f28400bfd54f3bbb86f843f6fb61f5"", ""position"": 0, ""query_len"": 4096}]","[[4096, 2048], [4096, 2048], [2048]]","[""torch.float16"", ""torch.float16"", ""torch.float16""]","[{""argument"": ""args[0]"", ""shape"": [4096, 2048], ""dtype"": ""torch.float16"", ""device"": ""cuda:1"", ""stride"": [2048, 1]}, {""argument"": ""args[1]"", ""shape"": [4096, 2048], ""dtype"": ""torch.float16"", ""device"": ""cuda:1"", ""stride"": [2048, 1]}, {""argument"": ""args[2]"", ""shape"": [2048], ""dtype"": ""torch.float16"", ""device"": ""cuda:1"", ""stride"": [1]}]",19954,139840,1
cloud,1,9275,prefill,2b19945777114854b82d6cd44b40f27b,optrace:9275:526,aten.linear.default,"[{""request_id"": ""c4f28400bfd54f3bbb86f843f6fb61f5"", ""position"": 0, ""query_len"": 4096}]","[[4096, 2048], [1280, 2048], [1280]]","[""torch.float16"", ""torch.float16"", ""torch.float16""]","[{""argument"": ""args[0]"", ""shape"": [4096, 2048], ""dtype"": ""torch.float16"", ""device"": ""cuda:1"", ""stride"": [2048, 1]}, {""argument"": ""args[1]"", ""shape"": [1280, 2048], ""dtype"": ""torch.float16"", ""device"": ""cuda:1"", ""stride"": [2048, 1]}, {""argument"": ""args[2]"", ""shape"": [1280], ""dtype"": ""torch.float16"", ""device"": ""cuda:1"", ""stride"": [1]}]",62357,328222,1
cloud,1,9275,prefill,2b19945777114854b82d6cd44b40f27b,optrace:9275:527,aten.split_with_sizes.default,"[{""request_id"": ""c4f28400bfd54f3bbb86f843f6fb61f5"", ""position"": 0, ""query_len"": 4096}]","[[4096, 1280]]","[""torch.float16""]","[{""argument"": ""args[0]"", ""shape"": [4096, 1280], ""dtype"": ""torch.float16"", ""device"": ""cuda:1"", ""stride"": [1280, 1]}]",14372,0,0
cloud,1,9275,prefill,2b19945777114854b82d6cd44b40f27b,optrace:9275:528,_C.rotary_embedding.default,"[{""request_id"": ""c4f28400bfd54f3bbb86f843f6fb61f5"", ""position"": 0, ""query_len"": 4096}]","[[4096], [4096, 1024], [4096, 128], [32768, 128]]","[""torch.int64"", ""torch.float16"", ""torch.float16"", ""torch.float16""]","[{""argument"": ""args[0]"", ""shape"": [4096], ""dtype"": ""torch.int64"", ""device"": ""cuda:1"", ""stride"": [1]}, {""argument"": ""args[1]"", ""shape"": [4096, 1024], ""dtype"": ""torch.float16"", ""device"": ""cuda:1"", ""stride"": [1280, 1]}, {""argument"": ""args[2]"", ""shape"": [4096, 128], ""dtype"": ""torch.float16"", ""device"": ""cuda:1"", ""stride"": [1280, 1]}, {""argument"": ""args[4]"", ""shape"": [32768, 128], ""dtype"": ""torch.float16"", ""device"": ""cuda:1"", ""stride"": [128, 1]}]",22658,50496,1
cloud,1,9275,prefill,2b19945777114854b82d6cd44b40f27b,optrace:9275:529,aten.zeros.default,"[{""request_id"": ""c4f28400bfd54f3bbb86f843f6fb61f5"", ""position"": 0, ""query_len"": 4096}]",[],[],[],39031,18400,1
cloud,1,9275,prefill,2b19945777114854b82d6cd44b40f27b,optrace:9275:530,aten.view.default,"[{""request_id"": ""c4f28400bfd54f3bbb86f843f6fb61f5"", ""position"": 0, ""query_len"": 4096}]","[[4096, 1024]]","[""torch.float16""]","[{""argument"": ""args[0]"", ""shape"": [4096, 1024], ""dtype"": ""torch.float16"", ""device"": ""cuda:1"", ""stride"": [1280, 1]}]",8481,0,0
cloud,1,9275,prefill,2b19945777114854b82d6cd44b40f27b,optrace:9275:531,aten.view.default,"[{""request_id"": ""c4f28400bfd54f3bbb86f843f6fb61f5"", ""position"": 0, ""query_len"": 4096}]","[[4096, 1024]]","[""torch.float16""]","[{""argument"": ""args[0]"", ""shape"": [4096, 1024], ""dtype"": ""torch.float16"", ""device"": ""cuda:1"", ""stride"": [1024, 1]}]",5598,0,0
cloud,1,9275,prefill,2b19945777114854b82d6cd44b40f27b,optrace:9275:532,aten.view.default,"[{""request_id"": ""c4f28400bfd54f3bbb86f843f6fb61f5"", ""position"": 0, ""query_len"": 4096}]","[[4096, 128]]","[""torch.float16""]","[{""argument"": ""args[0]"", ""shape"": [4096, 128], ""dtype"": ""torch.float16"", ""device"": ""cuda:1"", ""stride"": [1280, 1]}]",5291,0,0
cloud,1,9275,prefill,2b19945777114854b82d6cd44b40f27b,optrace:9275:533,aten.view.default,"[{""request_id"": ""c4f28400bfd54f3bbb86f843f6fb61f5"", ""position"": 0, ""query_len"": 4096}]","[[4096, 128]]","[""torch.float16""]","[{""argument"": ""args[0]"", ""shape"": [4096, 128], ""dtype"": ""torch.float16"", ""device"": ""cuda:1"", ""stride"": [1280, 1]}]",5099,0,0
cloud,1,9275,prefill,2b19945777114854b82d6cd44b40f27b,optrace:9275:534,vllm.unified_attention_with_output.default,"[{""request_id"": ""c4f28400bfd54f3bbb86f843f6fb61f5"", ""position"": 0, ""query_len"": 4096}]","[[4096, 8, 128], [4096, 1, 128], [4096, 1, 128], [4096, 8, 128]]","[""torch.float16"", ""torch.float16"", ""torch.float16"", ""torch.float16""]","[{""argument"": ""args[0]"", ""shape"": [4096, 8, 128], ""dtype"": ""torch.float16"", ""device"": ""cuda:1"", ""stride"": [1280, 128, 1]}, {""argument"": ""args[1]"", ""shape"": [4096, 1, 128], ""dtype"": ""torch.float16"", ""device"": ""cuda:1"", ""stride"": [1280, 128, 1]}, {""argument"": ""args[2]"", ""shape"": [4096, 1, 128], ""dtype"": ""torch.float16"", ""device"": ""cuda:1"", ""stride"": [1280, 128, 1]}, {""argument"": ""args[3]"", ""shape"": [4096, 8, 128], ""dtype"": ""torch.float16"", ""device"": ""cuda:1"", ""stride"": [1024, 128, 1]}]",173060,544702,2
cloud,1,9275,prefill,2b19945777114854b82d6cd44b40f27b,optrace:9275:535,aten.view.default,"[{""request_id"": ""c4f28400bfd54f3bbb86f843f6fb61f5"", ""position"": 0, ""query_len"": 4096}]","[[4096, 8, 128]]","[""torch.float16""]","[{""argument"": ""args[0]"", ""shape"": [4096, 8, 128], ""dtype"": ""torch.float16"", ""device"": ""cuda:1"", ""stride"": [1024, 128, 1]}]",8390,0,0
cloud,1,9275,prefill,2b19945777114854b82d6cd44b40f27b,optrace:9275:536,aten.linear.default,"[{""request_id"": ""c4f28400bfd54f3bbb86f843f6fb61f5"", ""position"": 0, ""query_len"": 4096}]","[[4096, 1024], [2048, 1024]]","[""torch.float16"", ""torch.float16""]","[{""argument"": ""args[0]"", ""shape"": [4096, 1024], ""dtype"": ""torch.float16"", ""device"": ""cuda:1"", ""stride"": [1024, 1]}, {""argument"": ""args[1]"", ""shape"": [2048, 1024], ""dtype"": ""torch.float16"", ""device"": ""cuda:1"", ""stride"": [1024, 1]}]",51991,231199,1
cloud,1,9275,prefill,2b19945777114854b82d6cd44b40f27b,optrace:9275:537,vllm.all_reduce.default,"[{""request_id"": ""c4f28400bfd54f3bbb86f843f6fb61f5"", ""position"": 0, ""query_len"": 4096}]","[[4096, 2048]]","[""torch.float16""]","[{""argument"": ""args[0]"", ""shape"": [4096, 2048], ""dtype"": ""torch.float16"", ""device"": ""cuda:1"", ""stride"": [2048, 1]}]",76870,0,0
cloud,1,9275,prefill,2b19945777114854b82d6cd44b40f27b,optrace:9275:538,pynccl.all_reduce,"[{""request_id"": ""c4f28400bfd54f3bbb86f843f6fb61f5"", ""position"": 0, ""query_len"": 4096}]","[[4096, 2048]]","[""torch.float16""]","[{""argument"": ""args[0]"", ""shape"": [4096, 2048], ""dtype"": ""torch.float16"", ""device"": ""cuda:1"", ""stride"": [2048, 1]}]",58449,1231963,1
cloud,1,9275,prefill,2b19945777114854b82d6cd44b40f27b,optrace:9275:539,aten.detach.default,"[{""request_id"": ""c4f28400bfd54f3bbb86f843f6fb61f5"", ""position"": 0, ""query_len"": 4096}]",[[2048]],"[""torch.float16""]","[{""argument"": ""args[0]"", ""shape"": [2048], ""dtype"": ""torch.float16"", ""device"": ""cuda:1"", ""stride"": [1]}]",7193,0,0
cloud,1,9275,prefill,2b19945777114854b82d6cd44b40f27b,optrace:9275:540,_C.fused_add_rms_norm.default,"[{""request_id"": ""c4f28400bfd54f3bbb86f843f6fb61f5"", ""position"": 0, ""query_len"": 4096}]","[[4096, 2048], [4096, 2048], [2048]]","[""torch.float16"", ""torch.float16"", ""torch.float16""]","[{""argument"": ""args[0]"", ""shape"": [4096, 2048], ""dtype"": ""torch.float16"", ""device"": ""cuda:1"", ""stride"": [2048, 1]}, {""argument"": ""args[1]"", ""shape"": [4096, 2048], ""dtype"": ""torch.float16"", ""device"": ""cuda:1"", ""stride"": [2048, 1]}, {""argument"": ""args[2]"", ""shape"": [2048], ""dtype"": ""torch.float16"", ""device"": ""cuda:1"", ""stride"": [1]}]",20531,138944,1
cloud,1,9275,prefill,2b19945777114854b82d6cd44b40f27b,optrace:9275:541,aten.linear.default,"[{""request_id"": ""c4f28400bfd54f3bbb86f843f6fb61f5"", ""position"": 0, ""query_len"": 4096}]","[[4096, 2048], [11008, 2048]]","[""torch.float16"", ""torch.float16""]","[{""argument"": ""args[0]"", ""shape"": [4096, 2048], ""dtype"": ""torch.float16"", ""device"": ""cuda:1"", ""stride"": [2048, 1]}, {""argument"": ""args[1]"", ""shape"": [11008, 2048], ""dtype"": ""torch.float16"", ""device"": ""cuda:1"", ""stride"": [2048, 1]}]",63191,2270487,1
cloud,1,9275,prefill,2b19945777114854b82d6cd44b40f27b,optrace:9275:542,aten.empty.memory_format,"[{""request_id"": ""c4f28400bfd54f3bbb86f843f6fb61f5"", ""position"": 0, ""query_len"": 4096}]",[],[],[],20943,0,0
cloud,1,9275,prefill,2b19945777114854b82d6cd44b40f27b,optrace:9275:543,_C.silu_and_mul.default,"[{""request_id"": ""c4f28400bfd54f3bbb86f843f6fb61f5"", ""position"": 0, ""query_len"": 4096}]","[[4096, 5504], [4096, 11008]]","[""torch.float16"", ""torch.float16""]","[{""argument"": ""args[0]"", ""shape"": [4096, 5504], ""dtype"": ""torch.float16"", ""device"": ""cuda:1"", ""stride"": [5504, 1]}, {""argument"": ""args[1]"", ""shape"": [4096, 11008], ""dtype"": ""torch.float16"", ""device"": ""cuda:1"", ""stride"": [11008, 1]}]",19578,302238,1
cloud,1,9275,prefill,2b19945777114854b82d6cd44b40f27b,optrace:9275:544,aten.linear.default,"[{""request_id"": ""c4f28400bfd54f3bbb86f843f6fb61f5"", ""position"": 0, ""query_len"": 4096}]","[[4096, 5504], [2048, 5504]]","[""torch.float16"", ""torch.float16""]","[{""argument"": ""args[0]"", ""shape"": [4096, 5504], ""dtype"": ""torch.float16"", ""device"": ""cuda:1"", ""stride"": [5504, 1]}, {""argument"": ""args[1]"", ""shape"": [2048, 5504], ""dtype"": ""torch.float16"", ""device"": ""cuda:1"", ""stride"": [5504, 1]}]",56825,1079292,1
cloud,1,9275,prefill,2b19945777114854b82d6cd44b40f27b,optrace:9275:545,vllm.all_reduce.default,"[{""request_id"": ""c4f28400bfd54f3bbb86f843f6fb61f5"", ""position"": 0, ""query_len"": 4096}]","[[4096, 2048]]","[""torch.float16""]","[{""argument"": ""args[0]"", ""shape"": [4096, 2048], ""dtype"": ""torch.float16"", ""device"": ""cuda:1"", ""stride"": [2048, 1]}]",81573,0,0
cloud,1,9275,prefill,2b19945777114854b82d6cd44b40f27b,optrace:9275:546,pynccl.all_reduce,"[{""request_id"": ""c4f28400bfd54f3bbb86f843f6fb61f5"", ""position"": 0, ""query_len"": 4096}]","[[4096, 2048]]","[""torch.float16""]","[{""argument"": ""args[0]"", ""shape"": [4096, 2048], ""dtype"": ""torch.float16"", ""device"": ""cuda:1"", ""stride"": [2048, 1]}]",60303,1241403,1
cloud,1,9275,prefill,2b19945777114854b82d6cd44b40f27b,optrace:9275:547,aten.detach.default,"[{""request_id"": ""c4f28400bfd54f3bbb86f843f6fb61f5"", ""position"": 0, ""query_len"": 4096}]",[[2048]],"[""torch.float16""]","[{""argument"": ""args[0]"", ""shape"": [2048], ""dtype"": ""torch.float16"", ""device"": ""cuda:1"", ""stride"": [1]}]",7422,0,0
cloud,1,9275,prefill,2b19945777114854b82d6cd44b40f27b,optrace:9275:548,_C.fused_add_rms_norm.default,"[{""request_id"": ""c4f28400bfd54f3bbb86f843f6fb61f5"", ""position"": 0, ""query_len"": 4096}]","[[4096, 2048], [4096, 2048], [2048]]","[""torch.float16"", ""torch.float16"", ""torch.float16""]","[{""argument"": ""args[0]"", ""shape"": [4096, 2048], ""dtype"": ""torch.float16"", ""device"": ""cuda:1"", ""stride"": [2048, 1]}, {""argument"": ""args[1]"", ""shape"": [4096, 2048], ""dtype"": ""torch.float16"", ""device"": ""cuda:1"", ""stride"": [2048, 1]}, {""argument"": ""args[2]"", ""shape"": [2048], ""dtype"": ""torch.float16"", ""device"": ""cuda:1"", ""stride"": [1]}]",18308,138240,1
cloud,1,9275,prefill,2b19945777114854b82d6cd44b40f27b,optrace:9275:549,aten.linear.default,"[{""request_id"": ""c4f28400bfd54f3bbb86f843f6fb61f5"", ""position"": 0, ""query_len"": 4096}]","[[4096, 2048], [1280, 2048], [1280]]","[""torch.float16"", ""torch.float16"", ""torch.float16""]","[{""argument"": ""args[0]"", ""shape"": [4096, 2048], ""dtype"": ""torch.float16"", ""device"": ""cuda:1"", ""stride"": [2048, 1]}, {""argument"": ""args[1]"", ""shape"": [1280, 2048], ""dtype"": ""torch.float16"", ""device"": ""cuda:1"", ""stride"": [2048, 1]}, {""argument"": ""args[2]"", ""shape"": [1280], ""dtype"": ""torch.float16"", ""device"": ""cuda:1"", ""stride"": [1]}]",63683,328030,1
cloud,1,9275,prefill,2b19945777114854b82d6cd44b40f27b,optrace:9275:550,aten.split_with_sizes.default,"[{""request_id"": ""c4f28400bfd54f3bbb86f843f6fb61f5"", ""position"": 0, ""query_len"": 4096}]","[[4096, 1280]]","[""torch.float16""]","[{""argument"": ""args[0]"", ""shape"": [4096, 1280], ""dtype"": ""torch.float16"", ""device"": ""cuda:1"", ""stride"": [1280, 1]}]",13912,0,0
cloud,1,9275,prefill,2b19945777114854b82d6cd44b40f27b,optrace:9275:551,_C.rotary_embedding.default,"[{""request_id"": ""c4f28400bfd54f3bbb86f843f6fb61f5"", ""position"": 0, ""query_len"": 4096}]","[[4096], [4096, 1024], [4096, 128], [32768, 128]]","[""torch.int64"", ""torch.float16"", ""torch.float16"", ""torch.float16""]","[{""argument"": ""args[0]"", ""shape"": [4096], ""dtype"": ""torch.int64"", ""device"": ""cuda:1"", ""stride"": [1]}, {""argument"": ""args[1]"", ""shape"": [4096, 1024], ""dtype"": ""torch.float16"", ""device"": ""cuda:1"", ""stride"": [1280, 1]}, {""argument"": ""args[2]"", ""shape"": [4096, 128], ""dtype"": ""torch.float16"", ""device"": ""cuda:1"", ""stride"": [1280, 1]}, {""argument"": ""args[4]"", ""shape"": [32768, 128], ""dtype"": ""torch.float16"", ""device"": ""cuda:1"", ""stride"": [128, 1]}]",20666,50496,1
cloud,1,9275,prefill,2b19945777114854b82d6cd44b40f27b,optrace:9275:552,aten.zeros.default,"[{""request_id"": ""c4f28400bfd54f3bbb86f843f6fb61f5"", ""position"": 0, ""query_len"": 4096}]",[],[],[],37749,17792,1
cloud,1,9275,prefill,2b19945777114854b82d6cd44b40f27b,optrace:9275:553,aten.view.default,"[{""request_id"": ""c4f28400bfd54f3bbb86f843f6fb61f5"", ""position"": 0, ""query_len"": 4096}]","[[4096, 1024]]","[""torch.float16""]","[{""argument"": ""args[0]"", ""shape"": [4096, 1024], ""dtype"": ""torch.float16"", ""device"": ""cuda:1"", ""stride"": [1280, 1]}]",8314,0,0
cloud,1,9275,prefill,2b19945777114854b82d6cd44b40f27b,optrace:9275:554,aten.view.default,"[{""request_id"": ""c4f28400bfd54f3bbb86f843f6fb61f5"", ""position"": 0, ""query_len"": 4096}]","[[4096, 1024]]","[""torch.float16""]","[{""argument"": ""args[0]"", ""shape"": [4096, 1024], ""dtype"": ""torch.float16"", ""device"": ""cuda:1"", ""stride"": [1024, 1]}]",5483,0,0
cloud,1,9275,prefill,2b19945777114854b82d6cd44b40f27b,optrace:9275:555,aten.view.default,"[{""request_id"": ""c4f28400bfd54f3bbb86f843f6fb61f5"", ""position"": 0, ""query_len"": 4096}]","[[4096, 128]]","[""torch.float16""]","[{""argument"": ""args[0]"", ""shape"": [4096, 128], ""dtype"": ""torch.float16"", ""device"": ""cuda:1"", ""stride"": [1280, 1]}]",5427,0,0
cloud,1,9275,prefill,2b19945777114854b82d6cd44b40f27b,optrace:9275:556,aten.view.default,"[{""request_id"": ""c4f28400bfd54f3bbb86f843f6fb61f5"", ""position"": 0, ""query_len"": 4096}]","[[4096, 128]]","[""torch.float16""]","[{""argument"": ""args[0]"", ""shape"": [4096, 128], ""dtype"": ""torch.float16"", ""device"": ""cuda:1"", ""stride"": [1280, 1]}]",5267,0,0
cloud,1,9275,prefill,2b19945777114854b82d6cd44b40f27b,optrace:9275:557,vllm.unified_attention_with_output.default,"[{""request_id"": ""c4f28400bfd54f3bbb86f843f6fb61f5"", ""position"": 0, ""query_len"": 4096}]","[[4096, 8, 128], [4096, 1, 128], [4096, 1, 128], [4096, 8, 128]]","[""torch.float16"", ""torch.float16"", ""torch.float16"", ""torch.float16""]","[{""argument"": ""args[0]"", ""shape"": [4096, 8, 128], ""dtype"": ""torch.float16"", ""device"": ""cuda:1"", ""stride"": [1280, 128, 1]}, {""argument"": ""args[1]"", ""shape"": [4096, 1, 128], ""dtype"": ""torch.float16"", ""device"": ""cuda:1"", ""stride"": [1280, 128, 1]}, {""argument"": ""args[2]"", ""shape"": [4096, 1, 128], ""dtype"": ""torch.float16"", ""device"": ""cuda:1"", ""stride"": [1280, 128, 1]}, {""argument"": ""args[3]"", ""shape"": [4096, 8, 128], ""dtype"": ""torch.float16"", ""device"": ""cuda:1"", ""stride"": [1024, 128, 1]}]",183707,543934,2
cloud,1,9275,prefill,2b19945777114854b82d6cd44b40f27b,optrace:9275:558,aten.view.default,"[{""request_id"": ""c4f28400bfd54f3bbb86f843f6fb61f5"", ""position"": 0, ""query_len"": 4096}]","[[4096, 8, 128]]","[""torch.float16""]","[{""argument"": ""args[0]"", ""shape"": [4096, 8, 128], ""dtype"": ""torch.float16"", ""device"": ""cuda:1"", ""stride"": [1024, 128, 1]}]",8761,0,0
cloud,1,9275,prefill,2b19945777114854b82d6cd44b40f27b,optrace:9275:559,aten.linear.default,"[{""request_id"": ""c4f28400bfd54f3bbb86f843f6fb61f5"", ""position"": 0, ""query_len"": 4096}]","[[4096, 1024], [2048, 1024]]","[""torch.float16"", ""torch.float16""]","[{""argument"": ""args[0]"", ""shape"": [4096, 1024], ""dtype"": ""torch.float16"", ""device"": ""cuda:1"", ""stride"": [1024, 1]}, {""argument"": ""args[1]"", ""shape"": [2048, 1024], ""dtype"": ""torch.float16"", ""device"": ""cuda:1"", ""stride"": [1024, 1]}]",52124,231455,1
cloud,1,9275,prefill,2b19945777114854b82d6cd44b40f27b,optrace:9275:560,vllm.all_reduce.default,"[{""request_id"": ""c4f28400bfd54f3bbb86f843f6fb61f5"", ""position"": 0, ""query_len"": 4096}]","[[4096, 2048]]","[""torch.float16""]","[{""argument"": ""args[0]"", ""shape"": [4096, 2048], ""dtype"": ""torch.float16"", ""device"": ""cuda:1"", ""stride"": [2048, 1]}]",92234,0,0
cloud,1,9275,prefill,2b19945777114854b82d6cd44b40f27b,optrace:9275:561,pynccl.all_reduce,"[{""request_id"": ""c4f28400bfd54f3bbb86f843f6fb61f5"", ""position"": 0, ""query_len"": 4096}]","[[4096, 2048]]","[""torch.float16""]","[{""argument"": ""args[0]"", ""shape"": [4096, 2048], ""dtype"": ""torch.float16"", ""device"": ""cuda:1"", ""stride"": [2048, 1]}]",66042,1248507,1
cloud,1,9275,prefill,2b19945777114854b82d6cd44b40f27b,optrace:9275:562,aten.detach.default,"[{""request_id"": ""c4f28400bfd54f3bbb86f843f6fb61f5"", ""position"": 0, ""query_len"": 4096}]",[[2048]],"[""torch.float16""]","[{""argument"": ""args[0]"", ""shape"": [2048], ""dtype"": ""torch.float16"", ""device"": ""cuda:1"", ""stride"": [1]}]",8040,0,0
cloud,1,9275,prefill,2b19945777114854b82d6cd44b40f27b,optrace:9275:563,_C.fused_add_rms_norm.default,"[{""request_id"": ""c4f28400bfd54f3bbb86f843f6fb61f5"", ""position"": 0, ""query_len"": 4096}]","[[4096, 2048], [4096, 2048], [2048]]","[""torch.float16"", ""torch.float16"", ""torch.float16""]","[{""argument"": ""args[0]"", ""shape"": [4096, 2048], ""dtype"": ""torch.float16"", ""device"": ""cuda:1"", ""stride"": [2048, 1]}, {""argument"": ""args[1]"", ""shape"": [4096, 2048], ""dtype"": ""torch.float16"", ""device"": ""cuda:1"", ""stride"": [2048, 1]}, {""argument"": ""args[2]"", ""shape"": [2048], ""dtype"": ""torch.float16"", ""device"": ""cuda:1"", ""stride"": [1]}]",20192,139295,1
cloud,1,9275,prefill,2b19945777114854b82d6cd44b40f27b,optrace:9275:564,aten.linear.default,"[{""request_id"": ""c4f28400bfd54f3bbb86f843f6fb61f5"", ""position"": 0, ""query_len"": 4096}]","[[4096, 2048], [11008, 2048]]","[""torch.float16"", ""torch.float16""]","[{""argument"": ""args[0]"", ""shape"": [4096, 2048], ""dtype"": ""torch.float16"", ""device"": ""cuda:1"", ""stride"": [2048, 1]}, {""argument"": ""args[1]"", ""shape"": [11008, 2048], ""dtype"": ""torch.float16"", ""device"": ""cuda:1"", ""stride"": [2048, 1]}]",65678,2291095,1
cloud,1,9275,prefill,2b19945777114854b82d6cd44b40f27b,optrace:9275:565,aten.empty.memory_format,"[{""request_id"": ""c4f28400bfd54f3bbb86f843f6fb61f5"", ""position"": 0, ""query_len"": 4096}]",[],[],[],21762,0,0
cloud,1,9275,prefill,2b19945777114854b82d6cd44b40f27b,optrace:9275:566,_C.silu_and_mul.default,"[{""request_id"": ""c4f28400bfd54f3bbb86f843f6fb61f5"", ""position"": 0, ""query_len"": 4096}]","[[4096, 5504], [4096, 11008]]","[""torch.float16"", ""torch.float16""]","[{""argument"": ""args[0]"", ""shape"": [4096, 5504], ""dtype"": ""torch.float16"", ""device"": ""cuda:1"", ""stride"": [5504, 1]}, {""argument"": ""args[1]"", ""shape"": [4096, 11008], ""dtype"": ""torch.float16"", ""device"": ""cuda:1"", ""stride"": [11008, 1]}]",18398,301983,1
cloud,1,9275,prefill,2b19945777114854b82d6cd44b40f27b,optrace:9275:567,aten.linear.default,"[{""request_id"": ""c4f28400bfd54f3bbb86f843f6fb61f5"", ""position"": 0, ""query_len"": 4096}]","[[4096, 5504], [2048, 5504]]","[""torch.float16"", ""torch.float16""]","[{""argument"": ""args[0]"", ""shape"": [4096, 5504], ""dtype"": ""torch.float16"", ""device"": ""cuda:1"", ""stride"": [5504, 1]}, {""argument"": ""args[1]"", ""shape"": [2048, 5504], ""dtype"": ""torch.float16"", ""device"": ""cuda:1"", ""stride"": [5504, 1]}]",45314,1079164,1
cloud,1,9275,prefill,2b19945777114854b82d6cd44b40f27b,optrace:9275:568,vllm.all_reduce.default,"[{""request_id"": ""c4f28400bfd54f3bbb86f843f6fb61f5"", ""position"": 0, ""query_len"": 4096}]","[[4096, 2048]]","[""torch.float16""]","[{""argument"": ""args[0]"", ""shape"": [4096, 2048], ""dtype"": ""torch.float16"", ""device"": ""cuda:1"", ""stride"": [2048, 1]}]",80409,0,0
cloud,1,9275,prefill,2b19945777114854b82d6cd44b40f27b,optrace:9275:569,pynccl.all_reduce,"[{""request_id"": ""c4f28400bfd54f3bbb86f843f6fb61f5"", ""position"": 0, ""query_len"": 4096}]","[[4096, 2048]]","[""torch.float16""]","[{""argument"": ""args[0]"", ""shape"": [4096, 2048], ""dtype"": ""torch.float16"", ""device"": ""cuda:1"", ""stride"": [2048, 1]}]",58851,1265115,1
cloud,1,9275,prefill,2b19945777114854b82d6cd44b40f27b,optrace:9275:570,aten.detach.default,"[{""request_id"": ""c4f28400bfd54f3bbb86f843f6fb61f5"", ""position"": 0, ""query_len"": 4096}]",[[2048]],"[""torch.float16""]","[{""argument"": ""args[0]"", ""shape"": [2048], ""dtype"": ""torch.float16"", ""device"": ""cuda:1"", ""stride"": [1]}]",7612,0,0
cloud,1,9275,prefill,2b19945777114854b82d6cd44b40f27b,optrace:9275:571,_C.fused_add_rms_norm.default,"[{""request_id"": ""c4f28400bfd54f3bbb86f843f6fb61f5"", ""position"": 0, ""query_len"": 4096}]","[[4096, 2048], [4096, 2048], [2048]]","[""torch.float16"", ""torch.float16"", ""torch.float16""]","[{""argument"": ""args[0]"", ""shape"": [4096, 2048], ""dtype"": ""torch.float16"", ""device"": ""cuda:1"", ""stride"": [2048, 1]}, {""argument"": ""args[1]"", ""shape"": [4096, 2048], ""dtype"": ""torch.float16"", ""device"": ""cuda:1"", ""stride"": [2048, 1]}, {""argument"": ""args[2]"", ""shape"": [2048], ""dtype"": ""torch.float16"", ""device"": ""cuda:1"", ""stride"": [1]}]",22673,139839,1
cloud,1,9275,prefill,2b19945777114854b82d6cd44b40f27b,optrace:9275:572,aten.linear.default,"[{""request_id"": ""c4f28400bfd54f3bbb86f843f6fb61f5"", ""position"": 0, ""query_len"": 4096}]","[[4096, 2048], [1280, 2048], [1280]]","[""torch.float16"", ""torch.float16"", ""torch.float16""]","[{""argument"": ""args[0]"", ""shape"": [4096, 2048], ""dtype"": ""torch.float16"", ""device"": ""cuda:1"", ""stride"": [2048, 1]}, {""argument"": ""args[1]"", ""shape"": [1280, 2048], ""dtype"": ""torch.float16"", ""device"": ""cuda:1"", ""stride"": [2048, 1]}, {""argument"": ""args[2]"", ""shape"": [1280], ""dtype"": ""torch.float16"", ""device"": ""cuda:1"", ""stride"": [1]}]",79122,330335,1
cloud,1,9275,prefill,2b19945777114854b82d6cd44b40f27b,optrace:9275:573,aten.split_with_sizes.default,"[{""request_id"": ""c4f28400bfd54f3bbb86f843f6fb61f5"", ""position"": 0, ""query_len"": 4096}]","[[4096, 1280]]","[""torch.float16""]","[{""argument"": ""args[0]"", ""shape"": [4096, 1280], ""dtype"": ""torch.float16"", ""device"": ""cuda:1"", ""stride"": [1280, 1]}]",14701,0,0
cloud,1,9275,prefill,2b19945777114854b82d6cd44b40f27b,optrace:9275:574,_C.rotary_embedding.default,"[{""request_id"": ""c4f28400bfd54f3bbb86f843f6fb61f5"", ""position"": 0, ""query_len"": 4096}]","[[4096], [4096, 1024], [4096, 128], [32768, 128]]","[""torch.int64"", ""torch.float16"", ""torch.float16"", ""torch.float16""]","[{""argument"": ""args[0]"", ""shape"": [4096], ""dtype"": ""torch.int64"", ""device"": ""cuda:1"", ""stride"": [1]}, {""argument"": ""args[1]"", ""shape"": [4096, 1024], ""dtype"": ""torch.float16"", ""device"": ""cuda:1"", ""stride"": [1280, 1]}, {""argument"": ""args[2]"", ""shape"": [4096, 128], ""dtype"": ""torch.float16"", ""device"": ""cuda:1"", ""stride"": [1280, 1]}, {""argument"": ""args[4]"", ""shape"": [32768, 128], ""dtype"": ""torch.float16"", ""device"": ""cuda:1"", ""stride"": [128, 1]}]",22808,50368,1
cloud,1,9275,prefill,2b19945777114854b82d6cd44b40f27b,optrace:9275:575,aten.zeros.default,"[{""request_id"": ""c4f28400bfd54f3bbb86f843f6fb61f5"", ""position"": 0, ""query_len"": 4096}]",[],[],[],49804,18112,1
cloud,1,9275,prefill,2b19945777114854b82d6cd44b40f27b,optrace:9275:576,aten.view.default,"[{""request_id"": ""c4f28400bfd54f3bbb86f843f6fb61f5"", ""position"": 0, ""query_len"": 4096}]","[[4096, 1024]]","[""torch.float16""]","[{""argument"": ""args[0]"", ""shape"": [4096, 1024], ""dtype"": ""torch.float16"", ""device"": ""cuda:1"", ""stride"": [1280, 1]}]",8674,0,0
cloud,1,9275,prefill,2b19945777114854b82d6cd44b40f27b,optrace:9275:577,aten.view.default,"[{""request_id"": ""c4f28400bfd54f3bbb86f843f6fb61f5"", ""position"": 0, ""query_len"": 4096}]","[[4096, 1024]]","[""torch.float16""]","[{""argument"": ""args[0]"", ""shape"": [4096, 1024], ""dtype"": ""torch.float16"", ""device"": ""cuda:1"", ""stride"": [1024, 1]}]",5315,0,0
cloud,1,9275,prefill,2b19945777114854b82d6cd44b40f27b,optrace:9275:578,aten.view.default,"[{""request_id"": ""c4f28400bfd54f3bbb86f843f6fb61f5"", ""position"": 0, ""query_len"": 4096}]","[[4096, 128]]","[""torch.float16""]","[{""argument"": ""args[0]"", ""shape"": [4096, 128], ""dtype"": ""torch.float16"", ""device"": ""cuda:1"", ""stride"": [1280, 1]}]",5608,0,0
cloud,1,9275,prefill,2b19945777114854b82d6cd44b40f27b,optrace:9275:579,aten.view.default,"[{""request_id"": ""c4f28400bfd54f3bbb86f843f6fb61f5"", ""position"": 0, ""query_len"": 4096}]","[[4096, 128]]","[""torch.float16""]","[{""argument"": ""args[0]"", ""shape"": [4096, 128], ""dtype"": ""torch.float16"", ""device"": ""cuda:1"", ""stride"": [1280, 1]}]",5094,0,0
cloud,1,9275,prefill,2b19945777114854b82d6cd44b40f27b,optrace:9275:580,vllm.unified_attention_with_output.default,"[{""request_id"": ""c4f28400bfd54f3bbb86f843f6fb61f5"", ""position"": 0, ""query_len"": 4096}]","[[4096, 8, 128], [4096, 1, 128], [4096, 1, 128], [4096, 8, 128]]","[""torch.float16"", ""torch.float16"", ""torch.float16"", ""torch.float16""]","[{""argument"": ""args[0]"", ""shape"": [4096, 8, 128], ""dtype"": ""torch.float16"", ""device"": ""cuda:1"", ""stride"": [1280, 128, 1]}, {""argument"": ""args[1]"", ""shape"": [4096, 1, 128], ""dtype"": ""torch.float16"", ""device"": ""cuda:1"", ""stride"": [1280, 128, 1]}, {""argument"": ""args[2]"", ""shape"": [4096, 1, 128], ""dtype"": ""torch.float16"", ""device"": ""cuda:1"", ""stride"": [1280, 128, 1]}, {""argument"": ""args[3]"", ""shape"": [4096, 8, 128], ""dtype"": ""torch.float16"", ""device"": ""cuda:1"", ""stride"": [1024, 128, 1]}]",174995,584893,2
cloud,1,9275,prefill,2b19945777114854b82d6cd44b40f27b,optrace:9275:581,aten.view.default,"[{""request_id"": ""c4f28400bfd54f3bbb86f843f6fb61f5"", ""position"": 0, ""query_len"": 4096}]","[[4096, 8, 128]]","[""torch.float16""]","[{""argument"": ""args[0]"", ""shape"": [4096, 8, 128], ""dtype"": ""torch.float16"", ""device"": ""cuda:1"", ""stride"": [1024, 128, 1]}]",8699,0,0
cloud,1,9275,prefill,2b19945777114854b82d6cd44b40f27b,optrace:9275:582,aten.linear.default,"[{""request_id"": ""c4f28400bfd54f3bbb86f843f6fb61f5"", ""position"": 0, ""query_len"": 4096}]","[[4096, 1024], [2048, 1024]]","[""torch.float16"", ""torch.float16""]","[{""argument"": ""args[0]"", ""shape"": [4096, 1024], ""dtype"": ""torch.float16"", ""device"": ""cuda:1"", ""stride"": [1024, 1]}, {""argument"": ""args[1]"", ""shape"": [2048, 1024], ""dtype"": ""torch.float16"", ""device"": ""cuda:1"", ""stride"": [1024, 1]}]",52078,232799,1
cloud,1,9275,prefill,2b19945777114854b82d6cd44b40f27b,optrace:9275:583,vllm.all_reduce.default,"[{""request_id"": ""c4f28400bfd54f3bbb86f843f6fb61f5"", ""position"": 0, ""query_len"": 4096}]","[[4096, 2048]]","[""torch.float16""]","[{""argument"": ""args[0]"", ""shape"": [4096, 2048], ""dtype"": ""torch.float16"", ""device"": ""cuda:1"", ""stride"": [2048, 1]}]",80804,0,0
cloud,1,9275,prefill,2b19945777114854b82d6cd44b40f27b,optrace:9275:584,pynccl.all_reduce,"[{""request_id"": ""c4f28400bfd54f3bbb86f843f6fb61f5"", ""position"": 0, ""query_len"": 4096}]","[[4096, 2048]]","[""torch.float16""]","[{""argument"": ""args[0]"", ""shape"": [4096, 2048], ""dtype"": ""torch.float16"", ""device"": ""cuda:1"", ""stride"": [2048, 1]}]",61606,1257787,1
cloud,1,9275,prefill,2b19945777114854b82d6cd44b40f27b,optrace:9275:585,aten.detach.default,"[{""request_id"": ""c4f28400bfd54f3bbb86f843f6fb61f5"", ""position"": 0, ""query_len"": 4096}]",[[2048]],"[""torch.float16""]","[{""argument"": ""args[0]"", ""shape"": [2048], ""dtype"": ""torch.float16"", ""device"": ""cuda:1"", ""stride"": [1]}]",8027,0,0
cloud,1,9275,prefill,2b19945777114854b82d6cd44b40f27b,optrace:9275:586,_C.fused_add_rms_norm.default,"[{""request_id"": ""c4f28400bfd54f3bbb86f843f6fb61f5"", ""position"": 0, ""query_len"": 4096}]","[[4096, 2048], [4096, 2048], [2048]]","[""torch.float16"", ""torch.float16"", ""torch.float16""]","[{""argument"": ""args[0]"", ""shape"": [4096, 2048], ""dtype"": ""torch.float16"", ""device"": ""cuda:1"", ""stride"": [2048, 1]}, {""argument"": ""args[1]"", ""shape"": [4096, 2048], ""dtype"": ""torch.float16"", ""device"": ""cuda:1"", ""stride"": [2048, 1]}, {""argument"": ""args[2]"", ""shape"": [2048], ""dtype"": ""torch.float16"", ""device"": ""cuda:1"", ""stride"": [1]}]",20997,138752,1
cloud,1,9275,prefill,2b19945777114854b82d6cd44b40f27b,optrace:9275:587,aten.linear.default,"[{""request_id"": ""c4f28400bfd54f3bbb86f843f6fb61f5"", ""position"": 0, ""query_len"": 4096}]","[[4096, 2048], [11008, 2048]]","[""torch.float16"", ""torch.float16""]","[{""argument"": ""args[0]"", ""shape"": [4096, 2048], ""dtype"": ""torch.float16"", ""device"": ""cuda:1"", ""stride"": [2048, 1]}, {""argument"": ""args[1]"", ""shape"": [11008, 2048], ""dtype"": ""torch.float16"", ""device"": ""cuda:1"", ""stride"": [2048, 1]}]",71918,2279383,1
cloud,1,9275,prefill,2b19945777114854b82d6cd44b40f27b,optrace:9275:588,aten.empty.memory_format,"[{""request_id"": ""c4f28400bfd54f3bbb86f843f6fb61f5"", ""position"": 0, ""query_len"": 4096}]",[],[],[],21753,0,0
cloud,1,9275,prefill,2b19945777114854b82d6cd44b40f27b,optrace:9275:589,_C.silu_and_mul.default,"[{""request_id"": ""c4f28400bfd54f3bbb86f843f6fb61f5"", ""position"": 0, ""query_len"": 4096}]","[[4096, 5504], [4096, 11008]]","[""torch.float16"", ""torch.float16""]","[{""argument"": ""args[0]"", ""shape"": [4096, 5504], ""dtype"": ""torch.float16"", ""device"": ""cuda:1"", ""stride"": [5504, 1]}, {""argument"": ""args[1]"", ""shape"": [4096, 11008], ""dtype"": ""torch.float16"", ""device"": ""cuda:1"", ""stride"": [11008, 1]}]",17933,303391,1
cloud,1,9275,prefill,2b19945777114854b82d6cd44b40f27b,optrace:9275:590,aten.linear.default,"[{""request_id"": ""c4f28400bfd54f3bbb86f843f6fb61f5"", ""position"": 0, ""query_len"": 4096}]","[[4096, 5504], [2048, 5504]]","[""torch.float16"", ""torch.float16""]","[{""argument"": ""args[0]"", ""shape"": [4096, 5504], ""dtype"": ""torch.float16"", ""device"": ""cuda:1"", ""stride"": [5504, 1]}, {""argument"": ""args[1]"", ""shape"": [2048, 5504], ""dtype"": ""torch.float16"", ""device"": ""cuda:1"", ""stride"": [5504, 1]}]",45708,1091099,1
cloud,1,9275,prefill,2b19945777114854b82d6cd44b40f27b,optrace:9275:591,vllm.all_reduce.default,"[{""request_id"": ""c4f28400bfd54f3bbb86f843f6fb61f5"", ""position"": 0, ""query_len"": 4096}]","[[4096, 2048]]","[""torch.float16""]","[{""argument"": ""args[0]"", ""shape"": [4096, 2048], ""dtype"": ""torch.float16"", ""device"": ""cuda:1"", ""stride"": [2048, 1]}]",84049,0,0
cloud,1,9275,prefill,2b19945777114854b82d6cd44b40f27b,optrace:9275:592,pynccl.all_reduce,"[{""request_id"": ""c4f28400bfd54f3bbb86f843f6fb61f5"", ""position"": 0, ""query_len"": 4096}]","[[4096, 2048]]","[""torch.float16""]","[{""argument"": ""args[0]"", ""shape"": [4096, 2048], ""dtype"": ""torch.float16"", ""device"": ""cuda:1"", ""stride"": [2048, 1]}]",64526,1242651,1
cloud,1,9275,prefill,2b19945777114854b82d6cd44b40f27b,optrace:9275:593,aten.detach.default,"[{""request_id"": ""c4f28400bfd54f3bbb86f843f6fb61f5"", ""position"": 0, ""query_len"": 4096}]",[[2048]],"[""torch.float16""]","[{""argument"": ""args[0]"", ""shape"": [2048], ""dtype"": ""torch.float16"", ""device"": ""cuda:1"", ""stride"": [1]}]",7709,0,0
cloud,1,9275,prefill,2b19945777114854b82d6cd44b40f27b,optrace:9275:594,_C.fused_add_rms_norm.default,"[{""request_id"": ""c4f28400bfd54f3bbb86f843f6fb61f5"", ""position"": 0, ""query_len"": 4096}]","[[4096, 2048], [4096, 2048], [2048]]","[""torch.float16"", ""torch.float16"", ""torch.float16""]","[{""argument"": ""args[0]"", ""shape"": [4096, 2048], ""dtype"": ""torch.float16"", ""device"": ""cuda:1"", ""stride"": [2048, 1]}, {""argument"": ""args[1]"", ""shape"": [4096, 2048], ""dtype"": ""torch.float16"", ""device"": ""cuda:1"", ""stride"": [2048, 1]}, {""argument"": ""args[2]"", ""shape"": [2048], ""dtype"": ""torch.float16"", ""device"": ""cuda:1"", ""stride"": [1]}]",18873,139488,1
cloud,1,9275,prefill,2b19945777114854b82d6cd44b40f27b,optrace:9275:595,aten.linear.default,"[{""request_id"": ""c4f28400bfd54f3bbb86f843f6fb61f5"", ""position"": 0, ""query_len"": 4096}]","[[4096, 2048], [1280, 2048], [1280]]","[""torch.float16"", ""torch.float16"", ""torch.float16""]","[{""argument"": ""args[0]"", ""shape"": [4096, 2048], ""dtype"": ""torch.float16"", ""device"": ""cuda:1"", ""stride"": [2048, 1]}, {""argument"": ""args[1]"", ""shape"": [1280, 2048], ""dtype"": ""torch.float16"", ""device"": ""cuda:1"", ""stride"": [2048, 1]}, {""argument"": ""args[2]"", ""shape"": [1280], ""dtype"": ""torch.float16"", ""device"": ""cuda:1"", ""stride"": [1]}]",61242,330687,1
cloud,1,9275,prefill,2b19945777114854b82d6cd44b40f27b,optrace:9275:596,aten.split_with_sizes.default,"[{""request_id"": ""c4f28400bfd54f3bbb86f843f6fb61f5"", ""position"": 0, ""query_len"": 4096}]","[[4096, 1280]]","[""torch.float16""]","[{""argument"": ""args[0]"", ""shape"": [4096, 1280], ""dtype"": ""torch.float16"", ""device"": ""cuda:1"", ""stride"": [1280, 1]}]",14097,0,0
cloud,1,9275,prefill,2b19945777114854b82d6cd44b40f27b,optrace:9275:597,_C.rotary_embedding.default,"[{""request_id"": ""c4f28400bfd54f3bbb86f843f6fb61f5"", ""position"": 0, ""query_len"": 4096}]","[[4096], [4096, 1024], [4096, 128], [32768, 128]]","[""torch.int64"", ""torch.float16"", ""torch.float16"", ""torch.float16""]","[{""argument"": ""args[0]"", ""shape"": [4096], ""dtype"": ""torch.int64"", ""device"": ""cuda:1"", ""stride"": [1]}, {""argument"": ""args[1]"", ""shape"": [4096, 1024], ""dtype"": ""torch.float16"", ""device"": ""cuda:1"", ""stride"": [1280, 1]}, {""argument"": ""args[2]"", ""shape"": [4096, 128], ""dtype"": ""torch.float16"", ""device"": ""cuda:1"", ""stride"": [1280, 1]}, {""argument"": ""args[4]"", ""shape"": [32768, 128], ""dtype"": ""torch.float16"", ""device"": ""cuda:1"", ""stride"": [128, 1]}]",21633,50943,1
cloud,1,9275,prefill,2b19945777114854b82d6cd44b40f27b,optrace:9275:598,aten.zeros.default,"[{""request_id"": ""c4f28400bfd54f3bbb86f843f6fb61f5"", ""position"": 0, ""query_len"": 4096}]",[],[],[],40871,18272,1
cloud,1,9275,prefill,2b19945777114854b82d6cd44b40f27b,optrace:9275:599,aten.view.default,"[{""request_id"": ""c4f28400bfd54f3bbb86f843f6fb61f5"", ""position"": 0, ""query_len"": 4096}]","[[4096, 1024]]","[""torch.float16""]","[{""argument"": ""args[0]"", ""shape"": [4096, 1024], ""dtype"": ""torch.float16"", ""device"": ""cuda:1"", ""stride"": [1280, 1]}]",8822,0,0
cloud,1,9275,prefill,2b19945777114854b82d6cd44b40f27b,optrace:9275:600,aten.view.default,"[{""request_id"": ""c4f28400bfd54f3bbb86f843f6fb61f5"", ""position"": 0, ""query_len"": 4096}]","[[4096, 1024]]","[""torch.float16""]","[{""argument"": ""args[0]"", ""shape"": [4096, 1024], ""dtype"": ""torch.float16"", ""device"": ""cuda:1"", ""stride"": [1024, 1]}]",9530,0,0
cloud,1,9275,prefill,2b19945777114854b82d6cd44b40f27b,optrace:9275:601,aten.view.default,"[{""request_id"": ""c4f28400bfd54f3bbb86f843f6fb61f5"", ""position"": 0, ""query_len"": 4096}]","[[4096, 128]]","[""torch.float16""]","[{""argument"": ""args[0]"", ""shape"": [4096, 128], ""dtype"": ""torch.float16"", ""device"": ""cuda:1"", ""stride"": [1280, 1]}]",5338,0,0
cloud,1,9275,prefill,2b19945777114854b82d6cd44b40f27b,optrace:9275:602,aten.view.default,"[{""request_id"": ""c4f28400bfd54f3bbb86f843f6fb61f5"", ""position"": 0, ""query_len"": 4096}]","[[4096, 128]]","[""torch.float16""]","[{""argument"": ""args[0]"", ""shape"": [4096, 128], ""dtype"": ""torch.float16"", ""device"": ""cuda:1"", ""stride"": [1280, 1]}]",4963,0,0
cloud,1,9275,prefill,2b19945777114854b82d6cd44b40f27b,optrace:9275:603,vllm.unified_attention_with_output.default,"[{""request_id"": ""c4f28400bfd54f3bbb86f843f6fb61f5"", ""position"": 0, ""query_len"": 4096}]","[[4096, 8, 128], [4096, 1, 128], [4096, 1, 128], [4096, 8, 128]]","[""torch.float16"", ""torch.float16"", ""torch.float16"", ""torch.float16""]","[{""argument"": ""args[0]"", ""shape"": [4096, 8, 128], ""dtype"": ""torch.float16"", ""device"": ""cuda:1"", ""stride"": [1280, 128, 1]}, {""argument"": ""args[1]"", ""shape"": [4096, 1, 128], ""dtype"": ""torch.float16"", ""device"": ""cuda:1"", ""stride"": [1280, 128, 1]}, {""argument"": ""args[2]"", ""shape"": [4096, 1, 128], ""dtype"": ""torch.float16"", ""device"": ""cuda:1"", ""stride"": [1280, 128, 1]}, {""argument"": ""args[3]"", ""shape"": [4096, 8, 128], ""dtype"": ""torch.float16"", ""device"": ""cuda:1"", ""stride"": [1024, 128, 1]}]",190118,574302,2
cloud,1,9275,prefill,2b19945777114854b82d6cd44b40f27b,optrace:9275:604,aten.view.default,"[{""request_id"": ""c4f28400bfd54f3bbb86f843f6fb61f5"", ""position"": 0, ""query_len"": 4096}]","[[4096, 8, 128]]","[""torch.float16""]","[{""argument"": ""args[0]"", ""shape"": [4096, 8, 128], ""dtype"": ""torch.float16"", ""device"": ""cuda:1"", ""stride"": [1024, 128, 1]}]",9519,0,0
cloud,1,9275,prefill,2b19945777114854b82d6cd44b40f27b,optrace:9275:605,aten.linear.default,"[{""request_id"": ""c4f28400bfd54f3bbb86f843f6fb61f5"", ""position"": 0, ""query_len"": 4096}]","[[4096, 1024], [2048, 1024]]","[""torch.float16"", ""torch.float16""]","[{""argument"": ""args[0]"", ""shape"": [4096, 1024], ""dtype"": ""torch.float16"", ""device"": ""cuda:1"", ""stride"": [1024, 1]}, {""argument"": ""args[1]"", ""shape"": [2048, 1024], ""dtype"": ""torch.float16"", ""device"": ""cuda:1"", ""stride"": [1024, 1]}]",66807,233503,1
cloud,1,9275,prefill,2b19945777114854b82d6cd44b40f27b,optrace:9275:606,vllm.all_reduce.default,"[{""request_id"": ""c4f28400bfd54f3bbb86f843f6fb61f5"", ""position"": 0, ""query_len"": 4096}]","[[4096, 2048]]","[""torch.float16""]","[{""argument"": ""args[0]"", ""shape"": [4096, 2048], ""dtype"": ""torch.float16"", ""device"": ""cuda:1"", ""stride"": [2048, 1]}]",80884,0,0
cloud,1,9275,prefill,2b19945777114854b82d6cd44b40f27b,optrace:9275:607,pynccl.all_reduce,"[{""request_id"": ""c4f28400bfd54f3bbb86f843f6fb61f5"", ""position"": 0, ""query_len"": 4096}]","[[4096, 2048]]","[""torch.float16""]","[{""argument"": ""args[0]"", ""shape"": [4096, 2048], ""dtype"": ""torch.float16"", ""device"": ""cuda:1"", ""stride"": [2048, 1]}]",61099,1232123,1
cloud,1,9275,prefill,2b19945777114854b82d6cd44b40f27b,optrace:9275:608,aten.detach.default,"[{""request_id"": ""c4f28400bfd54f3bbb86f843f6fb61f5"", ""position"": 0, ""query_len"": 4096}]",[[2048]],"[""torch.float16""]","[{""argument"": ""args[0]"", ""shape"": [2048], ""dtype"": ""torch.float16"", ""device"": ""cuda:1"", ""stride"": [1]}]",7278,0,0
cloud,1,9275,prefill,2b19945777114854b82d6cd44b40f27b,optrace:9275:609,_C.fused_add_rms_norm.default,"[{""request_id"": ""c4f28400bfd54f3bbb86f843f6fb61f5"", ""position"": 0, ""query_len"": 4096}]","[[4096, 2048], [4096, 2048], [2048]]","[""torch.float16"", ""torch.float16"", ""torch.float16""]","[{""argument"": ""args[0]"", ""shape"": [4096, 2048], ""dtype"": ""torch.float16"", ""device"": ""cuda:1"", ""stride"": [2048, 1]}, {""argument"": ""args[1]"", ""shape"": [4096, 2048], ""dtype"": ""torch.float16"", ""device"": ""cuda:1"", ""stride"": [2048, 1]}, {""argument"": ""args[2]"", ""shape"": [2048], ""dtype"": ""torch.float16"", ""device"": ""cuda:1"", ""stride"": [1]}]",19295,138400,1
cloud,1,9275,prefill,2b19945777114854b82d6cd44b40f27b,optrace:9275:610,aten.linear.default,"[{""request_id"": ""c4f28400bfd54f3bbb86f843f6fb61f5"", ""position"": 0, ""query_len"": 4096}]","[[4096, 2048], [11008, 2048]]","[""torch.float16"", ""torch.float16""]","[{""argument"": ""args[0]"", ""shape"": [4096, 2048], ""dtype"": ""torch.float16"", ""device"": ""cuda:1"", ""stride"": [2048, 1]}, {""argument"": ""args[1]"", ""shape"": [11008, 2048], ""dtype"": ""torch.float16"", ""device"": ""cuda:1"", ""stride"": [2048, 1]}]",62126,2298807,1
cloud,1,9275,prefill,2b19945777114854b82d6cd44b40f27b,optrace:9275:611,aten.empty.memory_format,"[{""request_id"": ""c4f28400bfd54f3bbb86f843f6fb61f5"", ""position"": 0, ""query_len"": 4096}]",[],[],[],21289,0,0
cloud,1,9275,prefill,2b19945777114854b82d6cd44b40f27b,optrace:9275:612,_C.silu_and_mul.default,"[{""request_id"": ""c4f28400bfd54f3bbb86f843f6fb61f5"", ""position"": 0, ""query_len"": 4096}]","[[4096, 5504], [4096, 11008]]","[""torch.float16"", ""torch.float16""]","[{""argument"": ""args[0]"", ""shape"": [4096, 5504], ""dtype"": ""torch.float16"", ""device"": ""cuda:1"", ""stride"": [5504, 1]}, {""argument"": ""args[1]"", ""shape"": [4096, 11008], ""dtype"": ""torch.float16"", ""device"": ""cuda:1"", ""stride"": [11008, 1]}]",16902,303678,1
cloud,1,9275,prefill,2b19945777114854b82d6cd44b40f27b,optrace:9275:613,aten.linear.default,"[{""request_id"": ""c4f28400bfd54f3bbb86f843f6fb61f5"", ""position"": 0, ""query_len"": 4096}]","[[4096, 5504], [2048, 5504]]","[""torch.float16"", ""torch.float16""]","[{""argument"": ""args[0]"", ""shape"": [4096, 5504], ""dtype"": ""torch.float16"", ""device"": ""cuda:1"", ""stride"": [5504, 1]}, {""argument"": ""args[1]"", ""shape"": [2048, 5504], ""dtype"": ""torch.float16"", ""device"": ""cuda:1"", ""stride"": [5504, 1]}]",45206,1092348,1
cloud,1,9275,prefill,2b19945777114854b82d6cd44b40f27b,optrace:9275:614,vllm.all_reduce.default,"[{""request_id"": ""c4f28400bfd54f3bbb86f843f6fb61f5"", ""position"": 0, ""query_len"": 4096}]","[[4096, 2048]]","[""torch.float16""]","[{""argument"": ""args[0]"", ""shape"": [4096, 2048], ""dtype"": ""torch.float16"", ""device"": ""cuda:1"", ""stride"": [2048, 1]}]",76708,0,0
cloud,1,9275,prefill,2b19945777114854b82d6cd44b40f27b,optrace:9275:615,pynccl.all_reduce,"[{""request_id"": ""c4f28400bfd54f3bbb86f843f6fb61f5"", ""position"": 0, ""query_len"": 4096}]","[[4096, 2048]]","[""torch.float16""]","[{""argument"": ""args[0]"", ""shape"": [4096, 2048], ""dtype"": ""torch.float16"", ""device"": ""cuda:1"", ""stride"": [2048, 1]}]",57953,1230107,1
cloud,1,9275,prefill,2b19945777114854b82d6cd44b40f27b,optrace:9275:616,aten.detach.default,"[{""request_id"": ""c4f28400bfd54f3bbb86f843f6fb61f5"", ""position"": 0, ""query_len"": 4096}]",[[2048]],"[""torch.float16""]","[{""argument"": ""args[0]"", ""shape"": [2048], ""dtype"": ""torch.float16"", ""device"": ""cuda:1"", ""stride"": [1]}]",7372,0,0
cloud,1,9275,prefill,2b19945777114854b82d6cd44b40f27b,optrace:9275:617,_C.fused_add_rms_norm.default,"[{""request_id"": ""c4f28400bfd54f3bbb86f843f6fb61f5"", ""position"": 0, ""query_len"": 4096}]","[[4096, 2048], [4096, 2048], [2048]]","[""torch.float16"", ""torch.float16"", ""torch.float16""]","[{""argument"": ""args[0]"", ""shape"": [4096, 2048], ""dtype"": ""torch.float16"", ""device"": ""cuda:1"", ""stride"": [2048, 1]}, {""argument"": ""args[1]"", ""shape"": [4096, 2048], ""dtype"": ""torch.float16"", ""device"": ""cuda:1"", ""stride"": [2048, 1]}, {""argument"": ""args[2]"", ""shape"": [2048], ""dtype"": ""torch.float16"", ""device"": ""cuda:1"", ""stride"": [1]}]",18671,138624,1
cloud,1,9275,prefill,2b19945777114854b82d6cd44b40f27b,optrace:9275:618,aten.linear.default,"[{""request_id"": ""c4f28400bfd54f3bbb86f843f6fb61f5"", ""position"": 0, ""query_len"": 4096}]","[[4096, 2048], [1280, 2048], [1280]]","[""torch.float16"", ""torch.float16"", ""torch.float16""]","[{""argument"": ""args[0]"", ""shape"": [4096, 2048], ""dtype"": ""torch.float16"", ""device"": ""cuda:1"", ""stride"": [2048, 1]}, {""argument"": ""args[1]"", ""shape"": [1280, 2048], ""dtype"": ""torch.float16"", ""device"": ""cuda:1"", ""stride"": [2048, 1]}, {""argument"": ""args[2]"", ""shape"": [1280], ""dtype"": ""torch.float16"", ""device"": ""cuda:1"", ""stride"": [1]}]",73997,332638,1
cloud,1,9275,prefill,2b19945777114854b82d6cd44b40f27b,optrace:9275:619,aten.split_with_sizes.default,"[{""request_id"": ""c4f28400bfd54f3bbb86f843f6fb61f5"", ""position"": 0, ""query_len"": 4096}]","[[4096, 1280]]","[""torch.float16""]","[{""argument"": ""args[0]"", ""shape"": [4096, 1280], ""dtype"": ""torch.float16"", ""device"": ""cuda:1"", ""stride"": [1280, 1]}]",14448,0,0
cloud,1,9275,prefill,2b19945777114854b82d6cd44b40f27b,optrace:9275:620,_C.rotary_embedding.default,"[{""request_id"": ""c4f28400bfd54f3bbb86f843f6fb61f5"", ""position"": 0, ""query_len"": 4096}]","[[4096], [4096, 1024], [4096, 128], [32768, 128]]","[""torch.int64"", ""torch.float16"", ""torch.float16"", ""torch.float16""]","[{""argument"": ""args[0]"", ""shape"": [4096], ""dtype"": ""torch.int64"", ""device"": ""cuda:1"", ""stride"": [1]}, {""argument"": ""args[1]"", ""shape"": [4096, 1024], ""dtype"": ""torch.float16"", ""device"": ""cuda:1"", ""stride"": [1280, 1]}, {""argument"": ""args[2]"", ""shape"": [4096, 128], ""dtype"": ""torch.float16"", ""device"": ""cuda:1"", ""stride"": [1280, 1]}, {""argument"": ""args[4]"", ""shape"": [32768, 128], ""dtype"": ""torch.float16"", ""device"": ""cuda:1"", ""stride"": [128, 1]}]",19942,50464,1
cloud,1,9275,prefill,2b19945777114854b82d6cd44b40f27b,optrace:9275:621,aten.zeros.default,"[{""request_id"": ""c4f28400bfd54f3bbb86f843f6fb61f5"", ""position"": 0, ""query_len"": 4096}]",[],[],[],59038,17888,1
cloud,1,9275,prefill,2b19945777114854b82d6cd44b40f27b,optrace:9275:622,aten.view.default,"[{""request_id"": ""c4f28400bfd54f3bbb86f843f6fb61f5"", ""position"": 0, ""query_len"": 4096}]","[[4096, 1024]]","[""torch.float16""]","[{""argument"": ""args[0]"", ""shape"": [4096, 1024], ""dtype"": ""torch.float16"", ""device"": ""cuda:1"", ""stride"": [1280, 1]}]",9034,0,0
cloud,1,9275,prefill,2b19945777114854b82d6cd44b40f27b,optrace:9275:623,aten.view.default,"[{""request_id"": ""c4f28400bfd54f3bbb86f843f6fb61f5"", ""position"": 0, ""query_len"": 4096}]","[[4096, 1024]]","[""torch.float16""]","[{""argument"": ""args[0]"", ""shape"": [4096, 1024], ""dtype"": ""torch.float16"", ""device"": ""cuda:1"", ""stride"": [1024, 1]}]",5570,0,0
cloud,1,9275,prefill,2b19945777114854b82d6cd44b40f27b,optrace:9275:624,aten.view.default,"[{""request_id"": ""c4f28400bfd54f3bbb86f843f6fb61f5"", ""position"": 0, ""query_len"": 4096}]","[[4096, 128]]","[""torch.float16""]","[{""argument"": ""args[0]"", ""shape"": [4096, 128], ""dtype"": ""torch.float16"", ""device"": ""cuda:1"", ""stride"": [1280, 1]}]",5591,0,0
cloud,1,9275,prefill,2b19945777114854b82d6cd44b40f27b,optrace:9275:625,aten.view.default,"[{""request_id"": ""c4f28400bfd54f3bbb86f843f6fb61f5"", ""position"": 0, ""query_len"": 4096}]","[[4096, 128]]","[""torch.float16""]","[{""argument"": ""args[0]"", ""shape"": [4096, 128], ""dtype"": ""torch.float16"", ""device"": ""cuda:1"", ""stride"": [1280, 1]}]",5317,0,0
cloud,1,9275,prefill,2b19945777114854b82d6cd44b40f27b,optrace:9275:626,vllm.unified_attention_with_output.default,"[{""request_id"": ""c4f28400bfd54f3bbb86f843f6fb61f5"", ""position"": 0, ""query_len"": 4096}]","[[4096, 8, 128], [4096, 1, 128], [4096, 1, 128], [4096, 8, 128]]","[""torch.float16"", ""torch.float16"", ""torch.float16"", ""torch.float16""]","[{""argument"": ""args[0]"", ""shape"": [4096, 8, 128], ""dtype"": ""torch.float16"", ""device"": ""cuda:1"", ""stride"": [1280, 128, 1]}, {""argument"": ""args[1]"", ""shape"": [4096, 1, 128], ""dtype"": ""torch.float16"", ""device"": ""cuda:1"", ""stride"": [1280, 128, 1]}, {""argument"": ""args[2]"", ""shape"": [4096, 1, 128], ""dtype"": ""torch.float16"", ""device"": ""cuda:1"", ""stride"": [1280, 128, 1]}, {""argument"": ""args[3]"", ""shape"": [4096, 8, 128], ""dtype"": ""torch.float16"", ""device"": ""cuda:1"", ""stride"": [1024, 128, 1]}]",171544,564254,2
cloud,1,9275,prefill,2b19945777114854b82d6cd44b40f27b,optrace:9275:627,aten.view.default,"[{""request_id"": ""c4f28400bfd54f3bbb86f843f6fb61f5"", ""position"": 0, ""query_len"": 4096}]","[[4096, 8, 128]]","[""torch.float16""]","[{""argument"": ""args[0]"", ""shape"": [4096, 8, 128], ""dtype"": ""torch.float16"", ""device"": ""cuda:1"", ""stride"": [1024, 128, 1]}]",8731,0,0
cloud,1,9275,prefill,2b19945777114854b82d6cd44b40f27b,optrace:9275:628,aten.linear.default,"[{""request_id"": ""c4f28400bfd54f3bbb86f843f6fb61f5"", ""position"": 0, ""query_len"": 4096}]","[[4096, 1024], [2048, 1024]]","[""torch.float16"", ""torch.float16""]","[{""argument"": ""args[0]"", ""shape"": [4096, 1024], ""dtype"": ""torch.float16"", ""device"": ""cuda:1"", ""stride"": [1024, 1]}, {""argument"": ""args[1]"", ""shape"": [2048, 1024], ""dtype"": ""torch.float16"", ""device"": ""cuda:1"", ""stride"": [1024, 1]}]",54008,233791,1
cloud,1,9275,prefill,2b19945777114854b82d6cd44b40f27b,optrace:9275:629,vllm.all_reduce.default,"[{""request_id"": ""c4f28400bfd54f3bbb86f843f6fb61f5"", ""position"": 0, ""query_len"": 4096}]","[[4096, 2048]]","[""torch.float16""]","[{""argument"": ""args[0]"", ""shape"": [4096, 2048], ""dtype"": ""torch.float16"", ""device"": ""cuda:1"", ""stride"": [2048, 1]}]",82402,0,0
cloud,1,9275,prefill,2b19945777114854b82d6cd44b40f27b,optrace:9275:630,pynccl.all_reduce,"[{""request_id"": ""c4f28400bfd54f3bbb86f843f6fb61f5"", ""position"": 0, ""query_len"": 4096}]","[[4096, 2048]]","[""torch.float16""]","[{""argument"": ""args[0]"", ""shape"": [4096, 2048], ""dtype"": ""torch.float16"", ""device"": ""cuda:1"", ""stride"": [2048, 1]}]",60243,1227483,1
cloud,1,9275,prefill,2b19945777114854b82d6cd44b40f27b,optrace:9275:631,aten.detach.default,"[{""request_id"": ""c4f28400bfd54f3bbb86f843f6fb61f5"", ""position"": 0, ""query_len"": 4096}]",[[2048]],"[""torch.float16""]","[{""argument"": ""args[0]"", ""shape"": [2048], ""dtype"": ""torch.float16"", ""device"": ""cuda:1"", ""stride"": [1]}]",7524,0,0
cloud,1,9275,prefill,2b19945777114854b82d6cd44b40f27b,optrace:9275:632,_C.fused_add_rms_norm.default,"[{""request_id"": ""c4f28400bfd54f3bbb86f843f6fb61f5"", ""position"": 0, ""query_len"": 4096}]","[[4096, 2048], [4096, 2048], [2048]]","[""torch.float16"", ""torch.float16"", ""torch.float16""]","[{""argument"": ""args[0]"", ""shape"": [4096, 2048], ""dtype"": ""torch.float16"", ""device"": ""cuda:1"", ""stride"": [2048, 1]}, {""argument"": ""args[1]"", ""shape"": [4096, 2048], ""dtype"": ""torch.float16"", ""device"": ""cuda:1"", ""stride"": [2048, 1]}, {""argument"": ""args[2]"", ""shape"": [2048], ""dtype"": ""torch.float16"", ""device"": ""cuda:1"", ""stride"": [1]}]",18967,138847,1
cloud,1,9275,prefill,2b19945777114854b82d6cd44b40f27b,optrace:9275:633,aten.linear.default,"[{""request_id"": ""c4f28400bfd54f3bbb86f843f6fb61f5"", ""position"": 0, ""query_len"": 4096}]","[[4096, 2048], [11008, 2048]]","[""torch.float16"", ""torch.float16""]","[{""argument"": ""args[0]"", ""shape"": [4096, 2048], ""dtype"": ""torch.float16"", ""device"": ""cuda:1"", ""stride"": [2048, 1]}, {""argument"": ""args[1]"", ""shape"": [11008, 2048], ""dtype"": ""torch.float16"", ""device"": ""cuda:1"", ""stride"": [2048, 1]}]",71438,2287799,1
cloud,1,9275,prefill,2b19945777114854b82d6cd44b40f27b,optrace:9275:634,aten.empty.memory_format,"[{""request_id"": ""c4f28400bfd54f3bbb86f843f6fb61f5"", ""position"": 0, ""query_len"": 4096}]",[],[],[],28843,0,0
cloud,1,9275,prefill,2b19945777114854b82d6cd44b40f27b,optrace:9275:635,_C.silu_and_mul.default,"[{""request_id"": ""c4f28400bfd54f3bbb86f843f6fb61f5"", ""position"": 0, ""query_len"": 4096}]","[[4096, 5504], [4096, 11008]]","[""torch.float16"", ""torch.float16""]","[{""argument"": ""args[0]"", ""shape"": [4096, 5504], ""dtype"": ""torch.float16"", ""device"": ""cuda:1"", ""stride"": [5504, 1]}, {""argument"": ""args[1]"", ""shape"": [4096, 11008], ""dtype"": ""torch.float16"", ""device"": ""cuda:1"", ""stride"": [11008, 1]}]",17879,304351,1
cloud,1,9275,prefill,2b19945777114854b82d6cd44b40f27b,optrace:9275:636,aten.linear.default,"[{""request_id"": ""c4f28400bfd54f3bbb86f843f6fb61f5"", ""position"": 0, ""query_len"": 4096}]","[[4096, 5504], [2048, 5504]]","[""torch.float16"", ""torch.float16""]","[{""argument"": ""args[0]"", ""shape"": [4096, 5504], ""dtype"": ""torch.float16"", ""device"": ""cuda:1"", ""stride"": [5504, 1]}, {""argument"": ""args[1]"", ""shape"": [2048, 5504], ""dtype"": ""torch.float16"", ""device"": ""cuda:1"", ""stride"": [5504, 1]}]",47086,1091196,1
cloud,1,9275,prefill,2b19945777114854b82d6cd44b40f27b,optrace:9275:637,vllm.all_reduce.default,"[{""request_id"": ""c4f28400bfd54f3bbb86f843f6fb61f5"", ""position"": 0, ""query_len"": 4096}]","[[4096, 2048]]","[""torch.float16""]","[{""argument"": ""args[0]"", ""shape"": [4096, 2048], ""dtype"": ""torch.float16"", ""device"": ""cuda:1"", ""stride"": [2048, 1]}]",78790,0,0
cloud,1,9275,prefill,2b19945777114854b82d6cd44b40f27b,optrace:9275:638,pynccl.all_reduce,"[{""request_id"": ""c4f28400bfd54f3bbb86f843f6fb61f5"", ""position"": 0, ""query_len"": 4096}]","[[4096, 2048]]","[""torch.float16""]","[{""argument"": ""args[0]"", ""shape"": [4096, 2048], ""dtype"": ""torch.float16"", ""device"": ""cuda:1"", ""stride"": [2048, 1]}]",59962,1250235,1
enterprise,1,9576,prefill,2b19945777114854b82d6cd44b40f27b,optrace:9576:1,aten.lift_fresh.default,"[{""request_id"": ""c4f28400bfd54f3bbb86f843f6fb61f5"", ""position"": 0, ""query_len"": 4096}]",[[4096]],"[""torch.int64""]","[{""argument"": ""args[0]"", ""shape"": [4096], ""dtype"": ""torch.int64"", ""device"": ""cuda:1"", ""stride"": [1]}]",17824,0,0
enterprise,1,9576,prefill,2b19945777114854b82d6cd44b40f27b,optrace:9576:2,aten.detach_.default,"[{""request_id"": ""c4f28400bfd54f3bbb86f843f6fb61f5"", ""position"": 0, ""query_len"": 4096}]",[[4096]],"[""torch.int64""]","[{""argument"": ""args[0]"", ""shape"": [4096], ""dtype"": ""torch.int64"", ""device"": ""cuda:1"", ""stride"": [1]}]",5618,0,0
enterprise,1,9576,prefill,2b19945777114854b82d6cd44b40f27b,optrace:9576:3,aten.lift_fresh.default,"[{""request_id"": ""c4f28400bfd54f3bbb86f843f6fb61f5"", ""position"": 0, ""query_len"": 4096}]",[[1]],"[""torch.int32""]","[{""argument"": ""args[0]"", ""shape"": [1], ""dtype"": ""torch.int32"", ""device"": ""cuda:1"", ""stride"": [1]}]",5032,0,0
enterprise,1,9576,prefill,2b19945777114854b82d6cd44b40f27b,optrace:9576:4,aten.detach_.default,"[{""request_id"": ""c4f28400bfd54f3bbb86f843f6fb61f5"", ""position"": 0, ""query_len"": 4096}]",[[1]],"[""torch.int32""]","[{""argument"": ""args[0]"", ""shape"": [1], ""dtype"": ""torch.int32"", ""device"": ""cuda:1"", ""stride"": [1]}]",14135,0,0
enterprise,1,9576,prefill,2b19945777114854b82d6cd44b40f27b,optrace:9576:5,aten.lift_fresh.default,"[{""request_id"": ""c4f28400bfd54f3bbb86f843f6fb61f5"", ""position"": 0, ""query_len"": 4096}]",[[1]],"[""torch.int32""]","[{""argument"": ""args[0]"", ""shape"": [1], ""dtype"": ""torch.int32"", ""device"": ""cuda:1"", ""stride"": [1]}]",6184,0,0
enterprise,1,9576,prefill,2b19945777114854b82d6cd44b40f27b,optrace:9576:6,aten.detach_.default,"[{""request_id"": ""c4f28400bfd54f3bbb86f843f6fb61f5"", ""position"": 0, ""query_len"": 4096}]",[[1]],"[""torch.int32""]","[{""argument"": ""args[0]"", ""shape"": [1], ""dtype"": ""torch.int32"", ""device"": ""cuda:1"", ""stride"": [1]}]",3483,0,0
enterprise,1,9576,prefill,2b19945777114854b82d6cd44b40f27b,optrace:9576:7,aten.empty.memory_format,"[{""request_id"": ""c4f28400bfd54f3bbb86f843f6fb61f5"", ""position"": 0, ""query_len"": 4096}]",[],[],[],28749,0,0
enterprise,1,9576,prefill,2b19945777114854b82d6cd44b40f27b,optrace:9576:8,aten.lift_fresh.default,"[{""request_id"": ""c4f28400bfd54f3bbb86f843f6fb61f5"", ""position"": 0, ""query_len"": 4096}]",[[2]],"[""torch.int32""]","[{""argument"": ""args[0]"", ""shape"": [2], ""dtype"": ""torch.int32"", ""device"": ""cuda:1"", ""stride"": [1]}]",5557,0,0
enterprise,1,9576,prefill,2b19945777114854b82d6cd44b40f27b,optrace:9576:9,aten.detach_.default,"[{""request_id"": ""c4f28400bfd54f3bbb86f843f6fb61f5"", ""position"": 0, ""query_len"": 4096}]",[[2]],"[""torch.int32""]","[{""argument"": ""args[0]"", ""shape"": [2], ""dtype"": ""torch.int32"", ""device"": ""cuda:1"", ""stride"": [1]}]",12929,0,0
enterprise,1,9576,prefill,2b19945777114854b82d6cd44b40f27b,optrace:9576:10,aten.lift_fresh.default,"[{""request_id"": ""c4f28400bfd54f3bbb86f843f6fb61f5"", ""position"": 0, ""query_len"": 4096}]",[[2]],"[""torch.int32""]","[{""argument"": ""args[0]"", ""shape"": [2], ""dtype"": ""torch.int32"", ""device"": ""cuda:1"", ""stride"": [1]}]",4646,0,0
enterprise,1,9576,prefill,2b19945777114854b82d6cd44b40f27b,optrace:9576:11,aten.detach_.default,"[{""request_id"": ""c4f28400bfd54f3bbb86f843f6fb61f5"", ""position"": 0, ""query_len"": 4096}]",[[2]],"[""torch.int32""]","[{""argument"": ""args[0]"", ""shape"": [2], ""dtype"": ""torch.int32"", ""device"": ""cuda:1"", ""stride"": [1]}]",3482,0,0
enterprise,1,9576,prefill,2b19945777114854b82d6cd44b40f27b,optrace:9576:12,aten.lift_fresh.default,"[{""request_id"": ""c4f28400bfd54f3bbb86f843f6fb61f5"", ""position"": 0, ""query_len"": 4096}]",[[4096]],"[""torch.int64""]","[{""argument"": ""args[0]"", ""shape"": [4096], ""dtype"": ""torch.int64"", ""device"": ""cuda:1"", ""stride"": [1]}]",7797,0,0
enterprise,1,9576,prefill,2b19945777114854b82d6cd44b40f27b,optrace:9576:13,aten.detach_.default,"[{""request_id"": ""c4f28400bfd54f3bbb86f843f6fb61f5"", ""position"": 0, ""query_len"": 4096}]",[[4096]],"[""torch.int64""]","[{""argument"": ""args[0]"", ""shape"": [4096], ""dtype"": ""torch.int64"", ""device"": ""cuda:1"", ""stride"": [1]}]",3926,0,0
enterprise,1,9576,prefill,2b19945777114854b82d6cd44b40f27b,optrace:9576:14,aten.lift_fresh.default,"[{""request_id"": ""c4f28400bfd54f3bbb86f843f6fb61f5"", ""position"": 0, ""query_len"": 4096}]",[[4096]],"[""torch.int64""]","[{""argument"": ""args[0]"", ""shape"": [4096], ""dtype"": ""torch.int64"", ""device"": ""cuda:1"", ""stride"": [1]}]",7421,0,0
enterprise,1,9576,prefill,2b19945777114854b82d6cd44b40f27b,optrace:9576:15,aten.detach_.default,"[{""request_id"": ""c4f28400bfd54f3bbb86f843f6fb61f5"", ""position"": 0, ""query_len"": 4096}]",[[4096]],"[""torch.int64""]","[{""argument"": ""args[0]"", ""shape"": [4096], ""dtype"": ""torch.int64"", ""device"": ""cuda:1"", ""stride"": [1]}]",3589,0,0
enterprise,1,9576,prefill,2b19945777114854b82d6cd44b40f27b,optrace:9576:16,aten.ge.Scalar,"[{""request_id"": ""c4f28400bfd54f3bbb86f843f6fb61f5"", ""position"": 0, ""query_len"": 4096}]",[[4096]],"[""torch.int64""]","[{""argument"": ""args[0]"", ""shape"": [4096], ""dtype"": ""torch.int64"", ""device"": ""cuda:1"", ""stride"": [1]}]",10288848,1952,1
enterprise,1,9576,prefill,2b19945777114854b82d6cd44b40f27b,optrace:9576:17,aten.lt.Scalar,"[{""request_id"": ""c4f28400bfd54f3bbb86f843f6fb61f5"", ""position"": 0, ""query_len"": 4096}]",[[4096]],"[""torch.int64""]","[{""argument"": ""args[0]"", ""shape"": [4096], ""dtype"": ""torch.int64"", ""device"": ""cuda:1"", ""stride"": [1]}]",65740,1696,1
enterprise,1,9576,prefill,2b19945777114854b82d6cd44b40f27b,optrace:9576:18,aten.__and__.Tensor,"[{""request_id"": ""c4f28400bfd54f3bbb86f843f6fb61f5"", ""position"": 0, ""query_len"": 4096}]","[[4096], [4096]]","[""torch.bool"", ""torch.bool""]","[{""argument"": ""args[0]"", ""shape"": [4096], ""dtype"": ""torch.bool"", ""device"": ""cuda:1"", ""stride"": [1]}, {""argument"": ""args[1]"", ""shape"": [4096], ""dtype"": ""torch.bool"", ""device"": ""cuda:1"", ""stride"": [1]}]",13256773,1376,1
enterprise,1,9576,prefill,2b19945777114854b82d6cd44b40f27b,optrace:9576:19,aten.ge.Scalar,"[{""request_id"": ""c4f28400bfd54f3bbb86f843f6fb61f5"", ""position"": 0, ""query_len"": 4096}]",[[4096]],"[""torch.int64""]","[{""argument"": ""args[0]"", ""shape"": [4096], ""dtype"": ""torch.int64"", ""device"": ""cuda:1"", ""stride"": [1]}]",63891,1568,1
enterprise,1,9576,prefill,2b19945777114854b82d6cd44b40f27b,optrace:9576:20,aten.lt.Scalar,"[{""request_id"": ""c4f28400bfd54f3bbb86f843f6fb61f5"", ""position"": 0, ""query_len"": 4096}]",[[4096]],"[""torch.int64""]","[{""argument"": ""args[0]"", ""shape"": [4096], ""dtype"": ""torch.int64"", ""device"": ""cuda:1"", ""stride"": [1]}]",27991,1536,1
enterprise,1,9576,prefill,2b19945777114854b82d6cd44b40f27b,optrace:9576:21,aten.__and__.Tensor,"[{""request_id"": ""c4f28400bfd54f3bbb86f843f6fb61f5"", ""position"": 0, ""query_len"": 4096}]","[[4096], [4096]]","[""torch.bool"", ""torch.bool""]","[{""argument"": ""args[0]"", ""shape"": [4096], ""dtype"": ""torch.bool"", ""device"": ""cuda:1"", ""stride"": [1]}, {""argument"": ""args[1]"", ""shape"": [4096], ""dtype"": ""torch.bool"", ""device"": ""cuda:1"", ""stride"": [1]}]",31944,1344,1
enterprise,1,9576,prefill,2b19945777114854b82d6cd44b40f27b,optrace:9576:22,aten.mul.Tensor,"[{""request_id"": ""c4f28400bfd54f3bbb86f843f6fb61f5"", ""position"": 0, ""query_len"": 4096}]",[[4096]],"[""torch.bool""]","[{""argument"": ""args[0]"", ""shape"": [4096], ""dtype"": ""torch.bool"", ""device"": ""cuda:1"", ""stride"": [1]}]",99565,2944,1
enterprise,1,9576,prefill,2b19945777114854b82d6cd44b40f27b,optrace:9576:23,aten.mul.Tensor,"[{""request_id"": ""c4f28400bfd54f3bbb86f843f6fb61f5"", ""position"": 0, ""query_len"": 4096}]",[[4096]],"[""torch.bool""]","[{""argument"": ""args[0]"", ""shape"": [4096], ""dtype"": ""torch.bool"", ""device"": ""cuda:1"", ""stride"": [1]}]",39675,2528,1
enterprise,1,9576,prefill,2b19945777114854b82d6cd44b40f27b,optrace:9576:24,aten.add.Tensor,"[{""request_id"": ""c4f28400bfd54f3bbb86f843f6fb61f5"", ""position"": 0, ""query_len"": 4096}]","[[4096], [4096]]","[""torch.int64"", ""torch.int64""]","[{""argument"": ""args[0]"", ""shape"": [4096], ""dtype"": ""torch.int64"", ""device"": ""cuda:1"", ""stride"": [1]}, {""argument"": ""args[1]"", ""shape"": [4096], ""dtype"": ""torch.int64"", ""device"": ""cuda:1"", ""stride"": [1]}]",61132,1696,1
enterprise,1,9576,prefill,2b19945777114854b82d6cd44b40f27b,optrace:9576:25,aten.__or__.Tensor,"[{""request_id"": ""c4f28400bfd54f3bbb86f843f6fb61f5"", ""position"": 0, ""query_len"": 4096}]","[[4096], [4096]]","[""torch.bool"", ""torch.bool""]","[{""argument"": ""args[0]"", ""shape"": [4096], ""dtype"": ""torch.bool"", ""device"": ""cuda:1"", ""stride"": [1]}, {""argument"": ""args[1]"", ""shape"": [4096], ""dtype"": ""torch.bool"", ""device"": ""cuda:1"", ""stride"": [1]}]",46310,1408,1
enterprise,1,9576,prefill,2b19945777114854b82d6cd44b40f27b,optrace:9576:26,aten.sub.Tensor,"[{""request_id"": ""c4f28400bfd54f3bbb86f843f6fb61f5"", ""position"": 0, ""query_len"": 4096}]","[[4096], [4096]]","[""torch.int64"", ""torch.int64""]","[{""argument"": ""args[0]"", ""shape"": [4096], ""dtype"": ""torch.int64"", ""device"": ""cuda:1"", ""stride"": [1]}, {""argument"": ""args[1]"", ""shape"": [4096], ""dtype"": ""torch.int64"", ""device"": ""cuda:1"", ""stride"": [1]}]",23414,1696,1
enterprise,1,9576,prefill,2b19945777114854b82d6cd44b40f27b,optrace:9576:27,aten.mul.Tensor,"[{""request_id"": ""c4f28400bfd54f3bbb86f843f6fb61f5"", ""position"": 0, ""query_len"": 4096}]","[[4096], [4096]]","[""torch.bool"", ""torch.int64""]","[{""argument"": ""args[0]"", ""shape"": [4096], ""dtype"": ""torch.bool"", ""device"": ""cuda:1"", ""stride"": [1]}, {""argument"": ""args[1]"", ""shape"": [4096], ""dtype"": ""torch.int64"", ""device"": ""cuda:1"", ""stride"": [1]}]",88818,3488,1
enterprise,1,9576,prefill,2b19945777114854b82d6cd44b40f27b,optrace:9576:28,aten.bitwise_not.default,"[{""request_id"": ""c4f28400bfd54f3bbb86f843f6fb61f5"", ""position"": 0, ""query_len"": 4096}]",[[4096]],"[""torch.bool""]","[{""argument"": ""args[0]"", ""shape"": [4096], ""dtype"": ""torch.bool"", ""device"": ""cuda:1"", ""stride"": [1]}]",29284925,1376,1
enterprise,1,9576,prefill,2b19945777114854b82d6cd44b40f27b,optrace:9576:29,aten.to.dtype,"[{""request_id"": ""c4f28400bfd54f3bbb86f843f6fb61f5"", ""position"": 0, ""query_len"": 4096}]",[[4096]],"[""torch.int64""]","[{""argument"": ""args[0]"", ""shape"": [4096], ""dtype"": ""torch.int64"", ""device"": ""cuda:1"", ""stride"": [1]}]",17972,0,0
enterprise,1,9576,prefill,2b19945777114854b82d6cd44b40f27b,optrace:9576:30,aten.embedding.default,"[{""request_id"": ""c4f28400bfd54f3bbb86f843f6fb61f5"", ""position"": 0, ""query_len"": 4096}]","[[75968, 2048], [4096]]","[""torch.float16"", ""torch.int64""]","[{""argument"": ""args[0]"", ""shape"": [75968, 2048], ""dtype"": ""torch.float16"", ""device"": ""cuda:1"", ""stride"": [2048, 1]}, {""argument"": ""args[1]"", ""shape"": [4096], ""dtype"": ""torch.int64"", ""device"": ""cuda:1"", ""stride"": [1]}]",89961,34591,1
enterprise,1,9576,prefill,2b19945777114854b82d6cd44b40f27b,optrace:9576:31,aten.unsqueeze.default,"[{""request_id"": ""c4f28400bfd54f3bbb86f843f6fb61f5"", ""position"": 0, ""query_len"": 4096}]",[[4096]],"[""torch.bool""]","[{""argument"": ""args[0]"", ""shape"": [4096], ""dtype"": ""torch.bool"", ""device"": ""cuda:1"", ""stride"": [1]}]",9051,0,0
enterprise,1,9576,prefill,2b19945777114854b82d6cd44b40f27b,optrace:9576:32,aten.masked_fill_.Scalar,"[{""request_id"": ""c4f28400bfd54f3bbb86f843f6fb61f5"", ""position"": 0, ""query_len"": 4096}]","[[4096, 2048], [4096, 1]]","[""torch.float16"", ""torch.bool""]","[{""argument"": ""args[0]"", ""shape"": [4096, 2048], ""dtype"": ""torch.float16"", ""device"": ""cuda:1"", ""stride"": [2048, 1]}, {""argument"": ""args[1]"", ""shape"": [4096, 1], ""dtype"": ""torch.bool"", ""device"": ""cuda:1"", ""stride"": [1, 1]}]",32804,67296,1
enterprise,1,9576,prefill,2b19945777114854b82d6cd44b40f27b,optrace:9576:33,vllm.all_reduce.default,"[{""request_id"": ""c4f28400bfd54f3bbb86f843f6fb61f5"", ""position"": 0, ""query_len"": 4096}]","[[4096, 2048]]","[""torch.float16""]","[{""argument"": ""args[0]"", ""shape"": [4096, 2048], ""dtype"": ""torch.float16"", ""device"": ""cuda:1"", ""stride"": [2048, 1]}]",165311,0,0
enterprise,1,9576,prefill,2b19945777114854b82d6cd44b40f27b,optrace:9576:34,pynccl.all_reduce,"[{""request_id"": ""c4f28400bfd54f3bbb86f843f6fb61f5"", ""position"": 0, ""query_len"": 4096}]","[[4096, 2048]]","[""torch.float16""]","[{""argument"": ""args[0]"", ""shape"": [4096, 2048], ""dtype"": ""torch.float16"", ""device"": ""cuda:1"", ""stride"": [2048, 1]}]",133355,1139865,1
enterprise,1,9576,prefill,2b19945777114854b82d6cd44b40f27b,optrace:9576:35,aten.detach.default,"[{""request_id"": ""c4f28400bfd54f3bbb86f843f6fb61f5"", ""position"": 0, ""query_len"": 4096}]",[[2048]],"[""torch.float16""]","[{""argument"": ""args[0]"", ""shape"": [2048], ""dtype"": ""torch.float16"", ""device"": ""cuda:1"", ""stride"": [1]}]",11910,0,0
enterprise,1,9576,prefill,2b19945777114854b82d6cd44b40f27b,optrace:9576:36,aten.empty_like.default,"[{""request_id"": ""c4f28400bfd54f3bbb86f843f6fb61f5"", ""position"": 0, ""query_len"": 4096}]","[[4096, 2048]]","[""torch.float16""]","[{""argument"": ""args[0]"", ""shape"": [4096, 2048], ""dtype"": ""torch.float16"", ""device"": ""cuda:1"", ""stride"": [2048, 1]}]",25118,0,0
enterprise,1,9576,prefill,2b19945777114854b82d6cd44b40f27b,optrace:9576:37,_C.rms_norm.default,"[{""request_id"": ""c4f28400bfd54f3bbb86f843f6fb61f5"", ""position"": 0, ""query_len"": 4096}]","[[4096, 2048], [4096, 2048], [2048]]","[""torch.float16"", ""torch.float16"", ""torch.float16""]","[{""argument"": ""args[0]"", ""shape"": [4096, 2048], ""dtype"": ""torch.float16"", ""device"": ""cuda:1"", ""stride"": [2048, 1]}, {""argument"": ""args[1]"", ""shape"": [4096, 2048], ""dtype"": ""torch.float16"", ""device"": ""cuda:1"", ""stride"": [2048, 1]}, {""argument"": ""args[2]"", ""shape"": [2048], ""dtype"": ""torch.float16"", ""device"": ""cuda:1"", ""stride"": [1]}]",31070,123199,1
enterprise,1,9576,prefill,2b19945777114854b82d6cd44b40f27b,optrace:9576:38,aten.linear.default,"[{""request_id"": ""c4f28400bfd54f3bbb86f843f6fb61f5"", ""position"": 0, ""query_len"": 4096}]","[[4096, 2048], [1280, 2048], [1280]]","[""torch.float16"", ""torch.float16"", ""torch.float16""]","[{""argument"": ""args[0]"", ""shape"": [4096, 2048], ""dtype"": ""torch.float16"", ""device"": ""cuda:1"", ""stride"": [2048, 1]}, {""argument"": ""args[1]"", ""shape"": [1280, 2048], ""dtype"": ""torch.float16"", ""device"": ""cuda:1"", ""stride"": [2048, 1]}, {""argument"": ""args[2]"", ""shape"": [1280], ""dtype"": ""torch.float16"", ""device"": ""cuda:1"", ""stride"": [1]}]",118443,292254,1
enterprise,1,9576,prefill,2b19945777114854b82d6cd44b40f27b,optrace:9576:39,aten.split_with_sizes.default,"[{""request_id"": ""c4f28400bfd54f3bbb86f843f6fb61f5"", ""position"": 0, ""query_len"": 4096}]","[[4096, 1280]]","[""torch.float16""]","[{""argument"": ""args[0]"", ""shape"": [4096, 1280], ""dtype"": ""torch.float16"", ""device"": ""cuda:1"", ""stride"": [1280, 1]}]",19144,0,0
enterprise,1,9576,prefill,2b19945777114854b82d6cd44b40f27b,optrace:9576:40,_C.rotary_embedding.default,"[{""request_id"": ""c4f28400bfd54f3bbb86f843f6fb61f5"", ""position"": 0, ""query_len"": 4096}]","[[4096], [4096, 1024], [4096, 128], [32768, 128]]","[""torch.int64"", ""torch.float16"", ""torch.float16"", ""torch.float16""]","[{""argument"": ""args[0]"", ""shape"": [4096], ""dtype"": ""torch.int64"", ""device"": ""cuda:1"", ""stride"": [1]}, {""argument"": ""args[1]"", ""shape"": [4096, 1024], ""dtype"": ""torch.float16"", ""device"": ""cuda:1"", ""stride"": [1280, 1]}, {""argument"": ""args[2]"", ""shape"": [4096, 128], ""dtype"": ""torch.float16"", ""device"": ""cuda:1"", ""stride"": [1280, 1]}, {""argument"": ""args[4]"", ""shape"": [32768, 128], ""dtype"": ""torch.float16"", ""device"": ""cuda:1"", ""stride"": [128, 1]}]",30536,46528,1
enterprise,1,9576,prefill,2b19945777114854b82d6cd44b40f27b,optrace:9576:41,aten.zeros.default,"[{""request_id"": ""c4f28400bfd54f3bbb86f843f6fb61f5"", ""position"": 0, ""query_len"": 4096}]",[],[],[],51568,17920,1
enterprise,1,9576,prefill,2b19945777114854b82d6cd44b40f27b,optrace:9576:42,aten.view.default,"[{""request_id"": ""c4f28400bfd54f3bbb86f843f6fb61f5"", ""position"": 0, ""query_len"": 4096}]","[[4096, 1024]]","[""torch.float16""]","[{""argument"": ""args[0]"", ""shape"": [4096, 1024], ""dtype"": ""torch.float16"", ""device"": ""cuda:1"", ""stride"": [1280, 1]}]",15738,0,0
enterprise,1,9576,prefill,2b19945777114854b82d6cd44b40f27b,optrace:9576:43,aten.view.default,"[{""request_id"": ""c4f28400bfd54f3bbb86f843f6fb61f5"", ""position"": 0, ""query_len"": 4096}]","[[4096, 1024]]","[""torch.float16""]","[{""argument"": ""args[0]"", ""shape"": [4096, 1024], ""dtype"": ""torch.float16"", ""device"": ""cuda:1"", ""stride"": [1024, 1]}]",14205,0,0
enterprise,1,9576,prefill,2b19945777114854b82d6cd44b40f27b,optrace:9576:44,aten.view.default,"[{""request_id"": ""c4f28400bfd54f3bbb86f843f6fb61f5"", ""position"": 0, ""query_len"": 4096}]","[[4096, 128]]","[""torch.float16""]","[{""argument"": ""args[0]"", ""shape"": [4096, 128], ""dtype"": ""torch.float16"", ""device"": ""cuda:1"", ""stride"": [1280, 1]}]",5257,0,0
enterprise,1,9576,prefill,2b19945777114854b82d6cd44b40f27b,optrace:9576:45,aten.view.default,"[{""request_id"": ""c4f28400bfd54f3bbb86f843f6fb61f5"", ""position"": 0, ""query_len"": 4096}]","[[4096, 128]]","[""torch.float16""]","[{""argument"": ""args[0]"", ""shape"": [4096, 128], ""dtype"": ""torch.float16"", ""device"": ""cuda:1"", ""stride"": [1280, 1]}]",7954,0,0
enterprise,1,9576,prefill,2b19945777114854b82d6cd44b40f27b,optrace:9576:46,vllm.unified_attention_with_output.default,"[{""request_id"": ""c4f28400bfd54f3bbb86f843f6fb61f5"", ""position"": 0, ""query_len"": 4096}]","[[4096, 8, 128], [4096, 1, 128], [4096, 1, 128], [4096, 8, 128]]","[""torch.float16"", ""torch.float16"", ""torch.float16"", ""torch.float16""]","[{""argument"": ""args[0]"", ""shape"": [4096, 8, 128], ""dtype"": ""torch.float16"", ""device"": ""cuda:1"", ""stride"": [1280, 128, 1]}, {""argument"": ""args[1]"", ""shape"": [4096, 1, 128], ""dtype"": ""torch.float16"", ""device"": ""cuda:1"", ""stride"": [1280, 128, 1]}, {""argument"": ""args[2]"", ""shape"": [4096, 1, 128], ""dtype"": ""torch.float16"", ""device"": ""cuda:1"", ""stride"": [1280, 128, 1]}, {""argument"": ""args[3]"", ""shape"": [4096, 8, 128], ""dtype"": ""torch.float16"", ""device"": ""cuda:1"", ""stride"": [1024, 128, 1]}]",285715,499005,2
enterprise,1,9576,prefill,2b19945777114854b82d6cd44b40f27b,optrace:9576:47,aten.view.default,"[{""request_id"": ""c4f28400bfd54f3bbb86f843f6fb61f5"", ""position"": 0, ""query_len"": 4096}]","[[4096, 8, 128]]","[""torch.float16""]","[{""argument"": ""args[0]"", ""shape"": [4096, 8, 128], ""dtype"": ""torch.float16"", ""device"": ""cuda:1"", ""stride"": [1024, 128, 1]}]",11135,0,0
enterprise,1,9576,prefill,2b19945777114854b82d6cd44b40f27b,optrace:9576:48,aten.linear.default,"[{""request_id"": ""c4f28400bfd54f3bbb86f843f6fb61f5"", ""position"": 0, ""query_len"": 4096}]","[[4096, 1024], [2048, 1024]]","[""torch.float16"", ""torch.float16""]","[{""argument"": ""args[0]"", ""shape"": [4096, 1024], ""dtype"": ""torch.float16"", ""device"": ""cuda:1"", ""stride"": [1024, 1]}, {""argument"": ""args[1]"", ""shape"": [2048, 1024], ""dtype"": ""torch.float16"", ""device"": ""cuda:1"", ""stride"": [1024, 1]}]",79313,198943,1
enterprise,1,9576,prefill,2b19945777114854b82d6cd44b40f27b,optrace:9576:49,vllm.all_reduce.default,"[{""request_id"": ""c4f28400bfd54f3bbb86f843f6fb61f5"", ""position"": 0, ""query_len"": 4096}]","[[4096, 2048]]","[""torch.float16""]","[{""argument"": ""args[0]"", ""shape"": [4096, 2048], ""dtype"": ""torch.float16"", ""device"": ""cuda:1"", ""stride"": [2048, 1]}]",90872,0,0
enterprise,1,9576,prefill,2b19945777114854b82d6cd44b40f27b,optrace:9576:50,pynccl.all_reduce,"[{""request_id"": ""c4f28400bfd54f3bbb86f843f6fb61f5"", ""position"": 0, ""query_len"": 4096}]","[[4096, 2048]]","[""torch.float16""]","[{""argument"": ""args[0]"", ""shape"": [4096, 2048], ""dtype"": ""torch.float16"", ""device"": ""cuda:1"", ""stride"": [2048, 1]}]",68585,1118745,1
enterprise,1,9576,prefill,2b19945777114854b82d6cd44b40f27b,optrace:9576:51,aten.detach.default,"[{""request_id"": ""c4f28400bfd54f3bbb86f843f6fb61f5"", ""position"": 0, ""query_len"": 4096}]",[[2048]],"[""torch.float16""]","[{""argument"": ""args[0]"", ""shape"": [2048], ""dtype"": ""torch.float16"", ""device"": ""cuda:1"", ""stride"": [1]}]",8407,0,0
enterprise,1,9576,prefill,2b19945777114854b82d6cd44b40f27b,optrace:9576:52,_C.fused_add_rms_norm.default,"[{""request_id"": ""c4f28400bfd54f3bbb86f843f6fb61f5"", ""position"": 0, ""query_len"": 4096}]","[[4096, 2048], [4096, 2048], [2048]]","[""torch.float16"", ""torch.float16"", ""torch.float16""]","[{""argument"": ""args[0]"", ""shape"": [4096, 2048], ""dtype"": ""torch.float16"", ""device"": ""cuda:1"", ""stride"": [2048, 1]}, {""argument"": ""args[1]"", ""shape"": [4096, 2048], ""dtype"": ""torch.float16"", ""device"": ""cuda:1"", ""stride"": [2048, 1]}, {""argument"": ""args[2]"", ""shape"": [2048], ""dtype"": ""torch.float16"", ""device"": ""cuda:1"", ""stride"": [1]}]",37182,138975,1
enterprise,1,9576,prefill,2b19945777114854b82d6cd44b40f27b,optrace:9576:53,aten.linear.default,"[{""request_id"": ""c4f28400bfd54f3bbb86f843f6fb61f5"", ""position"": 0, ""query_len"": 4096}]","[[4096, 2048], [11008, 2048]]","[""torch.float16"", ""torch.float16""]","[{""argument"": ""args[0]"", ""shape"": [4096, 2048], ""dtype"": ""torch.float16"", ""device"": ""cuda:1"", ""stride"": [2048, 1]}, {""argument"": ""args[1]"", ""shape"": [11008, 2048], ""dtype"": ""torch.float16"", ""device"": ""cuda:1"", ""stride"": [2048, 1]}]",68614,2101971,1
enterprise,1,9576,prefill,2b19945777114854b82d6cd44b40f27b,optrace:9576:54,aten.empty.memory_format,"[{""request_id"": ""c4f28400bfd54f3bbb86f843f6fb61f5"", ""position"": 0, ""query_len"": 4096}]",[],[],[],35016,0,0
enterprise,1,9576,prefill,2b19945777114854b82d6cd44b40f27b,optrace:9576:55,_C.silu_and_mul.default,"[{""request_id"": ""c4f28400bfd54f3bbb86f843f6fb61f5"", ""position"": 0, ""query_len"": 4096}]","[[4096, 5504], [4096, 11008]]","[""torch.float16"", ""torch.float16""]","[{""argument"": ""args[0]"", ""shape"": [4096, 5504], ""dtype"": ""torch.float16"", ""device"": ""cuda:1"", ""stride"": [5504, 1]}, {""argument"": ""args[1]"", ""shape"": [4096, 11008], ""dtype"": ""torch.float16"", ""device"": ""cuda:1"", ""stride"": [11008, 1]}]",22716,292415,1
enterprise,1,9576,prefill,2b19945777114854b82d6cd44b40f27b,optrace:9576:56,aten.linear.default,"[{""request_id"": ""c4f28400bfd54f3bbb86f843f6fb61f5"", ""position"": 0, ""query_len"": 4096}]","[[4096, 5504], [2048, 5504]]","[""torch.float16"", ""torch.float16""]","[{""argument"": ""args[0]"", ""shape"": [4096, 5504], ""dtype"": ""torch.float16"", ""device"": ""cuda:1"", ""stride"": [5504, 1]}, {""argument"": ""args[1]"", ""shape"": [2048, 5504], ""dtype"": ""torch.float16"", ""device"": ""cuda:1"", ""stride"": [5504, 1]}]",52507,968410,1
enterprise,1,9576,prefill,2b19945777114854b82d6cd44b40f27b,optrace:9576:57,vllm.all_reduce.default,"[{""request_id"": ""c4f28400bfd54f3bbb86f843f6fb61f5"", ""position"": 0, ""query_len"": 4096}]","[[4096, 2048]]","[""torch.float16""]","[{""argument"": ""args[0]"", ""shape"": [4096, 2048], ""dtype"": ""torch.float16"", ""device"": ""cuda:1"", ""stride"": [2048, 1]}]",108127,0,0
enterprise,1,9576,prefill,2b19945777114854b82d6cd44b40f27b,optrace:9576:58,pynccl.all_reduce,"[{""request_id"": ""c4f28400bfd54f3bbb86f843f6fb61f5"", ""position"": 0, ""query_len"": 4096}]","[[4096, 2048]]","[""torch.float16""]","[{""argument"": ""args[0]"", ""shape"": [4096, 2048], ""dtype"": ""torch.float16"", ""device"": ""cuda:1"", ""stride"": [2048, 1]}]",87429,1113721,1
enterprise,1,9576,prefill,2b19945777114854b82d6cd44b40f27b,optrace:9576:59,aten.detach.default,"[{""request_id"": ""c4f28400bfd54f3bbb86f843f6fb61f5"", ""position"": 0, ""query_len"": 4096}]",[[2048]],"[""torch.float16""]","[{""argument"": ""args[0]"", ""shape"": [2048], ""dtype"": ""torch.float16"", ""device"": ""cuda:1"", ""stride"": [1]}]",8532,0,0
enterprise,1,9576,prefill,2b19945777114854b82d6cd44b40f27b,optrace:9576:60,_C.fused_add_rms_norm.default,"[{""request_id"": ""c4f28400bfd54f3bbb86f843f6fb61f5"", ""position"": 0, ""query_len"": 4096}]","[[4096, 2048], [4096, 2048], [2048]]","[""torch.float16"", ""torch.float16"", ""torch.float16""]","[{""argument"": ""args[0]"", ""shape"": [4096, 2048], ""dtype"": ""torch.float16"", ""device"": ""cuda:1"", ""stride"": [2048, 1]}, {""argument"": ""args[1]"", ""shape"": [4096, 2048], ""dtype"": ""torch.float16"", ""device"": ""cuda:1"", ""stride"": [2048, 1]}, {""argument"": ""args[2]"", ""shape"": [2048], ""dtype"": ""torch.float16"", ""device"": ""cuda:1"", ""stride"": [1]}]",20572,138783,1
enterprise,1,9576,prefill,2b19945777114854b82d6cd44b40f27b,optrace:9576:61,aten.linear.default,"[{""request_id"": ""c4f28400bfd54f3bbb86f843f6fb61f5"", ""position"": 0, ""query_len"": 4096}]","[[4096, 2048], [1280, 2048], [1280]]","[""torch.float16"", ""torch.float16"", ""torch.float16""]","[{""argument"": ""args[0]"", ""shape"": [4096, 2048], ""dtype"": ""torch.float16"", ""device"": ""cuda:1"", ""stride"": [2048, 1]}, {""argument"": ""args[1]"", ""shape"": [1280, 2048], ""dtype"": ""torch.float16"", ""device"": ""cuda:1"", ""stride"": [2048, 1]}, {""argument"": ""args[2]"", ""shape"": [1280], ""dtype"": ""torch.float16"", ""device"": ""cuda:1"", ""stride"": [1]}]",65744,292799,1
enterprise,1,9576,prefill,2b19945777114854b82d6cd44b40f27b,optrace:9576:62,aten.split_with_sizes.default,"[{""request_id"": ""c4f28400bfd54f3bbb86f843f6fb61f5"", ""position"": 0, ""query_len"": 4096}]","[[4096, 1280]]","[""torch.float16""]","[{""argument"": ""args[0]"", ""shape"": [4096, 1280], ""dtype"": ""torch.float16"", ""device"": ""cuda:1"", ""stride"": [1280, 1]}]",15073,0,0
enterprise,1,9576,prefill,2b19945777114854b82d6cd44b40f27b,optrace:9576:63,_C.rotary_embedding.default,"[{""request_id"": ""c4f28400bfd54f3bbb86f843f6fb61f5"", ""position"": 0, ""query_len"": 4096}]","[[4096], [4096, 1024], [4096, 128], [32768, 128]]","[""torch.int64"", ""torch.float16"", ""torch.float16"", ""torch.float16""]","[{""argument"": ""args[0]"", ""shape"": [4096], ""dtype"": ""torch.int64"", ""device"": ""cuda:1"", ""stride"": [1]}, {""argument"": ""args[1]"", ""shape"": [4096, 1024], ""dtype"": ""torch.float16"", ""device"": ""cuda:1"", ""stride"": [1280, 1]}, {""argument"": ""args[2]"", ""shape"": [4096, 128], ""dtype"": ""torch.float16"", ""device"": ""cuda:1"", ""stride"": [1280, 1]}, {""argument"": ""args[4]"", ""shape"": [32768, 128], ""dtype"": ""torch.float16"", ""device"": ""cuda:1"", ""stride"": [128, 1]}]",22852,46655,1
enterprise,1,9576,prefill,2b19945777114854b82d6cd44b40f27b,optrace:9576:64,aten.zeros.default,"[{""request_id"": ""c4f28400bfd54f3bbb86f843f6fb61f5"", ""position"": 0, ""query_len"": 4096}]",[],[],[],43550,17664,1
enterprise,1,9576,prefill,2b19945777114854b82d6cd44b40f27b,optrace:9576:65,aten.view.default,"[{""request_id"": ""c4f28400bfd54f3bbb86f843f6fb61f5"", ""position"": 0, ""query_len"": 4096}]","[[4096, 1024]]","[""torch.float16""]","[{""argument"": ""args[0]"", ""shape"": [4096, 1024], ""dtype"": ""torch.float16"", ""device"": ""cuda:1"", ""stride"": [1280, 1]}]",8664,0,0
enterprise,1,9576,prefill,2b19945777114854b82d6cd44b40f27b,optrace:9576:66,aten.view.default,"[{""request_id"": ""c4f28400bfd54f3bbb86f843f6fb61f5"", ""position"": 0, ""query_len"": 4096}]","[[4096, 1024]]","[""torch.float16""]","[{""argument"": ""args[0]"", ""shape"": [4096, 1024], ""dtype"": ""torch.float16"", ""device"": ""cuda:1"", ""stride"": [1024, 1]}]",5418,0,0
enterprise,1,9576,prefill,2b19945777114854b82d6cd44b40f27b,optrace:9576:67,aten.view.default,"[{""request_id"": ""c4f28400bfd54f3bbb86f843f6fb61f5"", ""position"": 0, ""query_len"": 4096}]","[[4096, 128]]","[""torch.float16""]","[{""argument"": ""args[0]"", ""shape"": [4096, 128], ""dtype"": ""torch.float16"", ""device"": ""cuda:1"", ""stride"": [1280, 1]}]",14585,0,0
enterprise,1,9576,prefill,2b19945777114854b82d6cd44b40f27b,optrace:9576:68,aten.view.default,"[{""request_id"": ""c4f28400bfd54f3bbb86f843f6fb61f5"", ""position"": 0, ""query_len"": 4096}]","[[4096, 128]]","[""torch.float16""]","[{""argument"": ""args[0]"", ""shape"": [4096, 128], ""dtype"": ""torch.float16"", ""device"": ""cuda:1"", ""stride"": [1280, 1]}]",4814,0,0
enterprise,1,9576,prefill,2b19945777114854b82d6cd44b40f27b,optrace:9576:69,vllm.unified_attention_with_output.default,"[{""request_id"": ""c4f28400bfd54f3bbb86f843f6fb61f5"", ""position"": 0, ""query_len"": 4096}]","[[4096, 8, 128], [4096, 1, 128], [4096, 1, 128], [4096, 8, 128]]","[""torch.float16"", ""torch.float16"", ""torch.float16"", ""torch.float16""]","[{""argument"": ""args[0]"", ""shape"": [4096, 8, 128], ""dtype"": ""torch.float16"", ""device"": ""cuda:1"", ""stride"": [1280, 128, 1]}, {""argument"": ""args[1]"", ""shape"": [4096, 1, 128], ""dtype"": ""torch.float16"", ""device"": ""cuda:1"", ""stride"": [1280, 128, 1]}, {""argument"": ""args[2]"", ""shape"": [4096, 1, 128], ""dtype"": ""torch.float16"", ""device"": ""cuda:1"", ""stride"": [1280, 128, 1]}, {""argument"": ""args[3]"", ""shape"": [4096, 8, 128], ""dtype"": ""torch.float16"", ""device"": ""cuda:1"", ""stride"": [1024, 128, 1]}]",207601,497597,2
enterprise,1,9576,prefill,2b19945777114854b82d6cd44b40f27b,optrace:9576:70,aten.view.default,"[{""request_id"": ""c4f28400bfd54f3bbb86f843f6fb61f5"", ""position"": 0, ""query_len"": 4096}]","[[4096, 8, 128]]","[""torch.float16""]","[{""argument"": ""args[0]"", ""shape"": [4096, 8, 128], ""dtype"": ""torch.float16"", ""device"": ""cuda:1"", ""stride"": [1024, 128, 1]}]",9053,0,0
enterprise,1,9576,prefill,2b19945777114854b82d6cd44b40f27b,optrace:9576:71,aten.linear.default,"[{""request_id"": ""c4f28400bfd54f3bbb86f843f6fb61f5"", ""position"": 0, ""query_len"": 4096}]","[[4096, 1024], [2048, 1024]]","[""torch.float16"", ""torch.float16""]","[{""argument"": ""args[0]"", ""shape"": [4096, 1024], ""dtype"": ""torch.float16"", ""device"": ""cuda:1"", ""stride"": [1024, 1]}, {""argument"": ""args[1]"", ""shape"": [2048, 1024], ""dtype"": ""torch.float16"", ""device"": ""cuda:1"", ""stride"": [1024, 1]}]",68384,200191,1
enterprise,1,9576,prefill,2b19945777114854b82d6cd44b40f27b,optrace:9576:72,vllm.all_reduce.default,"[{""request_id"": ""c4f28400bfd54f3bbb86f843f6fb61f5"", ""position"": 0, ""query_len"": 4096}]","[[4096, 2048]]","[""torch.float16""]","[{""argument"": ""args[0]"", ""shape"": [4096, 2048], ""dtype"": ""torch.float16"", ""device"": ""cuda:1"", ""stride"": [2048, 1]}]",94378,0,0
enterprise,1,9576,prefill,2b19945777114854b82d6cd44b40f27b,optrace:9576:73,pynccl.all_reduce,"[{""request_id"": ""c4f28400bfd54f3bbb86f843f6fb61f5"", ""position"": 0, ""query_len"": 4096}]","[[4096, 2048]]","[""torch.float16""]","[{""argument"": ""args[0]"", ""shape"": [4096, 2048], ""dtype"": ""torch.float16"", ""device"": ""cuda:1"", ""stride"": [2048, 1]}]",65394,1128761,1
enterprise,1,9576,prefill,2b19945777114854b82d6cd44b40f27b,optrace:9576:74,aten.detach.default,"[{""request_id"": ""c4f28400bfd54f3bbb86f843f6fb61f5"", ""position"": 0, ""query_len"": 4096}]",[[2048]],"[""torch.float16""]","[{""argument"": ""args[0]"", ""shape"": [2048], ""dtype"": ""torch.float16"", ""device"": ""cuda:1"", ""stride"": [1]}]",10027,0,0
enterprise,1,9576,prefill,2b19945777114854b82d6cd44b40f27b,optrace:9576:75,_C.fused_add_rms_norm.default,"[{""request_id"": ""c4f28400bfd54f3bbb86f843f6fb61f5"", ""position"": 0, ""query_len"": 4096}]","[[4096, 2048], [4096, 2048], [2048]]","[""torch.float16"", ""torch.float16"", ""torch.float16""]","[{""argument"": ""args[0]"", ""shape"": [4096, 2048], ""dtype"": ""torch.float16"", ""device"": ""cuda:1"", ""stride"": [2048, 1]}, {""argument"": ""args[1]"", ""shape"": [4096, 2048], ""dtype"": ""torch.float16"", ""device"": ""cuda:1"", ""stride"": [2048, 1]}, {""argument"": ""args[2]"", ""shape"": [2048], ""dtype"": ""torch.float16"", ""device"": ""cuda:1"", ""stride"": [1]}]",22383,137728,1
enterprise,1,9576,prefill,2b19945777114854b82d6cd44b40f27b,optrace:9576:76,aten.linear.default,"[{""request_id"": ""c4f28400bfd54f3bbb86f843f6fb61f5"", ""position"": 0, ""query_len"": 4096}]","[[4096, 2048], [11008, 2048]]","[""torch.float16"", ""torch.float16""]","[{""argument"": ""args[0]"", ""shape"": [4096, 2048], ""dtype"": ""torch.float16"", ""device"": ""cuda:1"", ""stride"": [2048, 1]}, {""argument"": ""args[1]"", ""shape"": [11008, 2048], ""dtype"": ""torch.float16"", ""device"": ""cuda:1"", ""stride"": [2048, 1]}]",76024,2081108,1
enterprise,1,9576,prefill,2b19945777114854b82d6cd44b40f27b,optrace:9576:77,aten.empty.memory_format,"[{""request_id"": ""c4f28400bfd54f3bbb86f843f6fb61f5"", ""position"": 0, ""query_len"": 4096}]",[],[],[],23573,0,0
enterprise,1,9576,prefill,2b19945777114854b82d6cd44b40f27b,optrace:9576:78,_C.silu_and_mul.default,"[{""request_id"": ""c4f28400bfd54f3bbb86f843f6fb61f5"", ""position"": 0, ""query_len"": 4096}]","[[4096, 5504], [4096, 11008]]","[""torch.float16"", ""torch.float16""]","[{""argument"": ""args[0]"", ""shape"": [4096, 5504], ""dtype"": ""torch.float16"", ""device"": ""cuda:1"", ""stride"": [5504, 1]}, {""argument"": ""args[1]"", ""shape"": [4096, 11008], ""dtype"": ""torch.float16"", ""device"": ""cuda:1"", ""stride"": [11008, 1]}]",17617,291326,1
enterprise,1,9576,prefill,2b19945777114854b82d6cd44b40f27b,optrace:9576:79,aten.linear.default,"[{""request_id"": ""c4f28400bfd54f3bbb86f843f6fb61f5"", ""position"": 0, ""query_len"": 4096}]","[[4096, 5504], [2048, 5504]]","[""torch.float16"", ""torch.float16""]","[{""argument"": ""args[0]"", ""shape"": [4096, 5504], ""dtype"": ""torch.float16"", ""device"": ""cuda:1"", ""stride"": [5504, 1]}, {""argument"": ""args[1]"", ""shape"": [2048, 5504], ""dtype"": ""torch.float16"", ""device"": ""cuda:1"", ""stride"": [5504, 1]}]",45071,960091,1
enterprise,1,9576,prefill,2b19945777114854b82d6cd44b40f27b,optrace:9576:80,vllm.all_reduce.default,"[{""request_id"": ""c4f28400bfd54f3bbb86f843f6fb61f5"", ""position"": 0, ""query_len"": 4096}]","[[4096, 2048]]","[""torch.float16""]","[{""argument"": ""args[0]"", ""shape"": [4096, 2048], ""dtype"": ""torch.float16"", ""device"": ""cuda:1"", ""stride"": [2048, 1]}]",101257,0,0
enterprise,1,9576,prefill,2b19945777114854b82d6cd44b40f27b,optrace:9576:81,pynccl.all_reduce,"[{""request_id"": ""c4f28400bfd54f3bbb86f843f6fb61f5"", ""position"": 0, ""query_len"": 4096}]","[[4096, 2048]]","[""torch.float16""]","[{""argument"": ""args[0]"", ""shape"": [4096, 2048], ""dtype"": ""torch.float16"", ""device"": ""cuda:1"", ""stride"": [2048, 1]}]",81334,1125625,1
enterprise,1,9576,prefill,2b19945777114854b82d6cd44b40f27b,optrace:9576:82,aten.detach.default,"[{""request_id"": ""c4f28400bfd54f3bbb86f843f6fb61f5"", ""position"": 0, ""query_len"": 4096}]",[[2048]],"[""torch.float16""]","[{""argument"": ""args[0]"", ""shape"": [2048], ""dtype"": ""torch.float16"", ""device"": ""cuda:1"", ""stride"": [1]}]",8687,0,0
enterprise,1,9576,prefill,2b19945777114854b82d6cd44b40f27b,optrace:9576:83,_C.fused_add_rms_norm.default,"[{""request_id"": ""c4f28400bfd54f3bbb86f843f6fb61f5"", ""position"": 0, ""query_len"": 4096}]","[[4096, 2048], [4096, 2048], [2048]]","[""torch.float16"", ""torch.float16"", ""torch.float16""]","[{""argument"": ""args[0]"", ""shape"": [4096, 2048], ""dtype"": ""torch.float16"", ""device"": ""cuda:1"", ""stride"": [2048, 1]}, {""argument"": ""args[1]"", ""shape"": [4096, 2048], ""dtype"": ""torch.float16"", ""device"": ""cuda:1"", ""stride"": [2048, 1]}, {""argument"": ""args[2]"", ""shape"": [2048], ""dtype"": ""torch.float16"", ""device"": ""cuda:1"", ""stride"": [1]}]",21924,137951,1
enterprise,1,9576,prefill,2b19945777114854b82d6cd44b40f27b,optrace:9576:84,aten.linear.default,"[{""request_id"": ""c4f28400bfd54f3bbb86f843f6fb61f5"", ""position"": 0, ""query_len"": 4096}]","[[4096, 2048], [1280, 2048], [1280]]","[""torch.float16"", ""torch.float16"", ""torch.float16""]","[{""argument"": ""args[0]"", ""shape"": [4096, 2048], ""dtype"": ""torch.float16"", ""device"": ""cuda:1"", ""stride"": [2048, 1]}, {""argument"": ""args[1]"", ""shape"": [1280, 2048], ""dtype"": ""torch.float16"", ""device"": ""cuda:1"", ""stride"": [2048, 1]}, {""argument"": ""args[2]"", ""shape"": [1280], ""dtype"": ""torch.float16"", ""device"": ""cuda:1"", ""stride"": [1]}]",64913,293886,1
enterprise,1,9576,prefill,2b19945777114854b82d6cd44b40f27b,optrace:9576:85,aten.split_with_sizes.default,"[{""request_id"": ""c4f28400bfd54f3bbb86f843f6fb61f5"", ""position"": 0, ""query_len"": 4096}]","[[4096, 1280]]","[""torch.float16""]","[{""argument"": ""args[0]"", ""shape"": [4096, 1280], ""dtype"": ""torch.float16"", ""device"": ""cuda:1"", ""stride"": [1280, 1]}]",14005,0,0
enterprise,1,9576,prefill,2b19945777114854b82d6cd44b40f27b,optrace:9576:86,_C.rotary_embedding.default,"[{""request_id"": ""c4f28400bfd54f3bbb86f843f6fb61f5"", ""position"": 0, ""query_len"": 4096}]","[[4096], [4096, 1024], [4096, 128], [32768, 128]]","[""torch.int64"", ""torch.float16"", ""torch.float16"", ""torch.float16""]","[{""argument"": ""args[0]"", ""shape"": [4096], ""dtype"": ""torch.int64"", ""device"": ""cuda:1"", ""stride"": [1]}, {""argument"": ""args[1]"", ""shape"": [4096, 1024], ""dtype"": ""torch.float16"", ""device"": ""cuda:1"", ""stride"": [1280, 1]}, {""argument"": ""args[2]"", ""shape"": [4096, 128], ""dtype"": ""torch.float16"", ""device"": ""cuda:1"", ""stride"": [1280, 1]}, {""argument"": ""args[4]"", ""shape"": [32768, 128], ""dtype"": ""torch.float16"", ""device"": ""cuda:1"", ""stride"": [128, 1]}]",24310,46400,1
enterprise,1,9576,prefill,2b19945777114854b82d6cd44b40f27b,optrace:9576:87,aten.zeros.default,"[{""request_id"": ""c4f28400bfd54f3bbb86f843f6fb61f5"", ""position"": 0, ""query_len"": 4096}]",[],[],[],40482,17632,1
enterprise,1,9576,prefill,2b19945777114854b82d6cd44b40f27b,optrace:9576:88,aten.view.default,"[{""request_id"": ""c4f28400bfd54f3bbb86f843f6fb61f5"", ""position"": 0, ""query_len"": 4096}]","[[4096, 1024]]","[""torch.float16""]","[{""argument"": ""args[0]"", ""shape"": [4096, 1024], ""dtype"": ""torch.float16"", ""device"": ""cuda:1"", ""stride"": [1280, 1]}]",8849,0,0
enterprise,1,9576,prefill,2b19945777114854b82d6cd44b40f27b,optrace:9576:89,aten.view.default,"[{""request_id"": ""c4f28400bfd54f3bbb86f843f6fb61f5"", ""position"": 0, ""query_len"": 4096}]","[[4096, 1024]]","[""torch.float16""]","[{""argument"": ""args[0]"", ""shape"": [4096, 1024], ""dtype"": ""torch.float16"", ""device"": ""cuda:1"", ""stride"": [1024, 1]}]",5254,0,0
enterprise,1,9576,prefill,2b19945777114854b82d6cd44b40f27b,optrace:9576:90,aten.view.default,"[{""request_id"": ""c4f28400bfd54f3bbb86f843f6fb61f5"", ""position"": 0, ""query_len"": 4096}]","[[4096, 128]]","[""torch.float16""]","[{""argument"": ""args[0]"", ""shape"": [4096, 128], ""dtype"": ""torch.float16"", ""device"": ""cuda:1"", ""stride"": [1280, 1]}]",5146,0,0
enterprise,1,9576,prefill,2b19945777114854b82d6cd44b40f27b,optrace:9576:91,aten.view.default,"[{""request_id"": ""c4f28400bfd54f3bbb86f843f6fb61f5"", ""position"": 0, ""query_len"": 4096}]","[[4096, 128]]","[""torch.float16""]","[{""argument"": ""args[0]"", ""shape"": [4096, 128], ""dtype"": ""torch.float16"", ""device"": ""cuda:1"", ""stride"": [1280, 1]}]",5285,0,0
enterprise,1,9576,prefill,2b19945777114854b82d6cd44b40f27b,optrace:9576:92,vllm.unified_attention_with_output.default,"[{""request_id"": ""c4f28400bfd54f3bbb86f843f6fb61f5"", ""position"": 0, ""query_len"": 4096}]","[[4096, 8, 128], [4096, 1, 128], [4096, 1, 128], [4096, 8, 128]]","[""torch.float16"", ""torch.float16"", ""torch.float16"", ""torch.float16""]","[{""argument"": ""args[0]"", ""shape"": [4096, 8, 128], ""dtype"": ""torch.float16"", ""device"": ""cuda:1"", ""stride"": [1280, 128, 1]}, {""argument"": ""args[1]"", ""shape"": [4096, 1, 128], ""dtype"": ""torch.float16"", ""device"": ""cuda:1"", ""stride"": [1280, 128, 1]}, {""argument"": ""args[2]"", ""shape"": [4096, 1, 128], ""dtype"": ""torch.float16"", ""device"": ""cuda:1"", ""stride"": [1280, 128, 1]}, {""argument"": ""args[3]"", ""shape"": [4096, 8, 128], ""dtype"": ""torch.float16"", ""device"": ""cuda:1"", ""stride"": [1024, 128, 1]}]",190037,511837,2
enterprise,1,9576,prefill,2b19945777114854b82d6cd44b40f27b,optrace:9576:93,aten.view.default,"[{""request_id"": ""c4f28400bfd54f3bbb86f843f6fb61f5"", ""position"": 0, ""query_len"": 4096}]","[[4096, 8, 128]]","[""torch.float16""]","[{""argument"": ""args[0]"", ""shape"": [4096, 8, 128], ""dtype"": ""torch.float16"", ""device"": ""cuda:1"", ""stride"": [1024, 128, 1]}]",8911,0,0
enterprise,1,9576,prefill,2b19945777114854b82d6cd44b40f27b,optrace:9576:94,aten.linear.default,"[{""request_id"": ""c4f28400bfd54f3bbb86f843f6fb61f5"", ""position"": 0, ""query_len"": 4096}]","[[4096, 1024], [2048, 1024]]","[""torch.float16"", ""torch.float16""]","[{""argument"": ""args[0]"", ""shape"": [4096, 1024], ""dtype"": ""torch.float16"", ""device"": ""cuda:1"", ""stride"": [1024, 1]}, {""argument"": ""args[1]"", ""shape"": [2048, 1024], ""dtype"": ""torch.float16"", ""device"": ""cuda:1"", ""stride"": [1024, 1]}]",52668,199711,1
enterprise,1,9576,prefill,2b19945777114854b82d6cd44b40f27b,optrace:9576:95,vllm.all_reduce.default,"[{""request_id"": ""c4f28400bfd54f3bbb86f843f6fb61f5"", ""position"": 0, ""query_len"": 4096}]","[[4096, 2048]]","[""torch.float16""]","[{""argument"": ""args[0]"", ""shape"": [4096, 2048], ""dtype"": ""torch.float16"", ""device"": ""cuda:1"", ""stride"": [2048, 1]}]",92185,0,0
enterprise,1,9576,prefill,2b19945777114854b82d6cd44b40f27b,optrace:9576:96,pynccl.all_reduce,"[{""request_id"": ""c4f28400bfd54f3bbb86f843f6fb61f5"", ""position"": 0, ""query_len"": 4096}]","[[4096, 2048]]","[""torch.float16""]","[{""argument"": ""args[0]"", ""shape"": [4096, 2048], ""dtype"": ""torch.float16"", ""device"": ""cuda:1"", ""stride"": [2048, 1]}]",73650,1120409,1
enterprise,1,9576,prefill,2b19945777114854b82d6cd44b40f27b,optrace:9576:97,aten.detach.default,"[{""request_id"": ""c4f28400bfd54f3bbb86f843f6fb61f5"", ""position"": 0, ""query_len"": 4096}]",[[2048]],"[""torch.float16""]","[{""argument"": ""args[0]"", ""shape"": [2048], ""dtype"": ""torch.float16"", ""device"": ""cuda:1"", ""stride"": [1]}]",8763,0,0
enterprise,1,9576,prefill,2b19945777114854b82d6cd44b40f27b,optrace:9576:98,_C.fused_add_rms_norm.default,"[{""request_id"": ""c4f28400bfd54f3bbb86f843f6fb61f5"", ""position"": 0, ""query_len"": 4096}]","[[4096, 2048], [4096, 2048], [2048]]","[""torch.float16"", ""torch.float16"", ""torch.float16""]","[{""argument"": ""args[0]"", ""shape"": [4096, 2048], ""dtype"": ""torch.float16"", ""device"": ""cuda:1"", ""stride"": [2048, 1]}, {""argument"": ""args[1]"", ""shape"": [4096, 2048], ""dtype"": ""torch.float16"", ""device"": ""cuda:1"", ""stride"": [2048, 1]}, {""argument"": ""args[2]"", ""shape"": [2048], ""dtype"": ""torch.float16"", ""device"": ""cuda:1"", ""stride"": [1]}]",20708,139231,1
enterprise,1,9576,prefill,2b19945777114854b82d6cd44b40f27b,optrace:9576:99,aten.linear.default,"[{""request_id"": ""c4f28400bfd54f3bbb86f843f6fb61f5"", ""position"": 0, ""query_len"": 4096}]","[[4096, 2048], [11008, 2048]]","[""torch.float16"", ""torch.float16""]","[{""argument"": ""args[0]"", ""shape"": [4096, 2048], ""dtype"": ""torch.float16"", ""device"": ""cuda:1"", ""stride"": [2048, 1]}, {""argument"": ""args[1]"", ""shape"": [11008, 2048], ""dtype"": ""torch.float16"", ""device"": ""cuda:1"", ""stride"": [2048, 1]}]",65273,2090548,1
enterprise,1,9576,prefill,2b19945777114854b82d6cd44b40f27b,optrace:9576:100,aten.empty.memory_format,"[{""request_id"": ""c4f28400bfd54f3bbb86f843f6fb61f5"", ""position"": 0, ""query_len"": 4096}]",[],[],[],43611,0,0
enterprise,1,9576,prefill,2b19945777114854b82d6cd44b40f27b,optrace:9576:101,_C.silu_and_mul.default,"[{""request_id"": ""c4f28400bfd54f3bbb86f843f6fb61f5"", ""position"": 0, ""query_len"": 4096}]","[[4096, 5504], [4096, 11008]]","[""torch.float16"", ""torch.float16""]","[{""argument"": ""args[0]"", ""shape"": [4096, 5504], ""dtype"": ""torch.float16"", ""device"": ""cuda:1"", ""stride"": [5504, 1]}, {""argument"": ""args[1]"", ""shape"": [4096, 11008], ""dtype"": ""torch.float16"", ""device"": ""cuda:1"", ""stride"": [11008, 1]}]",18219,292126,1
enterprise,1,9576,prefill,2b19945777114854b82d6cd44b40f27b,optrace:9576:102,aten.linear.default,"[{""request_id"": ""c4f28400bfd54f3bbb86f843f6fb61f5"", ""position"": 0, ""query_len"": 4096}]","[[4096, 5504], [2048, 5504]]","[""torch.float16"", ""torch.float16""]","[{""argument"": ""args[0]"", ""shape"": [4096, 5504], ""dtype"": ""torch.float16"", ""device"": ""cuda:1"", ""stride"": [5504, 1]}, {""argument"": ""args[1]"", ""shape"": [2048, 5504], ""dtype"": ""torch.float16"", ""device"": ""cuda:1"", ""stride"": [5504, 1]}]",47345,966010,1
enterprise,1,9576,prefill,2b19945777114854b82d6cd44b40f27b,optrace:9576:103,vllm.all_reduce.default,"[{""request_id"": ""c4f28400bfd54f3bbb86f843f6fb61f5"", ""position"": 0, ""query_len"": 4096}]","[[4096, 2048]]","[""torch.float16""]","[{""argument"": ""args[0]"", ""shape"": [4096, 2048], ""dtype"": ""torch.float16"", ""device"": ""cuda:1"", ""stride"": [2048, 1]}]",85855,0,0
enterprise,1,9576,prefill,2b19945777114854b82d6cd44b40f27b,optrace:9576:104,pynccl.all_reduce,"[{""request_id"": ""c4f28400bfd54f3bbb86f843f6fb61f5"", ""position"": 0, ""query_len"": 4096}]","[[4096, 2048]]","[""torch.float16""]","[{""argument"": ""args[0]"", ""shape"": [4096, 2048], ""dtype"": ""torch.float16"", ""device"": ""cuda:1"", ""stride"": [2048, 1]}]",59349,1120185,1
enterprise,1,9576,prefill,2b19945777114854b82d6cd44b40f27b,optrace:9576:105,aten.detach.default,"[{""request_id"": ""c4f28400bfd54f3bbb86f843f6fb61f5"", ""position"": 0, ""query_len"": 4096}]",[[2048]],"[""torch.float16""]","[{""argument"": ""args[0]"", ""shape"": [2048], ""dtype"": ""torch.float16"", ""device"": ""cuda:1"", ""stride"": [1]}]",8241,0,0
enterprise,1,9576,prefill,2b19945777114854b82d6cd44b40f27b,optrace:9576:106,_C.fused_add_rms_norm.default,"[{""request_id"": ""c4f28400bfd54f3bbb86f843f6fb61f5"", ""position"": 0, ""query_len"": 4096}]","[[4096, 2048], [4096, 2048], [2048]]","[""torch.float16"", ""torch.float16"", ""torch.float16""]","[{""argument"": ""args[0]"", ""shape"": [4096, 2048], ""dtype"": ""torch.float16"", ""device"": ""cuda:1"", ""stride"": [2048, 1]}, {""argument"": ""args[1]"", ""shape"": [4096, 2048], ""dtype"": ""torch.float16"", ""device"": ""cuda:1"", ""stride"": [2048, 1]}, {""argument"": ""args[2]"", ""shape"": [2048], ""dtype"": ""torch.float16"", ""device"": ""cuda:1"", ""stride"": [1]}]",21442,138591,1
enterprise,1,9576,prefill,2b19945777114854b82d6cd44b40f27b,optrace:9576:107,aten.linear.default,"[{""request_id"": ""c4f28400bfd54f3bbb86f843f6fb61f5"", ""position"": 0, ""query_len"": 4096}]","[[4096, 2048], [1280, 2048], [1280]]","[""torch.float16"", ""torch.float16"", ""torch.float16""]","[{""argument"": ""args[0]"", ""shape"": [4096, 2048], ""dtype"": ""torch.float16"", ""device"": ""cuda:1"", ""stride"": [2048, 1]}, {""argument"": ""args[1]"", ""shape"": [1280, 2048], ""dtype"": ""torch.float16"", ""device"": ""cuda:1"", ""stride"": [2048, 1]}, {""argument"": ""args[2]"", ""shape"": [1280], ""dtype"": ""torch.float16"", ""device"": ""cuda:1"", ""stride"": [1]}]",63169,294783,1
enterprise,1,9576,prefill,2b19945777114854b82d6cd44b40f27b,optrace:9576:108,aten.split_with_sizes.default,"[{""request_id"": ""c4f28400bfd54f3bbb86f843f6fb61f5"", ""position"": 0, ""query_len"": 4096}]","[[4096, 1280]]","[""torch.float16""]","[{""argument"": ""args[0]"", ""shape"": [4096, 1280], ""dtype"": ""torch.float16"", ""device"": ""cuda:1"", ""stride"": [1280, 1]}]",14111,0,0
enterprise,1,9576,prefill,2b19945777114854b82d6cd44b40f27b,optrace:9576:109,_C.rotary_embedding.default,"[{""request_id"": ""c4f28400bfd54f3bbb86f843f6fb61f5"", ""position"": 0, ""query_len"": 4096}]","[[4096], [4096, 1024], [4096, 128], [32768, 128]]","[""torch.int64"", ""torch.float16"", ""torch.float16"", ""torch.float16""]","[{""argument"": ""args[0]"", ""shape"": [4096], ""dtype"": ""torch.int64"", ""device"": ""cuda:1"", ""stride"": [1]}, {""argument"": ""args[1]"", ""shape"": [4096, 1024], ""dtype"": ""torch.float16"", ""device"": ""cuda:1"", ""stride"": [1280, 1]}, {""argument"": ""args[2]"", ""shape"": [4096, 128], ""dtype"": ""torch.float16"", ""device"": ""cuda:1"", ""stride"": [1280, 1]}, {""argument"": ""args[4]"", ""shape"": [32768, 128], ""dtype"": ""torch.float16"", ""device"": ""cuda:1"", ""stride"": [128, 1]}]",29966,46911,1
enterprise,1,9576,prefill,2b19945777114854b82d6cd44b40f27b,optrace:9576:110,aten.zeros.default,"[{""request_id"": ""c4f28400bfd54f3bbb86f843f6fb61f5"", ""position"": 0, ""query_len"": 4096}]",[],[],[],43108,17600,1
enterprise,1,9576,prefill,2b19945777114854b82d6cd44b40f27b,optrace:9576:111,aten.view.default,"[{""request_id"": ""c4f28400bfd54f3bbb86f843f6fb61f5"", ""position"": 0, ""query_len"": 4096}]","[[4096, 1024]]","[""torch.float16""]","[{""argument"": ""args[0]"", ""shape"": [4096, 1024], ""dtype"": ""torch.float16"", ""device"": ""cuda:1"", ""stride"": [1280, 1]}]",9931,0,0
enterprise,1,9576,prefill,2b19945777114854b82d6cd44b40f27b,optrace:9576:112,aten.view.default,"[{""request_id"": ""c4f28400bfd54f3bbb86f843f6fb61f5"", ""position"": 0, ""query_len"": 4096}]","[[4096, 1024]]","[""torch.float16""]","[{""argument"": ""args[0]"", ""shape"": [4096, 1024], ""dtype"": ""torch.float16"", ""device"": ""cuda:1"", ""stride"": [1024, 1]}]",5409,0,0
enterprise,1,9576,prefill,2b19945777114854b82d6cd44b40f27b,optrace:9576:113,aten.view.default,"[{""request_id"": ""c4f28400bfd54f3bbb86f843f6fb61f5"", ""position"": 0, ""query_len"": 4096}]","[[4096, 128]]","[""torch.float16""]","[{""argument"": ""args[0]"", ""shape"": [4096, 128], ""dtype"": ""torch.float16"", ""device"": ""cuda:1"", ""stride"": [1280, 1]}]",5492,0,0
enterprise,1,9576,prefill,2b19945777114854b82d6cd44b40f27b,optrace:9576:114,aten.view.default,"[{""request_id"": ""c4f28400bfd54f3bbb86f843f6fb61f5"", ""position"": 0, ""query_len"": 4096}]","[[4096, 128]]","[""torch.float16""]","[{""argument"": ""args[0]"", ""shape"": [4096, 128], ""dtype"": ""torch.float16"", ""device"": ""cuda:1"", ""stride"": [1280, 1]}]",5216,0,0
enterprise,1,9576,prefill,2b19945777114854b82d6cd44b40f27b,optrace:9576:115,vllm.unified_attention_with_output.default,"[{""request_id"": ""c4f28400bfd54f3bbb86f843f6fb61f5"", ""position"": 0, ""query_len"": 4096}]","[[4096, 8, 128], [4096, 1, 128], [4096, 1, 128], [4096, 8, 128]]","[""torch.float16"", ""torch.float16"", ""torch.float16"", ""torch.float16""]","[{""argument"": ""args[0]"", ""shape"": [4096, 8, 128], ""dtype"": ""torch.float16"", ""device"": ""cuda:1"", ""stride"": [1280, 128, 1]}, {""argument"": ""args[1]"", ""shape"": [4096, 1, 128], ""dtype"": ""torch.float16"", ""device"": ""cuda:1"", ""stride"": [1280, 128, 1]}, {""argument"": ""args[2]"", ""shape"": [4096, 1, 128], ""dtype"": ""torch.float16"", ""device"": ""cuda:1"", ""stride"": [1280, 128, 1]}, {""argument"": ""args[3]"", ""shape"": [4096, 8, 128], ""dtype"": ""torch.float16"", ""device"": ""cuda:1"", ""stride"": [1024, 128, 1]}]",191119,517917,2
enterprise,1,9576,prefill,2b19945777114854b82d6cd44b40f27b,optrace:9576:116,aten.view.default,"[{""request_id"": ""c4f28400bfd54f3bbb86f843f6fb61f5"", ""position"": 0, ""query_len"": 4096}]","[[4096, 8, 128]]","[""torch.float16""]","[{""argument"": ""args[0]"", ""shape"": [4096, 8, 128], ""dtype"": ""torch.float16"", ""device"": ""cuda:1"", ""stride"": [1024, 128, 1]}]",9041,0,0
enterprise,1,9576,prefill,2b19945777114854b82d6cd44b40f27b,optrace:9576:117,aten.linear.default,"[{""request_id"": ""c4f28400bfd54f3bbb86f843f6fb61f5"", ""position"": 0, ""query_len"": 4096}]","[[4096, 1024], [2048, 1024]]","[""torch.float16"", ""torch.float16""]","[{""argument"": ""args[0]"", ""shape"": [4096, 1024], ""dtype"": ""torch.float16"", ""device"": ""cuda:1"", ""stride"": [1024, 1]}, {""argument"": ""args[1]"", ""shape"": [2048, 1024], ""dtype"": ""torch.float16"", ""device"": ""cuda:1"", ""stride"": [1024, 1]}]",52340,200639,1
enterprise,1,9576,prefill,2b19945777114854b82d6cd44b40f27b,optrace:9576:118,vllm.all_reduce.default,"[{""request_id"": ""c4f28400bfd54f3bbb86f843f6fb61f5"", ""position"": 0, ""query_len"": 4096}]","[[4096, 2048]]","[""torch.float16""]","[{""argument"": ""args[0]"", ""shape"": [4096, 2048], ""dtype"": ""torch.float16"", ""device"": ""cuda:1"", ""stride"": [2048, 1]}]",90753,0,0
enterprise,1,9576,prefill,2b19945777114854b82d6cd44b40f27b,optrace:9576:119,pynccl.all_reduce,"[{""request_id"": ""c4f28400bfd54f3bbb86f843f6fb61f5"", ""position"": 0, ""query_len"": 4096}]","[[4096, 2048]]","[""torch.float16""]","[{""argument"": ""args[0]"", ""shape"": [4096, 2048], ""dtype"": ""torch.float16"", ""device"": ""cuda:1"", ""stride"": [2048, 1]}]",71326,1118073,1
enterprise,1,9576,prefill,2b19945777114854b82d6cd44b40f27b,optrace:9576:120,aten.detach.default,"[{""request_id"": ""c4f28400bfd54f3bbb86f843f6fb61f5"", ""position"": 0, ""query_len"": 4096}]",[[2048]],"[""torch.float16""]","[{""argument"": ""args[0]"", ""shape"": [2048], ""dtype"": ""torch.float16"", ""device"": ""cuda:1"", ""stride"": [1]}]",8010,0,0
enterprise,1,9576,prefill,2b19945777114854b82d6cd44b40f27b,optrace:9576:121,_C.fused_add_rms_norm.default,"[{""request_id"": ""c4f28400bfd54f3bbb86f843f6fb61f5"", ""position"": 0, ""query_len"": 4096}]","[[4096, 2048], [4096, 2048], [2048]]","[""torch.float16"", ""torch.float16"", ""torch.float16""]","[{""argument"": ""args[0]"", ""shape"": [4096, 2048], ""dtype"": ""torch.float16"", ""device"": ""cuda:1"", ""stride"": [2048, 1]}, {""argument"": ""args[1]"", ""shape"": [4096, 2048], ""dtype"": ""torch.float16"", ""device"": ""cuda:1"", ""stride"": [2048, 1]}, {""argument"": ""args[2]"", ""shape"": [2048], ""dtype"": ""torch.float16"", ""device"": ""cuda:1"", ""stride"": [1]}]",20187,138687,1
enterprise,1,9576,prefill,2b19945777114854b82d6cd44b40f27b,optrace:9576:122,aten.linear.default,"[{""request_id"": ""c4f28400bfd54f3bbb86f843f6fb61f5"", ""position"": 0, ""query_len"": 4096}]","[[4096, 2048], [11008, 2048]]","[""torch.float16"", ""torch.float16""]","[{""argument"": ""args[0]"", ""shape"": [4096, 2048], ""dtype"": ""torch.float16"", ""device"": ""cuda:1"", ""stride"": [2048, 1]}, {""argument"": ""args[1]"", ""shape"": [11008, 2048], ""dtype"": ""torch.float16"", ""device"": ""cuda:1"", ""stride"": [2048, 1]}]",62675,2084372,1
enterprise,1,9576,prefill,2b19945777114854b82d6cd44b40f27b,optrace:9576:123,aten.empty.memory_format,"[{""request_id"": ""c4f28400bfd54f3bbb86f843f6fb61f5"", ""position"": 0, ""query_len"": 4096}]",[],[],[],21269,0,0
enterprise,1,9576,prefill,2b19945777114854b82d6cd44b40f27b,optrace:9576:124,_C.silu_and_mul.default,"[{""request_id"": ""c4f28400bfd54f3bbb86f843f6fb61f5"", ""position"": 0, ""query_len"": 4096}]","[[4096, 5504], [4096, 11008]]","[""torch.float16"", ""torch.float16""]","[{""argument"": ""args[0]"", ""shape"": [4096, 5504], ""dtype"": ""torch.float16"", ""device"": ""cuda:1"", ""stride"": [5504, 1]}, {""argument"": ""args[1]"", ""shape"": [4096, 11008], ""dtype"": ""torch.float16"", ""device"": ""cuda:1"", ""stride"": [11008, 1]}]",26342,292414,1
enterprise,1,9576,prefill,2b19945777114854b82d6cd44b40f27b,optrace:9576:125,aten.linear.default,"[{""request_id"": ""c4f28400bfd54f3bbb86f843f6fb61f5"", ""position"": 0, ""query_len"": 4096}]","[[4096, 5504], [2048, 5504]]","[""torch.float16"", ""torch.float16""]","[{""argument"": ""args[0]"", ""shape"": [4096, 5504], ""dtype"": ""torch.float16"", ""device"": ""cuda:1"", ""stride"": [5504, 1]}, {""argument"": ""args[1]"", ""shape"": [2048, 5504], ""dtype"": ""torch.float16"", ""device"": ""cuda:1"", ""stride"": [5504, 1]}]",46201,989786,1
enterprise,1,9576,prefill,2b19945777114854b82d6cd44b40f27b,optrace:9576:126,vllm.all_reduce.default,"[{""request_id"": ""c4f28400bfd54f3bbb86f843f6fb61f5"", ""position"": 0, ""query_len"": 4096}]","[[4096, 2048]]","[""torch.float16""]","[{""argument"": ""args[0]"", ""shape"": [4096, 2048], ""dtype"": ""torch.float16"", ""device"": ""cuda:1"", ""stride"": [2048, 1]}]",93119,0,0
enterprise,1,9576,prefill,2b19945777114854b82d6cd44b40f27b,optrace:9576:127,pynccl.all_reduce,"[{""request_id"": ""c4f28400bfd54f3bbb86f843f6fb61f5"", ""position"": 0, ""query_len"": 4096}]","[[4096, 2048]]","[""torch.float16""]","[{""argument"": ""args[0]"", ""shape"": [4096, 2048], ""dtype"": ""torch.float16"", ""device"": ""cuda:1"", ""stride"": [2048, 1]}]",61945,1133978,1
enterprise,1,9576,prefill,2b19945777114854b82d6cd44b40f27b,optrace:9576:128,aten.empty.memory_format,"[{""request_id"": ""c4f28400bfd54f3bbb86f843f6fb61f5"", ""position"": 0, ""query_len"": 4096}]",[],[],[],69915,0,0
enterprise,1,9576,prefill,2b19945777114854b82d6cd44b40f27b,optrace:9576:129,c10d.broadcast_.default,"[{""request_id"": ""c4f28400bfd54f3bbb86f843f6fb61f5"", ""position"": 0, ""query_len"": 4096}]","[[4096, 2048]]","[""torch.float16""]","[{""argument"": ""args[0][0]"", ""shape"": [4096, 2048], ""dtype"": ""torch.float16"", ""device"": ""cuda:1"", ""stride"": [2048, 1]}]",361490,2290291,1
enterprise,1,9576,prefill,2b19945777114854b82d6cd44b40f27b,optrace:9576:130,aten.empty.memory_format,"[{""request_id"": ""c4f28400bfd54f3bbb86f843f6fb61f5"", ""position"": 0, ""query_len"": 4096}]",[],[],[],30776,0,0
enterprise,1,9576,prefill,2b19945777114854b82d6cd44b40f27b,optrace:9576:131,c10d.broadcast_.default,"[{""request_id"": ""c4f28400bfd54f3bbb86f843f6fb61f5"", ""position"": 0, ""query_len"": 4096}]","[[4096, 2048]]","[""torch.float16""]","[{""argument"": ""args[0][0]"", ""shape"": [4096, 2048], ""dtype"": ""torch.float16"", ""device"": ""cuda:1"", ""stride"": [2048, 1]}]",137405,2373106,1
enterprise,1,9576,prefill,2b19945777114854b82d6cd44b40f27b,optrace:9576:132,aten.detach.default,"[{""request_id"": ""c4f28400bfd54f3bbb86f843f6fb61f5"", ""position"": 0, ""query_len"": 4096}]",[[2048]],"[""torch.float16""]","[{""argument"": ""args[0]"", ""shape"": [2048], ""dtype"": ""torch.float16"", ""device"": ""cuda:1"", ""stride"": [1]}]",23915,0,0
enterprise,1,9576,prefill,2b19945777114854b82d6cd44b40f27b,optrace:9576:133,_C.fused_add_rms_norm.default,"[{""request_id"": ""c4f28400bfd54f3bbb86f843f6fb61f5"", ""position"": 0, ""query_len"": 4096}]","[[4096, 2048], [4096, 2048], [2048]]","[""torch.float16"", ""torch.float16"", ""torch.float16""]","[{""argument"": ""args[0]"", ""shape"": [4096, 2048], ""dtype"": ""torch.float16"", ""device"": ""cuda:1"", ""stride"": [2048, 1]}, {""argument"": ""args[1]"", ""shape"": [4096, 2048], ""dtype"": ""torch.float16"", ""device"": ""cuda:1"", ""stride"": [2048, 1]}, {""argument"": ""args[2]"", ""shape"": [2048], ""dtype"": ""torch.float16"", ""device"": ""cuda:1"", ""stride"": [1]}]",45400,138271,1
enterprise,1,9576,prefill,2b19945777114854b82d6cd44b40f27b,optrace:9576:134,aten.linear.default,"[{""request_id"": ""c4f28400bfd54f3bbb86f843f6fb61f5"", ""position"": 0, ""query_len"": 4096}]","[[4096, 2048], [1280, 2048], [1280]]","[""torch.float16"", ""torch.float16"", ""torch.float16""]","[{""argument"": ""args[0]"", ""shape"": [4096, 2048], ""dtype"": ""torch.float16"", ""device"": ""cuda:1"", ""stride"": [2048, 1]}, {""argument"": ""args[1]"", ""shape"": [1280, 2048], ""dtype"": ""torch.float16"", ""device"": ""cuda:1"", ""stride"": [2048, 1]}, {""argument"": ""args[2]"", ""shape"": [1280], ""dtype"": ""torch.float16"", ""device"": ""cuda:1"", ""stride"": [1]}]",133185,293566,1
enterprise,1,9576,prefill,2b19945777114854b82d6cd44b40f27b,optrace:9576:135,aten.split_with_sizes.default,"[{""request_id"": ""c4f28400bfd54f3bbb86f843f6fb61f5"", ""position"": 0, ""query_len"": 4096}]","[[4096, 1280]]","[""torch.float16""]","[{""argument"": ""args[0]"", ""shape"": [4096, 1280], ""dtype"": ""torch.float16"", ""device"": ""cuda:1"", ""stride"": [1280, 1]}]",19088,0,0
enterprise,1,9576,prefill,2b19945777114854b82d6cd44b40f27b,optrace:9576:136,_C.rotary_embedding.default,"[{""request_id"": ""c4f28400bfd54f3bbb86f843f6fb61f5"", ""position"": 0, ""query_len"": 4096}]","[[4096], [4096, 1024], [4096, 128], [32768, 128]]","[""torch.int64"", ""torch.float16"", ""torch.float16"", ""torch.float16""]","[{""argument"": ""args[0]"", ""shape"": [4096], ""dtype"": ""torch.int64"", ""device"": ""cuda:1"", ""stride"": [1]}, {""argument"": ""args[1]"", ""shape"": [4096, 1024], ""dtype"": ""torch.float16"", ""device"": ""cuda:1"", ""stride"": [1280, 1]}, {""argument"": ""args[2]"", ""shape"": [4096, 128], ""dtype"": ""torch.float16"", ""device"": ""cuda:1"", ""stride"": [1280, 1]}, {""argument"": ""args[4]"", ""shape"": [32768, 128], ""dtype"": ""torch.float16"", ""device"": ""cuda:1"", ""stride"": [128, 1]}]",28585,46912,1
enterprise,1,9576,prefill,2b19945777114854b82d6cd44b40f27b,optrace:9576:137,aten.zeros.default,"[{""request_id"": ""c4f28400bfd54f3bbb86f843f6fb61f5"", ""position"": 0, ""query_len"": 4096}]",[],[],[],62203,17440,1
enterprise,1,9576,prefill,2b19945777114854b82d6cd44b40f27b,optrace:9576:138,aten.view.default,"[{""request_id"": ""c4f28400bfd54f3bbb86f843f6fb61f5"", ""position"": 0, ""query_len"": 4096}]","[[4096, 1024]]","[""torch.float16""]","[{""argument"": ""args[0]"", ""shape"": [4096, 1024], ""dtype"": ""torch.float16"", ""device"": ""cuda:1"", ""stride"": [1280, 1]}]",11276,0,0
enterprise,1,9576,prefill,2b19945777114854b82d6cd44b40f27b,optrace:9576:139,aten.view.default,"[{""request_id"": ""c4f28400bfd54f3bbb86f843f6fb61f5"", ""position"": 0, ""query_len"": 4096}]","[[4096, 1024]]","[""torch.float16""]","[{""argument"": ""args[0]"", ""shape"": [4096, 1024], ""dtype"": ""torch.float16"", ""device"": ""cuda:1"", ""stride"": [1024, 1]}]",6122,0,0
enterprise,1,9576,prefill,2b19945777114854b82d6cd44b40f27b,optrace:9576:140,aten.view.default,"[{""request_id"": ""c4f28400bfd54f3bbb86f843f6fb61f5"", ""position"": 0, ""query_len"": 4096}]","[[4096, 128]]","[""torch.float16""]","[{""argument"": ""args[0]"", ""shape"": [4096, 128], ""dtype"": ""torch.float16"", ""device"": ""cuda:1"", ""stride"": [1280, 1]}]",5313,0,0
enterprise,1,9576,prefill,2b19945777114854b82d6cd44b40f27b,optrace:9576:141,aten.view.default,"[{""request_id"": ""c4f28400bfd54f3bbb86f843f6fb61f5"", ""position"": 0, ""query_len"": 4096}]","[[4096, 128]]","[""torch.float16""]","[{""argument"": ""args[0]"", ""shape"": [4096, 128], ""dtype"": ""torch.float16"", ""device"": ""cuda:1"", ""stride"": [1280, 1]}]",5019,0,0
enterprise,1,9576,prefill,2b19945777114854b82d6cd44b40f27b,optrace:9576:142,vllm.unified_attention_with_output.default,"[{""request_id"": ""c4f28400bfd54f3bbb86f843f6fb61f5"", ""position"": 0, ""query_len"": 4096}]","[[4096, 8, 128], [4096, 1, 128], [4096, 1, 128], [4096, 8, 128]]","[""torch.float16"", ""torch.float16"", ""torch.float16"", ""torch.float16""]","[{""argument"": ""args[0]"", ""shape"": [4096, 8, 128], ""dtype"": ""torch.float16"", ""device"": ""cuda:1"", ""stride"": [1280, 128, 1]}, {""argument"": ""args[1]"", ""shape"": [4096, 1, 128], ""dtype"": ""torch.float16"", ""device"": ""cuda:1"", ""stride"": [1280, 128, 1]}, {""argument"": ""args[2]"", ""shape"": [4096, 1, 128], ""dtype"": ""torch.float16"", ""device"": ""cuda:1"", ""stride"": [1280, 128, 1]}, {""argument"": ""args[3]"", ""shape"": [4096, 8, 128], ""dtype"": ""torch.float16"", ""device"": ""cuda:1"", ""stride"": [1024, 128, 1]}]",306447,517469,2
enterprise,1,9576,prefill,2b19945777114854b82d6cd44b40f27b,optrace:9576:143,aten.view.default,"[{""request_id"": ""c4f28400bfd54f3bbb86f843f6fb61f5"", ""position"": 0, ""query_len"": 4096}]","[[4096, 8, 128]]","[""torch.float16""]","[{""argument"": ""args[0]"", ""shape"": [4096, 8, 128], ""dtype"": ""torch.float16"", ""device"": ""cuda:1"", ""stride"": [1024, 128, 1]}]",21699,0,0
enterprise,1,9576,prefill,2b19945777114854b82d6cd44b40f27b,optrace:9576:144,aten.linear.default,"[{""request_id"": ""c4f28400bfd54f3bbb86f843f6fb61f5"", ""position"": 0, ""query_len"": 4096}]","[[4096, 1024], [2048, 1024]]","[""torch.float16"", ""torch.float16""]","[{""argument"": ""args[0]"", ""shape"": [4096, 1024], ""dtype"": ""torch.float16"", ""device"": ""cuda:1"", ""stride"": [1024, 1]}, {""argument"": ""args[1]"", ""shape"": [2048, 1024], ""dtype"": ""torch.float16"", ""device"": ""cuda:1"", ""stride"": [1024, 1]}]",77474,199710,1
enterprise,1,9576,prefill,2b19945777114854b82d6cd44b40f27b,optrace:9576:145,vllm.all_reduce.default,"[{""request_id"": ""c4f28400bfd54f3bbb86f843f6fb61f5"", ""position"": 0, ""query_len"": 4096}]","[[4096, 2048]]","[""torch.float16""]","[{""argument"": ""args[0]"", ""shape"": [4096, 2048], ""dtype"": ""torch.float16"", ""device"": ""cuda:1"", ""stride"": [2048, 1]}]",128034,0,0
enterprise,1,9576,prefill,2b19945777114854b82d6cd44b40f27b,optrace:9576:146,pynccl.all_reduce,"[{""request_id"": ""c4f28400bfd54f3bbb86f843f6fb61f5"", ""position"": 0, ""query_len"": 4096}]","[[4096, 2048]]","[""torch.float16""]","[{""argument"": ""args[0]"", ""shape"": [4096, 2048], ""dtype"": ""torch.float16"", ""device"": ""cuda:1"", ""stride"": [2048, 1]}]",98812,1125274,1
enterprise,1,9576,prefill,2b19945777114854b82d6cd44b40f27b,optrace:9576:147,aten.detach.default,"[{""request_id"": ""c4f28400bfd54f3bbb86f843f6fb61f5"", ""position"": 0, ""query_len"": 4096}]",[[2048]],"[""torch.float16""]","[{""argument"": ""args[0]"", ""shape"": [2048], ""dtype"": ""torch.float16"", ""device"": ""cuda:1"", ""stride"": [1]}]",8995,0,0
enterprise,1,9576,prefill,2b19945777114854b82d6cd44b40f27b,optrace:9576:148,_C.fused_add_rms_norm.default,"[{""request_id"": ""c4f28400bfd54f3bbb86f843f6fb61f5"", ""position"": 0, ""query_len"": 4096}]","[[4096, 2048], [4096, 2048], [2048]]","[""torch.float16"", ""torch.float16"", ""torch.float16""]","[{""argument"": ""args[0]"", ""shape"": [4096, 2048], ""dtype"": ""torch.float16"", ""device"": ""cuda:1"", ""stride"": [2048, 1]}, {""argument"": ""args[1]"", ""shape"": [4096, 2048], ""dtype"": ""torch.float16"", ""device"": ""cuda:1"", ""stride"": [2048, 1]}, {""argument"": ""args[2]"", ""shape"": [2048], ""dtype"": ""torch.float16"", ""device"": ""cuda:1"", ""stride"": [1]}]",22537,138079,1
enterprise,1,9576,prefill,2b19945777114854b82d6cd44b40f27b,optrace:9576:149,aten.linear.default,"[{""request_id"": ""c4f28400bfd54f3bbb86f843f6fb61f5"", ""position"": 0, ""query_len"": 4096}]","[[4096, 2048], [11008, 2048]]","[""torch.float16"", ""torch.float16""]","[{""argument"": ""args[0]"", ""shape"": [4096, 2048], ""dtype"": ""torch.float16"", ""device"": ""cuda:1"", ""stride"": [2048, 1]}, {""argument"": ""args[1]"", ""shape"": [11008, 2048], ""dtype"": ""torch.float16"", ""device"": ""cuda:1"", ""stride"": [2048, 1]}]",69996,2077747,1
enterprise,1,9576,prefill,2b19945777114854b82d6cd44b40f27b,optrace:9576:150,aten.empty.memory_format,"[{""request_id"": ""c4f28400bfd54f3bbb86f843f6fb61f5"", ""position"": 0, ""query_len"": 4096}]",[],[],[],27577,0,0
enterprise,1,9576,prefill,2b19945777114854b82d6cd44b40f27b,optrace:9576:151,_C.silu_and_mul.default,"[{""request_id"": ""c4f28400bfd54f3bbb86f843f6fb61f5"", ""position"": 0, ""query_len"": 4096}]","[[4096, 5504], [4096, 11008]]","[""torch.float16"", ""torch.float16""]","[{""argument"": ""args[0]"", ""shape"": [4096, 5504], ""dtype"": ""torch.float16"", ""device"": ""cuda:1"", ""stride"": [5504, 1]}, {""argument"": ""args[1]"", ""shape"": [4096, 11008], ""dtype"": ""torch.float16"", ""device"": ""cuda:1"", ""stride"": [11008, 1]}]",20437,292255,1
enterprise,1,9576,prefill,2b19945777114854b82d6cd44b40f27b,optrace:9576:152,aten.linear.default,"[{""request_id"": ""c4f28400bfd54f3bbb86f843f6fb61f5"", ""position"": 0, ""query_len"": 4096}]","[[4096, 5504], [2048, 5504]]","[""torch.float16"", ""torch.float16""]","[{""argument"": ""args[0]"", ""shape"": [4096, 5504], ""dtype"": ""torch.float16"", ""device"": ""cuda:1"", ""stride"": [5504, 1]}, {""argument"": ""args[1]"", ""shape"": [2048, 5504], ""dtype"": ""torch.float16"", ""device"": ""cuda:1"", ""stride"": [5504, 1]}]",62574,965850,1
enterprise,1,9576,prefill,2b19945777114854b82d6cd44b40f27b,optrace:9576:153,vllm.all_reduce.default,"[{""request_id"": ""c4f28400bfd54f3bbb86f843f6fb61f5"", ""position"": 0, ""query_len"": 4096}]","[[4096, 2048]]","[""torch.float16""]","[{""argument"": ""args[0]"", ""shape"": [4096, 2048], ""dtype"": ""torch.float16"", ""device"": ""cuda:1"", ""stride"": [2048, 1]}]",90027,0,0
enterprise,1,9576,prefill,2b19945777114854b82d6cd44b40f27b,optrace:9576:154,pynccl.all_reduce,"[{""request_id"": ""c4f28400bfd54f3bbb86f843f6fb61f5"", ""position"": 0, ""query_len"": 4096}]","[[4096, 2048]]","[""torch.float16""]","[{""argument"": ""args[0]"", ""shape"": [4096, 2048], ""dtype"": ""torch.float16"", ""device"": ""cuda:1"", ""stride"": [2048, 1]}]",64895,1135161,1
enterprise,1,9576,prefill,2b19945777114854b82d6cd44b40f27b,optrace:9576:155,aten.detach.default,"[{""request_id"": ""c4f28400bfd54f3bbb86f843f6fb61f5"", ""position"": 0, ""query_len"": 4096}]",[[2048]],"[""torch.float16""]","[{""argument"": ""args[0]"", ""shape"": [2048], ""dtype"": ""torch.float16"", ""device"": ""cuda:1"", ""stride"": [1]}]",11381,0,0
enterprise,1,9576,prefill,2b19945777114854b82d6cd44b40f27b,optrace:9576:156,_C.fused_add_rms_norm.default,"[{""request_id"": ""c4f28400bfd54f3bbb86f843f6fb61f5"", ""position"": 0, ""query_len"": 4096}]","[[4096, 2048], [4096, 2048], [2048]]","[""torch.float16"", ""torch.float16"", ""torch.float16""]","[{""argument"": ""args[0]"", ""shape"": [4096, 2048], ""dtype"": ""torch.float16"", ""device"": ""cuda:1"", ""stride"": [2048, 1]}, {""argument"": ""args[1]"", ""shape"": [4096, 2048], ""dtype"": ""torch.float16"", ""device"": ""cuda:1"", ""stride"": [2048, 1]}, {""argument"": ""args[2]"", ""shape"": [2048], ""dtype"": ""torch.float16"", ""device"": ""cuda:1"", ""stride"": [1]}]",44273,139359,1
enterprise,1,9576,prefill,2b19945777114854b82d6cd44b40f27b,optrace:9576:157,aten.linear.default,"[{""request_id"": ""c4f28400bfd54f3bbb86f843f6fb61f5"", ""position"": 0, ""query_len"": 4096}]","[[4096, 2048], [1280, 2048], [1280]]","[""torch.float16"", ""torch.float16"", ""torch.float16""]","[{""argument"": ""args[0]"", ""shape"": [4096, 2048], ""dtype"": ""torch.float16"", ""device"": ""cuda:1"", ""stride"": [2048, 1]}, {""argument"": ""args[1]"", ""shape"": [1280, 2048], ""dtype"": ""torch.float16"", ""device"": ""cuda:1"", ""stride"": [2048, 1]}, {""argument"": ""args[2]"", ""shape"": [1280], ""dtype"": ""torch.float16"", ""device"": ""cuda:1"", ""stride"": [1]}]",68673,292862,1
enterprise,1,9576,prefill,2b19945777114854b82d6cd44b40f27b,optrace:9576:158,aten.split_with_sizes.default,"[{""request_id"": ""c4f28400bfd54f3bbb86f843f6fb61f5"", ""position"": 0, ""query_len"": 4096}]","[[4096, 1280]]","[""torch.float16""]","[{""argument"": ""args[0]"", ""shape"": [4096, 1280], ""dtype"": ""torch.float16"", ""device"": ""cuda:1"", ""stride"": [1280, 1]}]",14737,0,0
enterprise,1,9576,prefill,2b19945777114854b82d6cd44b40f27b,optrace:9576:159,_C.rotary_embedding.default,"[{""request_id"": ""c4f28400bfd54f3bbb86f843f6fb61f5"", ""position"": 0, ""query_len"": 4096}]","[[4096], [4096, 1024], [4096, 128], [32768, 128]]","[""torch.int64"", ""torch.float16"", ""torch.float16"", ""torch.float16""]","[{""argument"": ""args[0]"", ""shape"": [4096], ""dtype"": ""torch.int64"", ""device"": ""cuda:1"", ""stride"": [1]}, {""argument"": ""args[1]"", ""shape"": [4096, 1024], ""dtype"": ""torch.float16"", ""device"": ""cuda:1"", ""stride"": [1280, 1]}, {""argument"": ""args[2]"", ""shape"": [4096, 128], ""dtype"": ""torch.float16"", ""device"": ""cuda:1"", ""stride"": [1280, 1]}, {""argument"": ""args[4]"", ""shape"": [32768, 128], ""dtype"": ""torch.float16"", ""device"": ""cuda:1"", ""stride"": [128, 1]}]",23447,46560,1
enterprise,1,9576,prefill,2b19945777114854b82d6cd44b40f27b,optrace:9576:160,aten.zeros.default,"[{""request_id"": ""c4f28400bfd54f3bbb86f843f6fb61f5"", ""position"": 0, ""query_len"": 4096}]",[],[],[],41270,17792,1
enterprise,1,9576,prefill,2b19945777114854b82d6cd44b40f27b,optrace:9576:161,aten.view.default,"[{""request_id"": ""c4f28400bfd54f3bbb86f843f6fb61f5"", ""position"": 0, ""query_len"": 4096}]","[[4096, 1024]]","[""torch.float16""]","[{""argument"": ""args[0]"", ""shape"": [4096, 1024], ""dtype"": ""torch.float16"", ""device"": ""cuda:1"", ""stride"": [1280, 1]}]",17546,0,0
enterprise,1,9576,prefill,2b19945777114854b82d6cd44b40f27b,optrace:9576:162,aten.view.default,"[{""request_id"": ""c4f28400bfd54f3bbb86f843f6fb61f5"", ""position"": 0, ""query_len"": 4096}]","[[4096, 1024]]","[""torch.float16""]","[{""argument"": ""args[0]"", ""shape"": [4096, 1024], ""dtype"": ""torch.float16"", ""device"": ""cuda:1"", ""stride"": [1024, 1]}]",5200,0,0
enterprise,1,9576,prefill,2b19945777114854b82d6cd44b40f27b,optrace:9576:163,aten.view.default,"[{""request_id"": ""c4f28400bfd54f3bbb86f843f6fb61f5"", ""position"": 0, ""query_len"": 4096}]","[[4096, 128]]","[""torch.float16""]","[{""argument"": ""args[0]"", ""shape"": [4096, 128], ""dtype"": ""torch.float16"", ""device"": ""cuda:1"", ""stride"": [1280, 1]}]",5193,0,0
enterprise,1,9576,prefill,2b19945777114854b82d6cd44b40f27b,optrace:9576:164,aten.view.default,"[{""request_id"": ""c4f28400bfd54f3bbb86f843f6fb61f5"", ""position"": 0, ""query_len"": 4096}]","[[4096, 128]]","[""torch.float16""]","[{""argument"": ""args[0]"", ""shape"": [4096, 128], ""dtype"": ""torch.float16"", ""device"": ""cuda:1"", ""stride"": [1280, 1]}]",4972,0,0
enterprise,1,9576,prefill,2b19945777114854b82d6cd44b40f27b,optrace:9576:165,vllm.unified_attention_with_output.default,"[{""request_id"": ""c4f28400bfd54f3bbb86f843f6fb61f5"", ""position"": 0, ""query_len"": 4096}]","[[4096, 8, 128], [4096, 1, 128], [4096, 1, 128], [4096, 8, 128]]","[""torch.float16"", ""torch.float16"", ""torch.float16"", ""torch.float16""]","[{""argument"": ""args[0]"", ""shape"": [4096, 8, 128], ""dtype"": ""torch.float16"", ""device"": ""cuda:1"", ""stride"": [1280, 128, 1]}, {""argument"": ""args[1]"", ""shape"": [4096, 1, 128], ""dtype"": ""torch.float16"", ""device"": ""cuda:1"", ""stride"": [1280, 128, 1]}, {""argument"": ""args[2]"", ""shape"": [4096, 1, 128], ""dtype"": ""torch.float16"", ""device"": ""cuda:1"", ""stride"": [1280, 128, 1]}, {""argument"": ""args[3]"", ""shape"": [4096, 8, 128], ""dtype"": ""torch.float16"", ""device"": ""cuda:1"", ""stride"": [1024, 128, 1]}]",183427,492893,2
enterprise,1,9576,prefill,2b19945777114854b82d6cd44b40f27b,optrace:9576:166,aten.view.default,"[{""request_id"": ""c4f28400bfd54f3bbb86f843f6fb61f5"", ""position"": 0, ""query_len"": 4096}]","[[4096, 8, 128]]","[""torch.float16""]","[{""argument"": ""args[0]"", ""shape"": [4096, 8, 128], ""dtype"": ""torch.float16"", ""device"": ""cuda:1"", ""stride"": [1024, 128, 1]}]",16517,0,0
enterprise,1,9576,prefill,2b19945777114854b82d6cd44b40f27b,optrace:9576:167,aten.linear.default,"[{""request_id"": ""c4f28400bfd54f3bbb86f843f6fb61f5"", ""position"": 0, ""query_len"": 4096}]","[[4096, 1024], [2048, 1024]]","[""torch.float16"", ""torch.float16""]","[{""argument"": ""args[0]"", ""shape"": [4096, 1024], ""dtype"": ""torch.float16"", ""device"": ""cuda:1"", ""stride"": [1024, 1]}, {""argument"": ""args[1]"", ""shape"": [2048, 1024], ""dtype"": ""torch.float16"", ""device"": ""cuda:1"", ""stride"": [1024, 1]}]",57097,200671,1
enterprise,1,9576,prefill,2b19945777114854b82d6cd44b40f27b,optrace:9576:168,vllm.all_reduce.default,"[{""request_id"": ""c4f28400bfd54f3bbb86f843f6fb61f5"", ""position"": 0, ""query_len"": 4096}]","[[4096, 2048]]","[""torch.float16""]","[{""argument"": ""args[0]"", ""shape"": [4096, 2048], ""dtype"": ""torch.float16"", ""device"": ""cuda:1"", ""stride"": [2048, 1]}]",86625,0,0
enterprise,1,9576,prefill,2b19945777114854b82d6cd44b40f27b,optrace:9576:169,pynccl.all_reduce,"[{""request_id"": ""c4f28400bfd54f3bbb86f843f6fb61f5"", ""position"": 0, ""query_len"": 4096}]","[[4096, 2048]]","[""torch.float16""]","[{""argument"": ""args[0]"", ""shape"": [4096, 2048], ""dtype"": ""torch.float16"", ""device"": ""cuda:1"", ""stride"": [2048, 1]}]",63610,1130745,1
enterprise,1,9576,prefill,2b19945777114854b82d6cd44b40f27b,optrace:9576:170,aten.detach.default,"[{""request_id"": ""c4f28400bfd54f3bbb86f843f6fb61f5"", ""position"": 0, ""query_len"": 4096}]",[[2048]],"[""torch.float16""]","[{""argument"": ""args[0]"", ""shape"": [2048], ""dtype"": ""torch.float16"", ""device"": ""cuda:1"", ""stride"": [1]}]",7848,0,0
enterprise,1,9576,prefill,2b19945777114854b82d6cd44b40f27b,optrace:9576:171,_C.fused_add_rms_norm.default,"[{""request_id"": ""c4f28400bfd54f3bbb86f843f6fb61f5"", ""position"": 0, ""query_len"": 4096}]","[[4096, 2048], [4096, 2048], [2048]]","[""torch.float16"", ""torch.float16"", ""torch.float16""]","[{""argument"": ""args[0]"", ""shape"": [4096, 2048], ""dtype"": ""torch.float16"", ""device"": ""cuda:1"", ""stride"": [2048, 1]}, {""argument"": ""args[1]"", ""shape"": [4096, 2048], ""dtype"": ""torch.float16"", ""device"": ""cuda:1"", ""stride"": [2048, 1]}, {""argument"": ""args[2]"", ""shape"": [2048], ""dtype"": ""torch.float16"", ""device"": ""cuda:1"", ""stride"": [1]}]",23041,139135,1
enterprise,1,9576,prefill,2b19945777114854b82d6cd44b40f27b,optrace:9576:172,aten.linear.default,"[{""request_id"": ""c4f28400bfd54f3bbb86f843f6fb61f5"", ""position"": 0, ""query_len"": 4096}]","[[4096, 2048], [11008, 2048]]","[""torch.float16"", ""torch.float16""]","[{""argument"": ""args[0]"", ""shape"": [4096, 2048], ""dtype"": ""torch.float16"", ""device"": ""cuda:1"", ""stride"": [2048, 1]}, {""argument"": ""args[1]"", ""shape"": [11008, 2048], ""dtype"": ""torch.float16"", ""device"": ""cuda:1"", ""stride"": [2048, 1]}]",65074,2077812,1
enterprise,1,9576,prefill,2b19945777114854b82d6cd44b40f27b,optrace:9576:173,aten.empty.memory_format,"[{""request_id"": ""c4f28400bfd54f3bbb86f843f6fb61f5"", ""position"": 0, ""query_len"": 4096}]",[],[],[],22443,0,0
enterprise,1,9576,prefill,2b19945777114854b82d6cd44b40f27b,optrace:9576:174,_C.silu_and_mul.default,"[{""request_id"": ""c4f28400bfd54f3bbb86f843f6fb61f5"", ""position"": 0, ""query_len"": 4096}]","[[4096, 5504], [4096, 11008]]","[""torch.float16"", ""torch.float16""]","[{""argument"": ""args[0]"", ""shape"": [4096, 5504], ""dtype"": ""torch.float16"", ""device"": ""cuda:1"", ""stride"": [5504, 1]}, {""argument"": ""args[1]"", ""shape"": [4096, 11008], ""dtype"": ""torch.float16"", ""device"": ""cuda:1"", ""stride"": [11008, 1]}]",18338,292926,1
enterprise,1,9576,prefill,2b19945777114854b82d6cd44b40f27b,optrace:9576:175,aten.linear.default,"[{""request_id"": ""c4f28400bfd54f3bbb86f843f6fb61f5"", ""position"": 0, ""query_len"": 4096}]","[[4096, 5504], [2048, 5504]]","[""torch.float16"", ""torch.float16""]","[{""argument"": ""args[0]"", ""shape"": [4096, 5504], ""dtype"": ""torch.float16"", ""device"": ""cuda:1"", ""stride"": [5504, 1]}, {""argument"": ""args[1]"", ""shape"": [2048, 5504], ""dtype"": ""torch.float16"", ""device"": ""cuda:1"", ""stride"": [5504, 1]}]",44947,967354,1
enterprise,1,9576,prefill,2b19945777114854b82d6cd44b40f27b,optrace:9576:176,vllm.all_reduce.default,"[{""request_id"": ""c4f28400bfd54f3bbb86f843f6fb61f5"", ""position"": 0, ""query_len"": 4096}]","[[4096, 2048]]","[""torch.float16""]","[{""argument"": ""args[0]"", ""shape"": [4096, 2048], ""dtype"": ""torch.float16"", ""device"": ""cuda:1"", ""stride"": [2048, 1]}]",85727,0,0
enterprise,1,9576,prefill,2b19945777114854b82d6cd44b40f27b,optrace:9576:177,pynccl.all_reduce,"[{""request_id"": ""c4f28400bfd54f3bbb86f843f6fb61f5"", ""position"": 0, ""query_len"": 4096}]","[[4096, 2048]]","[""torch.float16""]","[{""argument"": ""args[0]"", ""shape"": [4096, 2048], ""dtype"": ""torch.float16"", ""device"": ""cuda:1"", ""stride"": [2048, 1]}]",64459,1115066,1
enterprise,1,9576,prefill,2b19945777114854b82d6cd44b40f27b,optrace:9576:178,aten.detach.default,"[{""request_id"": ""c4f28400bfd54f3bbb86f843f6fb61f5"", ""position"": 0, ""query_len"": 4096}]",[[2048]],"[""torch.float16""]","[{""argument"": ""args[0]"", ""shape"": [2048], ""dtype"": ""torch.float16"", ""device"": ""cuda:1"", ""stride"": [1]}]",7916,0,0
enterprise,1,9576,prefill,2b19945777114854b82d6cd44b40f27b,optrace:9576:179,_C.fused_add_rms_norm.default,"[{""request_id"": ""c4f28400bfd54f3bbb86f843f6fb61f5"", ""position"": 0, ""query_len"": 4096}]","[[4096, 2048], [4096, 2048], [2048]]","[""torch.float16"", ""torch.float16"", ""torch.float16""]","[{""argument"": ""args[0]"", ""shape"": [4096, 2048], ""dtype"": ""torch.float16"", ""device"": ""cuda:1"", ""stride"": [2048, 1]}, {""argument"": ""args[1]"", ""shape"": [4096, 2048], ""dtype"": ""torch.float16"", ""device"": ""cuda:1"", ""stride"": [2048, 1]}, {""argument"": ""args[2]"", ""shape"": [2048], ""dtype"": ""torch.float16"", ""device"": ""cuda:1"", ""stride"": [1]}]",19317,138431,1
enterprise,1,9576,prefill,2b19945777114854b82d6cd44b40f27b,optrace:9576:180,aten.linear.default,"[{""request_id"": ""c4f28400bfd54f3bbb86f843f6fb61f5"", ""position"": 0, ""query_len"": 4096}]","[[4096, 2048], [1280, 2048], [1280]]","[""torch.float16"", ""torch.float16"", ""torch.float16""]","[{""argument"": ""args[0]"", ""shape"": [4096, 2048], ""dtype"": ""torch.float16"", ""device"": ""cuda:1"", ""stride"": [2048, 1]}, {""argument"": ""args[1]"", ""shape"": [1280, 2048], ""dtype"": ""torch.float16"", ""device"": ""cuda:1"", ""stride"": [2048, 1]}, {""argument"": ""args[2]"", ""shape"": [1280], ""dtype"": ""torch.float16"", ""device"": ""cuda:1"", ""stride"": [1]}]",75082,294270,1
enterprise,1,9576,prefill,2b19945777114854b82d6cd44b40f27b,optrace:9576:181,aten.split_with_sizes.default,"[{""request_id"": ""c4f28400bfd54f3bbb86f843f6fb61f5"", ""position"": 0, ""query_len"": 4096}]","[[4096, 1280]]","[""torch.float16""]","[{""argument"": ""args[0]"", ""shape"": [4096, 1280], ""dtype"": ""torch.float16"", ""device"": ""cuda:1"", ""stride"": [1280, 1]}]",15576,0,0
enterprise,1,9576,prefill,2b19945777114854b82d6cd44b40f27b,optrace:9576:182,_C.rotary_embedding.default,"[{""request_id"": ""c4f28400bfd54f3bbb86f843f6fb61f5"", ""position"": 0, ""query_len"": 4096}]","[[4096], [4096, 1024], [4096, 128], [32768, 128]]","[""torch.int64"", ""torch.float16"", ""torch.float16"", ""torch.float16""]","[{""argument"": ""args[0]"", ""shape"": [4096], ""dtype"": ""torch.int64"", ""device"": ""cuda:1"", ""stride"": [1]}, {""argument"": ""args[1]"", ""shape"": [4096, 1024], ""dtype"": ""torch.float16"", ""device"": ""cuda:1"", ""stride"": [1280, 1]}, {""argument"": ""args[2]"", ""shape"": [4096, 128], ""dtype"": ""torch.float16"", ""device"": ""cuda:1"", ""stride"": [1280, 1]}, {""argument"": ""args[4]"", ""shape"": [32768, 128], ""dtype"": ""torch.float16"", ""device"": ""cuda:1"", ""stride"": [128, 1]}]",26568,46880,1
enterprise,1,9576,prefill,2b19945777114854b82d6cd44b40f27b,optrace:9576:183,aten.zeros.default,"[{""request_id"": ""c4f28400bfd54f3bbb86f843f6fb61f5"", ""position"": 0, ""query_len"": 4096}]",[],[],[],42059,17536,1
enterprise,1,9576,prefill,2b19945777114854b82d6cd44b40f27b,optrace:9576:184,aten.view.default,"[{""request_id"": ""c4f28400bfd54f3bbb86f843f6fb61f5"", ""position"": 0, ""query_len"": 4096}]","[[4096, 1024]]","[""torch.float16""]","[{""argument"": ""args[0]"", ""shape"": [4096, 1024], ""dtype"": ""torch.float16"", ""device"": ""cuda:1"", ""stride"": [1280, 1]}]",8672,0,0
enterprise,1,9576,prefill,2b19945777114854b82d6cd44b40f27b,optrace:9576:185,aten.view.default,"[{""request_id"": ""c4f28400bfd54f3bbb86f843f6fb61f5"", ""position"": 0, ""query_len"": 4096}]","[[4096, 1024]]","[""torch.float16""]","[{""argument"": ""args[0]"", ""shape"": [4096, 1024], ""dtype"": ""torch.float16"", ""device"": ""cuda:1"", ""stride"": [1024, 1]}]",12984,0,0
enterprise,1,9576,prefill,2b19945777114854b82d6cd44b40f27b,optrace:9576:186,aten.view.default,"[{""request_id"": ""c4f28400bfd54f3bbb86f843f6fb61f5"", ""position"": 0, ""query_len"": 4096}]","[[4096, 128]]","[""torch.float16""]","[{""argument"": ""args[0]"", ""shape"": [4096, 128], ""dtype"": ""torch.float16"", ""device"": ""cuda:1"", ""stride"": [1280, 1]}]",16504,0,0
enterprise,1,9576,prefill,2b19945777114854b82d6cd44b40f27b,optrace:9576:187,aten.view.default,"[{""request_id"": ""c4f28400bfd54f3bbb86f843f6fb61f5"", ""position"": 0, ""query_len"": 4096}]","[[4096, 128]]","[""torch.float16""]","[{""argument"": ""args[0]"", ""shape"": [4096, 128], ""dtype"": ""torch.float16"", ""device"": ""cuda:1"", ""stride"": [1280, 1]}]",5299,0,0
enterprise,1,9576,prefill,2b19945777114854b82d6cd44b40f27b,optrace:9576:188,vllm.unified_attention_with_output.default,"[{""request_id"": ""c4f28400bfd54f3bbb86f843f6fb61f5"", ""position"": 0, ""query_len"": 4096}]","[[4096, 8, 128], [4096, 1, 128], [4096, 1, 128], [4096, 8, 128]]","[""torch.float16"", ""torch.float16"", ""torch.float16"", ""torch.float16""]","[{""argument"": ""args[0]"", ""shape"": [4096, 8, 128], ""dtype"": ""torch.float16"", ""device"": ""cuda:1"", ""stride"": [1280, 128, 1]}, {""argument"": ""args[1]"", ""shape"": [4096, 1, 128], ""dtype"": ""torch.float16"", ""device"": ""cuda:1"", ""stride"": [1280, 128, 1]}, {""argument"": ""args[2]"", ""shape"": [4096, 1, 128], ""dtype"": ""torch.float16"", ""device"": ""cuda:1"", ""stride"": [1280, 128, 1]}, {""argument"": ""args[3]"", ""shape"": [4096, 8, 128], ""dtype"": ""torch.float16"", ""device"": ""cuda:1"", ""stride"": [1024, 128, 1]}]",182461,507741,2
enterprise,1,9576,prefill,2b19945777114854b82d6cd44b40f27b,optrace:9576:189,aten.view.default,"[{""request_id"": ""c4f28400bfd54f3bbb86f843f6fb61f5"", ""position"": 0, ""query_len"": 4096}]","[[4096, 8, 128]]","[""torch.float16""]","[{""argument"": ""args[0]"", ""shape"": [4096, 8, 128], ""dtype"": ""torch.float16"", ""device"": ""cuda:1"", ""stride"": [1024, 128, 1]}]",8686,0,0
enterprise,1,9576,prefill,2b19945777114854b82d6cd44b40f27b,optrace:9576:190,aten.linear.default,"[{""request_id"": ""c4f28400bfd54f3bbb86f843f6fb61f5"", ""position"": 0, ""query_len"": 4096}]","[[4096, 1024], [2048, 1024]]","[""torch.float16"", ""torch.float16""]","[{""argument"": ""args[0]"", ""shape"": [4096, 1024], ""dtype"": ""torch.float16"", ""device"": ""cuda:1"", ""stride"": [1024, 1]}, {""argument"": ""args[1]"", ""shape"": [2048, 1024], ""dtype"": ""torch.float16"", ""device"": ""cuda:1"", ""stride"": [1024, 1]}]",60942,199710,1
enterprise,1,9576,prefill,2b19945777114854b82d6cd44b40f27b,optrace:9576:191,vllm.all_reduce.default,"[{""request_id"": ""c4f28400bfd54f3bbb86f843f6fb61f5"", ""position"": 0, ""query_len"": 4096}]","[[4096, 2048]]","[""torch.float16""]","[{""argument"": ""args[0]"", ""shape"": [4096, 2048], ""dtype"": ""torch.float16"", ""device"": ""cuda:1"", ""stride"": [2048, 1]}]",85580,0,0
enterprise,1,9576,prefill,2b19945777114854b82d6cd44b40f27b,optrace:9576:192,pynccl.all_reduce,"[{""request_id"": ""c4f28400bfd54f3bbb86f843f6fb61f5"", ""position"": 0, ""query_len"": 4096}]","[[4096, 2048]]","[""torch.float16""]","[{""argument"": ""args[0]"", ""shape"": [4096, 2048], ""dtype"": ""torch.float16"", ""device"": ""cuda:1"", ""stride"": [2048, 1]}]",64004,1118490,1
enterprise,1,9576,prefill,2b19945777114854b82d6cd44b40f27b,optrace:9576:193,aten.detach.default,"[{""request_id"": ""c4f28400bfd54f3bbb86f843f6fb61f5"", ""position"": 0, ""query_len"": 4096}]",[[2048]],"[""torch.float16""]","[{""argument"": ""args[0]"", ""shape"": [2048], ""dtype"": ""torch.float16"", ""device"": ""cuda:1"", ""stride"": [1]}]",9283,0,0
enterprise,1,9576,prefill,2b19945777114854b82d6cd44b40f27b,optrace:9576:194,_C.fused_add_rms_norm.default,"[{""request_id"": ""c4f28400bfd54f3bbb86f843f6fb61f5"", ""position"": 0, ""query_len"": 4096}]","[[4096, 2048], [4096, 2048], [2048]]","[""torch.float16"", ""torch.float16"", ""torch.float16""]","[{""argument"": ""args[0]"", ""shape"": [4096, 2048], ""dtype"": ""torch.float16"", ""device"": ""cuda:1"", ""stride"": [2048, 1]}, {""argument"": ""args[1]"", ""shape"": [4096, 2048], ""dtype"": ""torch.float16"", ""device"": ""cuda:1"", ""stride"": [2048, 1]}, {""argument"": ""args[2]"", ""shape"": [2048], ""dtype"": ""torch.float16"", ""device"": ""cuda:1"", ""stride"": [1]}]",28727,137727,1
enterprise,1,9576,prefill,2b19945777114854b82d6cd44b40f27b,optrace:9576:195,aten.linear.default,"[{""request_id"": ""c4f28400bfd54f3bbb86f843f6fb61f5"", ""position"": 0, ""query_len"": 4096}]","[[4096, 2048], [11008, 2048]]","[""torch.float16"", ""torch.float16""]","[{""argument"": ""args[0]"", ""shape"": [4096, 2048], ""dtype"": ""torch.float16"", ""device"": ""cuda:1"", ""stride"": [2048, 1]}, {""argument"": ""args[1]"", ""shape"": [11008, 2048], ""dtype"": ""torch.float16"", ""device"": ""cuda:1"", ""stride"": [2048, 1]}]",64536,2085299,1
enterprise,1,9576,prefill,2b19945777114854b82d6cd44b40f27b,optrace:9576:196,aten.empty.memory_format,"[{""request_id"": ""c4f28400bfd54f3bbb86f843f6fb61f5"", ""position"": 0, ""query_len"": 4096}]",[],[],[],22633,0,0
enterprise,1,9576,prefill,2b19945777114854b82d6cd44b40f27b,optrace:9576:197,_C.silu_and_mul.default,"[{""request_id"": ""c4f28400bfd54f3bbb86f843f6fb61f5"", ""position"": 0, ""query_len"": 4096}]","[[4096, 5504], [4096, 11008]]","[""torch.float16"", ""torch.float16""]","[{""argument"": ""args[0]"", ""shape"": [4096, 5504], ""dtype"": ""torch.float16"", ""device"": ""cuda:1"", ""stride"": [5504, 1]}, {""argument"": ""args[1]"", ""shape"": [4096, 11008], ""dtype"": ""torch.float16"", ""device"": ""cuda:1"", ""stride"": [11008, 1]}]",17536,291967,1
enterprise,1,9576,prefill,2b19945777114854b82d6cd44b40f27b,optrace:9576:198,aten.linear.default,"[{""request_id"": ""c4f28400bfd54f3bbb86f843f6fb61f5"", ""position"": 0, ""query_len"": 4096}]","[[4096, 5504], [2048, 5504]]","[""torch.float16"", ""torch.float16""]","[{""argument"": ""args[0]"", ""shape"": [4096, 5504], ""dtype"": ""torch.float16"", ""device"": ""cuda:1"", ""stride"": [5504, 1]}, {""argument"": ""args[1]"", ""shape"": [2048, 5504], ""dtype"": ""torch.float16"", ""device"": ""cuda:1"", ""stride"": [5504, 1]}]",46342,971962,1
enterprise,1,9576,prefill,2b19945777114854b82d6cd44b40f27b,optrace:9576:199,vllm.all_reduce.default,"[{""request_id"": ""c4f28400bfd54f3bbb86f843f6fb61f5"", ""position"": 0, ""query_len"": 4096}]","[[4096, 2048]]","[""torch.float16""]","[{""argument"": ""args[0]"", ""shape"": [4096, 2048], ""dtype"": ""torch.float16"", ""device"": ""cuda:1"", ""stride"": [2048, 1]}]",100347,0,0
enterprise,1,9576,prefill,2b19945777114854b82d6cd44b40f27b,optrace:9576:200,pynccl.all_reduce,"[{""request_id"": ""c4f28400bfd54f3bbb86f843f6fb61f5"", ""position"": 0, ""query_len"": 4096}]","[[4096, 2048]]","[""torch.float16""]","[{""argument"": ""args[0]"", ""shape"": [4096, 2048], ""dtype"": ""torch.float16"", ""device"": ""cuda:1"", ""stride"": [2048, 1]}]",82142,1111609,1
enterprise,1,9576,prefill,2b19945777114854b82d6cd44b40f27b,optrace:9576:201,aten.detach.default,"[{""request_id"": ""c4f28400bfd54f3bbb86f843f6fb61f5"", ""position"": 0, ""query_len"": 4096}]",[[2048]],"[""torch.float16""]","[{""argument"": ""args[0]"", ""shape"": [2048], ""dtype"": ""torch.float16"", ""device"": ""cuda:1"", ""stride"": [1]}]",8423,0,0
enterprise,1,9576,prefill,2b19945777114854b82d6cd44b40f27b,optrace:9576:202,_C.fused_add_rms_norm.default,"[{""request_id"": ""c4f28400bfd54f3bbb86f843f6fb61f5"", ""position"": 0, ""query_len"": 4096}]","[[4096, 2048], [4096, 2048], [2048]]","[""torch.float16"", ""torch.float16"", ""torch.float16""]","[{""argument"": ""args[0]"", ""shape"": [4096, 2048], ""dtype"": ""torch.float16"", ""device"": ""cuda:1"", ""stride"": [2048, 1]}, {""argument"": ""args[1]"", ""shape"": [4096, 2048], ""dtype"": ""torch.float16"", ""device"": ""cuda:1"", ""stride"": [2048, 1]}, {""argument"": ""args[2]"", ""shape"": [2048], ""dtype"": ""torch.float16"", ""device"": ""cuda:1"", ""stride"": [1]}]",20990,138847,1
enterprise,1,9576,prefill,2b19945777114854b82d6cd44b40f27b,optrace:9576:203,aten.linear.default,"[{""request_id"": ""c4f28400bfd54f3bbb86f843f6fb61f5"", ""position"": 0, ""query_len"": 4096}]","[[4096, 2048], [1280, 2048], [1280]]","[""torch.float16"", ""torch.float16"", ""torch.float16""]","[{""argument"": ""args[0]"", ""shape"": [4096, 2048], ""dtype"": ""torch.float16"", ""device"": ""cuda:1"", ""stride"": [2048, 1]}, {""argument"": ""args[1]"", ""shape"": [1280, 2048], ""dtype"": ""torch.float16"", ""device"": ""cuda:1"", ""stride"": [2048, 1]}, {""argument"": ""args[2]"", ""shape"": [1280], ""dtype"": ""torch.float16"", ""device"": ""cuda:1"", ""stride"": [1]}]",63011,296447,1
enterprise,1,9576,prefill,2b19945777114854b82d6cd44b40f27b,optrace:9576:204,aten.split_with_sizes.default,"[{""request_id"": ""c4f28400bfd54f3bbb86f843f6fb61f5"", ""position"": 0, ""query_len"": 4096}]","[[4096, 1280]]","[""torch.float16""]","[{""argument"": ""args[0]"", ""shape"": [4096, 1280], ""dtype"": ""torch.float16"", ""device"": ""cuda:1"", ""stride"": [1280, 1]}]",14658,0,0
enterprise,1,9576,prefill,2b19945777114854b82d6cd44b40f27b,optrace:9576:205,_C.rotary_embedding.default,"[{""request_id"": ""c4f28400bfd54f3bbb86f843f6fb61f5"", ""position"": 0, ""query_len"": 4096}]","[[4096], [4096, 1024], [4096, 128], [32768, 128]]","[""torch.int64"", ""torch.float16"", ""torch.float16"", ""torch.float16""]","[{""argument"": ""args[0]"", ""shape"": [4096], ""dtype"": ""torch.int64"", ""device"": ""cuda:1"", ""stride"": [1]}, {""argument"": ""args[1]"", ""shape"": [4096, 1024], ""dtype"": ""torch.float16"", ""device"": ""cuda:1"", ""stride"": [1280, 1]}, {""argument"": ""args[2]"", ""shape"": [4096, 128], ""dtype"": ""torch.float16"", ""device"": ""cuda:1"", ""stride"": [1280, 1]}, {""argument"": ""args[4]"", ""shape"": [32768, 128], ""dtype"": ""torch.float16"", ""device"": ""cuda:1"", ""stride"": [128, 1]}]",25491,46975,1
enterprise,1,9576,prefill,2b19945777114854b82d6cd44b40f27b,optrace:9576:206,aten.zeros.default,"[{""request_id"": ""c4f28400bfd54f3bbb86f843f6fb61f5"", ""position"": 0, ""query_len"": 4096}]",[],[],[],38655,17856,1
enterprise,1,9576,prefill,2b19945777114854b82d6cd44b40f27b,optrace:9576:207,aten.view.default,"[{""request_id"": ""c4f28400bfd54f3bbb86f843f6fb61f5"", ""position"": 0, ""query_len"": 4096}]","[[4096, 1024]]","[""torch.float16""]","[{""argument"": ""args[0]"", ""shape"": [4096, 1024], ""dtype"": ""torch.float16"", ""device"": ""cuda:1"", ""stride"": [1280, 1]}]",8563,0,0
enterprise,1,9576,prefill,2b19945777114854b82d6cd44b40f27b,optrace:9576:208,aten.view.default,"[{""request_id"": ""c4f28400bfd54f3bbb86f843f6fb61f5"", ""position"": 0, ""query_len"": 4096}]","[[4096, 1024]]","[""torch.float16""]","[{""argument"": ""args[0]"", ""shape"": [4096, 1024], ""dtype"": ""torch.float16"", ""device"": ""cuda:1"", ""stride"": [1024, 1]}]",5552,0,0
enterprise,1,9576,prefill,2b19945777114854b82d6cd44b40f27b,optrace:9576:209,aten.view.default,"[{""request_id"": ""c4f28400bfd54f3bbb86f843f6fb61f5"", ""position"": 0, ""query_len"": 4096}]","[[4096, 128]]","[""torch.float16""]","[{""argument"": ""args[0]"", ""shape"": [4096, 128], ""dtype"": ""torch.float16"", ""device"": ""cuda:1"", ""stride"": [1280, 1]}]",12117,0,0
enterprise,1,9576,prefill,2b19945777114854b82d6cd44b40f27b,optrace:9576:210,aten.view.default,"[{""request_id"": ""c4f28400bfd54f3bbb86f843f6fb61f5"", ""position"": 0, ""query_len"": 4096}]","[[4096, 128]]","[""torch.float16""]","[{""argument"": ""args[0]"", ""shape"": [4096, 128], ""dtype"": ""torch.float16"", ""device"": ""cuda:1"", ""stride"": [1280, 1]}]",5185,0,0
enterprise,1,9576,prefill,2b19945777114854b82d6cd44b40f27b,optrace:9576:211,vllm.unified_attention_with_output.default,"[{""request_id"": ""c4f28400bfd54f3bbb86f843f6fb61f5"", ""position"": 0, ""query_len"": 4096}]","[[4096, 8, 128], [4096, 1, 128], [4096, 1, 128], [4096, 8, 128]]","[""torch.float16"", ""torch.float16"", ""torch.float16"", ""torch.float16""]","[{""argument"": ""args[0]"", ""shape"": [4096, 8, 128], ""dtype"": ""torch.float16"", ""device"": ""cuda:1"", ""stride"": [1280, 128, 1]}, {""argument"": ""args[1]"", ""shape"": [4096, 1, 128], ""dtype"": ""torch.float16"", ""device"": ""cuda:1"", ""stride"": [1280, 128, 1]}, {""argument"": ""args[2]"", ""shape"": [4096, 1, 128], ""dtype"": ""torch.float16"", ""device"": ""cuda:1"", ""stride"": [1280, 128, 1]}, {""argument"": ""args[3]"", ""shape"": [4096, 8, 128], ""dtype"": ""torch.float16"", ""device"": ""cuda:1"", ""stride"": [1024, 128, 1]}]",194796,519805,2
enterprise,1,9576,prefill,2b19945777114854b82d6cd44b40f27b,optrace:9576:212,aten.view.default,"[{""request_id"": ""c4f28400bfd54f3bbb86f843f6fb61f5"", ""position"": 0, ""query_len"": 4096}]","[[4096, 8, 128]]","[""torch.float16""]","[{""argument"": ""args[0]"", ""shape"": [4096, 8, 128], ""dtype"": ""torch.float16"", ""device"": ""cuda:1"", ""stride"": [1024, 128, 1]}]",9619,0,0
enterprise,1,9576,prefill,2b19945777114854b82d6cd44b40f27b,optrace:9576:213,aten.linear.default,"[{""request_id"": ""c4f28400bfd54f3bbb86f843f6fb61f5"", ""position"": 0, ""query_len"": 4096}]","[[4096, 1024], [2048, 1024]]","[""torch.float16"", ""torch.float16""]","[{""argument"": ""args[0]"", ""shape"": [4096, 1024], ""dtype"": ""torch.float16"", ""device"": ""cuda:1"", ""stride"": [1024, 1]}, {""argument"": ""args[1]"", ""shape"": [2048, 1024], ""dtype"": ""torch.float16"", ""device"": ""cuda:1"", ""stride"": [1024, 1]}]",57805,201823,1
enterprise,1,9576,prefill,2b19945777114854b82d6cd44b40f27b,optrace:9576:214,vllm.all_reduce.default,"[{""request_id"": ""c4f28400bfd54f3bbb86f843f6fb61f5"", ""position"": 0, ""query_len"": 4096}]","[[4096, 2048]]","[""torch.float16""]","[{""argument"": ""args[0]"", ""shape"": [4096, 2048], ""dtype"": ""torch.float16"", ""device"": ""cuda:1"", ""stride"": [2048, 1]}]",93153,0,0
enterprise,1,9576,prefill,2b19945777114854b82d6cd44b40f27b,optrace:9576:215,pynccl.all_reduce,"[{""request_id"": ""c4f28400bfd54f3bbb86f843f6fb61f5"", ""position"": 0, ""query_len"": 4096}]","[[4096, 2048]]","[""torch.float16""]","[{""argument"": ""args[0]"", ""shape"": [4096, 2048], ""dtype"": ""torch.float16"", ""device"": ""cuda:1"", ""stride"": [2048, 1]}]",65725,1115641,1
enterprise,1,9576,prefill,2b19945777114854b82d6cd44b40f27b,optrace:9576:216,aten.detach.default,"[{""request_id"": ""c4f28400bfd54f3bbb86f843f6fb61f5"", ""position"": 0, ""query_len"": 4096}]",[[2048]],"[""torch.float16""]","[{""argument"": ""args[0]"", ""shape"": [2048], ""dtype"": ""torch.float16"", ""device"": ""cuda:1"", ""stride"": [1]}]",7931,0,0
enterprise,1,9576,prefill,2b19945777114854b82d6cd44b40f27b,optrace:9576:217,_C.fused_add_rms_norm.default,"[{""request_id"": ""c4f28400bfd54f3bbb86f843f6fb61f5"", ""position"": 0, ""query_len"": 4096}]","[[4096, 2048], [4096, 2048], [2048]]","[""torch.float16"", ""torch.float16"", ""torch.float16""]","[{""argument"": ""args[0]"", ""shape"": [4096, 2048], ""dtype"": ""torch.float16"", ""device"": ""cuda:1"", ""stride"": [2048, 1]}, {""argument"": ""args[1]"", ""shape"": [4096, 2048], ""dtype"": ""torch.float16"", ""device"": ""cuda:1"", ""stride"": [2048, 1]}, {""argument"": ""args[2]"", ""shape"": [2048], ""dtype"": ""torch.float16"", ""device"": ""cuda:1"", ""stride"": [1]}]",20220,138367,1
enterprise,1,9576,prefill,2b19945777114854b82d6cd44b40f27b,optrace:9576:218,aten.linear.default,"[{""request_id"": ""c4f28400bfd54f3bbb86f843f6fb61f5"", ""position"": 0, ""query_len"": 4096}]","[[4096, 2048], [11008, 2048]]","[""torch.float16"", ""torch.float16""]","[{""argument"": ""args[0]"", ""shape"": [4096, 2048], ""dtype"": ""torch.float16"", ""device"": ""cuda:1"", ""stride"": [2048, 1]}, {""argument"": ""args[1]"", ""shape"": [11008, 2048], ""dtype"": ""torch.float16"", ""device"": ""cuda:1"", ""stride"": [2048, 1]}]",72892,2094004,1
enterprise,1,9576,prefill,2b19945777114854b82d6cd44b40f27b,optrace:9576:219,aten.empty.memory_format,"[{""request_id"": ""c4f28400bfd54f3bbb86f843f6fb61f5"", ""position"": 0, ""query_len"": 4096}]",[],[],[],22254,0,0
enterprise,1,9576,prefill,2b19945777114854b82d6cd44b40f27b,optrace:9576:220,_C.silu_and_mul.default,"[{""request_id"": ""c4f28400bfd54f3bbb86f843f6fb61f5"", ""position"": 0, ""query_len"": 4096}]","[[4096, 5504], [4096, 11008]]","[""torch.float16"", ""torch.float16""]","[{""argument"": ""args[0]"", ""shape"": [4096, 5504], ""dtype"": ""torch.float16"", ""device"": ""cuda:1"", ""stride"": [5504, 1]}, {""argument"": ""args[1]"", ""shape"": [4096, 11008], ""dtype"": ""torch.float16"", ""device"": ""cuda:1"", ""stride"": [11008, 1]}]",17140,292350,1
enterprise,1,9576,prefill,2b19945777114854b82d6cd44b40f27b,optrace:9576:221,aten.linear.default,"[{""request_id"": ""c4f28400bfd54f3bbb86f843f6fb61f5"", ""position"": 0, ""query_len"": 4096}]","[[4096, 5504], [2048, 5504]]","[""torch.float16"", ""torch.float16""]","[{""argument"": ""args[0]"", ""shape"": [4096, 5504], ""dtype"": ""torch.float16"", ""device"": ""cuda:1"", ""stride"": [5504, 1]}, {""argument"": ""args[1]"", ""shape"": [2048, 5504], ""dtype"": ""torch.float16"", ""device"": ""cuda:1"", ""stride"": [5504, 1]}]",45066,975002,1
enterprise,1,9576,prefill,2b19945777114854b82d6cd44b40f27b,optrace:9576:222,vllm.all_reduce.default,"[{""request_id"": ""c4f28400bfd54f3bbb86f843f6fb61f5"", ""position"": 0, ""query_len"": 4096}]","[[4096, 2048]]","[""torch.float16""]","[{""argument"": ""args[0]"", ""shape"": [4096, 2048], ""dtype"": ""torch.float16"", ""device"": ""cuda:1"", ""stride"": [2048, 1]}]",86703,0,0
enterprise,1,9576,prefill,2b19945777114854b82d6cd44b40f27b,optrace:9576:223,pynccl.all_reduce,"[{""request_id"": ""c4f28400bfd54f3bbb86f843f6fb61f5"", ""position"": 0, ""query_len"": 4096}]","[[4096, 2048]]","[""torch.float16""]","[{""argument"": ""args[0]"", ""shape"": [4096, 2048], ""dtype"": ""torch.float16"", ""device"": ""cuda:1"", ""stride"": [2048, 1]}]",68558,1119961,1
enterprise,1,9576,prefill,2b19945777114854b82d6cd44b40f27b,optrace:9576:224,aten.detach.default,"[{""request_id"": ""c4f28400bfd54f3bbb86f843f6fb61f5"", ""position"": 0, ""query_len"": 4096}]",[[2048]],"[""torch.float16""]","[{""argument"": ""args[0]"", ""shape"": [2048], ""dtype"": ""torch.float16"", ""device"": ""cuda:1"", ""stride"": [1]}]",8472,0,0
enterprise,1,9576,prefill,2b19945777114854b82d6cd44b40f27b,optrace:9576:225,_C.fused_add_rms_norm.default,"[{""request_id"": ""c4f28400bfd54f3bbb86f843f6fb61f5"", ""position"": 0, ""query_len"": 4096}]","[[4096, 2048], [4096, 2048], [2048]]","[""torch.float16"", ""torch.float16"", ""torch.float16""]","[{""argument"": ""args[0]"", ""shape"": [4096, 2048], ""dtype"": ""torch.float16"", ""device"": ""cuda:1"", ""stride"": [2048, 1]}, {""argument"": ""args[1]"", ""shape"": [4096, 2048], ""dtype"": ""torch.float16"", ""device"": ""cuda:1"", ""stride"": [2048, 1]}, {""argument"": ""args[2]"", ""shape"": [2048], ""dtype"": ""torch.float16"", ""device"": ""cuda:1"", ""stride"": [1]}]",30560,139104,1
enterprise,1,9576,prefill,2b19945777114854b82d6cd44b40f27b,optrace:9576:226,aten.linear.default,"[{""request_id"": ""c4f28400bfd54f3bbb86f843f6fb61f5"", ""position"": 0, ""query_len"": 4096}]","[[4096, 2048], [1280, 2048], [1280]]","[""torch.float16"", ""torch.float16"", ""torch.float16""]","[{""argument"": ""args[0]"", ""shape"": [4096, 2048], ""dtype"": ""torch.float16"", ""device"": ""cuda:1"", ""stride"": [2048, 1]}, {""argument"": ""args[1]"", ""shape"": [1280, 2048], ""dtype"": ""torch.float16"", ""device"": ""cuda:1"", ""stride"": [2048, 1]}, {""argument"": ""args[2]"", ""shape"": [1280], ""dtype"": ""torch.float16"", ""device"": ""cuda:1"", ""stride"": [1]}]",67188,294878,1
enterprise,1,9576,prefill,2b19945777114854b82d6cd44b40f27b,optrace:9576:227,aten.split_with_sizes.default,"[{""request_id"": ""c4f28400bfd54f3bbb86f843f6fb61f5"", ""position"": 0, ""query_len"": 4096}]","[[4096, 1280]]","[""torch.float16""]","[{""argument"": ""args[0]"", ""shape"": [4096, 1280], ""dtype"": ""torch.float16"", ""device"": ""cuda:1"", ""stride"": [1280, 1]}]",15064,0,0
enterprise,1,9576,prefill,2b19945777114854b82d6cd44b40f27b,optrace:9576:228,_C.rotary_embedding.default,"[{""request_id"": ""c4f28400bfd54f3bbb86f843f6fb61f5"", ""position"": 0, ""query_len"": 4096}]","[[4096], [4096, 1024], [4096, 128], [32768, 128]]","[""torch.int64"", ""torch.float16"", ""torch.float16"", ""torch.float16""]","[{""argument"": ""args[0]"", ""shape"": [4096], ""dtype"": ""torch.int64"", ""device"": ""cuda:1"", ""stride"": [1]}, {""argument"": ""args[1]"", ""shape"": [4096, 1024], ""dtype"": ""torch.float16"", ""device"": ""cuda:1"", ""stride"": [1280, 1]}, {""argument"": ""args[2]"", ""shape"": [4096, 128], ""dtype"": ""torch.float16"", ""device"": ""cuda:1"", ""stride"": [1280, 1]}, {""argument"": ""args[4]"", ""shape"": [32768, 128], ""dtype"": ""torch.float16"", ""device"": ""cuda:1"", ""stride"": [128, 1]}]",34047,46848,1
enterprise,1,9576,prefill,2b19945777114854b82d6cd44b40f27b,optrace:9576:229,aten.zeros.default,"[{""request_id"": ""c4f28400bfd54f3bbb86f843f6fb61f5"", ""position"": 0, ""query_len"": 4096}]",[],[],[],40871,18015,1
enterprise,1,9576,prefill,2b19945777114854b82d6cd44b40f27b,optrace:9576:230,aten.view.default,"[{""request_id"": ""c4f28400bfd54f3bbb86f843f6fb61f5"", ""position"": 0, ""query_len"": 4096}]","[[4096, 1024]]","[""torch.float16""]","[{""argument"": ""args[0]"", ""shape"": [4096, 1024], ""dtype"": ""torch.float16"", ""device"": ""cuda:1"", ""stride"": [1280, 1]}]",8804,0,0
enterprise,1,9576,prefill,2b19945777114854b82d6cd44b40f27b,optrace:9576:231,aten.view.default,"[{""request_id"": ""c4f28400bfd54f3bbb86f843f6fb61f5"", ""position"": 0, ""query_len"": 4096}]","[[4096, 1024]]","[""torch.float16""]","[{""argument"": ""args[0]"", ""shape"": [4096, 1024], ""dtype"": ""torch.float16"", ""device"": ""cuda:1"", ""stride"": [1024, 1]}]",5204,0,0
enterprise,1,9576,prefill,2b19945777114854b82d6cd44b40f27b,optrace:9576:232,aten.view.default,"[{""request_id"": ""c4f28400bfd54f3bbb86f843f6fb61f5"", ""position"": 0, ""query_len"": 4096}]","[[4096, 128]]","[""torch.float16""]","[{""argument"": ""args[0]"", ""shape"": [4096, 128], ""dtype"": ""torch.float16"", ""device"": ""cuda:1"", ""stride"": [1280, 1]}]",5547,0,0
enterprise,1,9576,prefill,2b19945777114854b82d6cd44b40f27b,optrace:9576:233,aten.view.default,"[{""request_id"": ""c4f28400bfd54f3bbb86f843f6fb61f5"", ""position"": 0, ""query_len"": 4096}]","[[4096, 128]]","[""torch.float16""]","[{""argument"": ""args[0]"", ""shape"": [4096, 128], ""dtype"": ""torch.float16"", ""device"": ""cuda:1"", ""stride"": [1280, 1]}]",5760,0,0
enterprise,1,9576,prefill,2b19945777114854b82d6cd44b40f27b,optrace:9576:234,vllm.unified_attention_with_output.default,"[{""request_id"": ""c4f28400bfd54f3bbb86f843f6fb61f5"", ""position"": 0, ""query_len"": 4096}]","[[4096, 8, 128], [4096, 1, 128], [4096, 1, 128], [4096, 8, 128]]","[""torch.float16"", ""torch.float16"", ""torch.float16"", ""torch.float16""]","[{""argument"": ""args[0]"", ""shape"": [4096, 8, 128], ""dtype"": ""torch.float16"", ""device"": ""cuda:1"", ""stride"": [1280, 128, 1]}, {""argument"": ""args[1]"", ""shape"": [4096, 1, 128], ""dtype"": ""torch.float16"", ""device"": ""cuda:1"", ""stride"": [1280, 128, 1]}, {""argument"": ""args[2]"", ""shape"": [4096, 1, 128], ""dtype"": ""torch.float16"", ""device"": ""cuda:1"", ""stride"": [1280, 128, 1]}, {""argument"": ""args[3]"", ""shape"": [4096, 8, 128], ""dtype"": ""torch.float16"", ""device"": ""cuda:1"", ""stride"": [1024, 128, 1]}]",174121,519613,2
enterprise,1,9576,prefill,2b19945777114854b82d6cd44b40f27b,optrace:9576:235,aten.view.default,"[{""request_id"": ""c4f28400bfd54f3bbb86f843f6fb61f5"", ""position"": 0, ""query_len"": 4096}]","[[4096, 8, 128]]","[""torch.float16""]","[{""argument"": ""args[0]"", ""shape"": [4096, 8, 128], ""dtype"": ""torch.float16"", ""device"": ""cuda:1"", ""stride"": [1024, 128, 1]}]",8517,0,0
enterprise,1,9576,prefill,2b19945777114854b82d6cd44b40f27b,optrace:9576:236,aten.linear.default,"[{""request_id"": ""c4f28400bfd54f3bbb86f843f6fb61f5"", ""position"": 0, ""query_len"": 4096}]","[[4096, 1024], [2048, 1024]]","[""torch.float16"", ""torch.float16""]","[{""argument"": ""args[0]"", ""shape"": [4096, 1024], ""dtype"": ""torch.float16"", ""device"": ""cuda:1"", ""stride"": [1024, 1]}, {""argument"": ""args[1]"", ""shape"": [2048, 1024], ""dtype"": ""torch.float16"", ""device"": ""cuda:1"", ""stride"": [1024, 1]}]",52345,202847,1
enterprise,1,9576,prefill,2b19945777114854b82d6cd44b40f27b,optrace:9576:237,vllm.all_reduce.default,"[{""request_id"": ""c4f28400bfd54f3bbb86f843f6fb61f5"", ""position"": 0, ""query_len"": 4096}]","[[4096, 2048]]","[""torch.float16""]","[{""argument"": ""args[0]"", ""shape"": [4096, 2048], ""dtype"": ""torch.float16"", ""device"": ""cuda:1"", ""stride"": [2048, 1]}]",99843,0,0
enterprise,1,9576,prefill,2b19945777114854b82d6cd44b40f27b,optrace:9576:238,pynccl.all_reduce,"[{""request_id"": ""c4f28400bfd54f3bbb86f843f6fb61f5"", ""position"": 0, ""query_len"": 4096}]","[[4096, 2048]]","[""torch.float16""]","[{""argument"": ""args[0]"", ""shape"": [4096, 2048], ""dtype"": ""torch.float16"", ""device"": ""cuda:1"", ""stride"": [2048, 1]}]",73013,1127737,1
enterprise,1,9576,prefill,2b19945777114854b82d6cd44b40f27b,optrace:9576:239,aten.detach.default,"[{""request_id"": ""c4f28400bfd54f3bbb86f843f6fb61f5"", ""position"": 0, ""query_len"": 4096}]",[[2048]],"[""torch.float16""]","[{""argument"": ""args[0]"", ""shape"": [2048], ""dtype"": ""torch.float16"", ""device"": ""cuda:1"", ""stride"": [1]}]",8557,0,0
enterprise,1,9576,prefill,2b19945777114854b82d6cd44b40f27b,optrace:9576:240,_C.fused_add_rms_norm.default,"[{""request_id"": ""c4f28400bfd54f3bbb86f843f6fb61f5"", ""position"": 0, ""query_len"": 4096}]","[[4096, 2048], [4096, 2048], [2048]]","[""torch.float16"", ""torch.float16"", ""torch.float16""]","[{""argument"": ""args[0]"", ""shape"": [4096, 2048], ""dtype"": ""torch.float16"", ""device"": ""cuda:1"", ""stride"": [2048, 1]}, {""argument"": ""args[1]"", ""shape"": [4096, 2048], ""dtype"": ""torch.float16"", ""device"": ""cuda:1"", ""stride"": [2048, 1]}, {""argument"": ""args[2]"", ""shape"": [2048], ""dtype"": ""torch.float16"", ""device"": ""cuda:1"", ""stride"": [1]}]",21362,139616,1
enterprise,1,9576,prefill,2b19945777114854b82d6cd44b40f27b,optrace:9576:241,aten.linear.default,"[{""request_id"": ""c4f28400bfd54f3bbb86f843f6fb61f5"", ""position"": 0, ""query_len"": 4096}]","[[4096, 2048], [11008, 2048]]","[""torch.float16"", ""torch.float16""]","[{""argument"": ""args[0]"", ""shape"": [4096, 2048], ""dtype"": ""torch.float16"", ""device"": ""cuda:1"", ""stride"": [2048, 1]}, {""argument"": ""args[1]"", ""shape"": [11008, 2048], ""dtype"": ""torch.float16"", ""device"": ""cuda:1"", ""stride"": [2048, 1]}]",62709,2089907,1
enterprise,1,9576,prefill,2b19945777114854b82d6cd44b40f27b,optrace:9576:242,aten.empty.memory_format,"[{""request_id"": ""c4f28400bfd54f3bbb86f843f6fb61f5"", ""position"": 0, ""query_len"": 4096}]",[],[],[],31668,0,0
enterprise,1,9576,prefill,2b19945777114854b82d6cd44b40f27b,optrace:9576:243,_C.silu_and_mul.default,"[{""request_id"": ""c4f28400bfd54f3bbb86f843f6fb61f5"", ""position"": 0, ""query_len"": 4096}]","[[4096, 5504], [4096, 11008]]","[""torch.float16"", ""torch.float16""]","[{""argument"": ""args[0]"", ""shape"": [4096, 5504], ""dtype"": ""torch.float16"", ""device"": ""cuda:1"", ""stride"": [5504, 1]}, {""argument"": ""args[1]"", ""shape"": [4096, 11008], ""dtype"": ""torch.float16"", ""device"": ""cuda:1"", ""stride"": [11008, 1]}]",17381,292382,1
enterprise,1,9576,prefill,2b19945777114854b82d6cd44b40f27b,optrace:9576:244,aten.linear.default,"[{""request_id"": ""c4f28400bfd54f3bbb86f843f6fb61f5"", ""position"": 0, ""query_len"": 4096}]","[[4096, 5504], [2048, 5504]]","[""torch.float16"", ""torch.float16""]","[{""argument"": ""args[0]"", ""shape"": [4096, 5504], ""dtype"": ""torch.float16"", ""device"": ""cuda:1"", ""stride"": [5504, 1]}, {""argument"": ""args[1]"", ""shape"": [2048, 5504], ""dtype"": ""torch.float16"", ""device"": ""cuda:1"", ""stride"": [5504, 1]}]",50144,976922,1
enterprise,1,9576,prefill,2b19945777114854b82d6cd44b40f27b,optrace:9576:245,vllm.all_reduce.default,"[{""request_id"": ""c4f28400bfd54f3bbb86f843f6fb61f5"", ""position"": 0, ""query_len"": 4096}]","[[4096, 2048]]","[""torch.float16""]","[{""argument"": ""args[0]"", ""shape"": [4096, 2048], ""dtype"": ""torch.float16"", ""device"": ""cuda:1"", ""stride"": [2048, 1]}]",85058,0,0
enterprise,1,9576,prefill,2b19945777114854b82d6cd44b40f27b,optrace:9576:246,pynccl.all_reduce,"[{""request_id"": ""c4f28400bfd54f3bbb86f843f6fb61f5"", ""position"": 0, ""query_len"": 4096}]","[[4096, 2048]]","[""torch.float16""]","[{""argument"": ""args[0]"", ""shape"": [4096, 2048], ""dtype"": ""torch.float16"", ""device"": ""cuda:1"", ""stride"": [2048, 1]}]",58692,1099226,1
enterprise,1,9576,prefill,2b19945777114854b82d6cd44b40f27b,optrace:9576:247,aten.detach.default,"[{""request_id"": ""c4f28400bfd54f3bbb86f843f6fb61f5"", ""position"": 0, ""query_len"": 4096}]",[[2048]],"[""torch.float16""]","[{""argument"": ""args[0]"", ""shape"": [2048], ""dtype"": ""torch.float16"", ""device"": ""cuda:1"", ""stride"": [1]}]",8313,0,0
enterprise,1,9576,prefill,2b19945777114854b82d6cd44b40f27b,optrace:9576:248,_C.fused_add_rms_norm.default,"[{""request_id"": ""c4f28400bfd54f3bbb86f843f6fb61f5"", ""position"": 0, ""query_len"": 4096}]","[[4096, 2048], [4096, 2048], [2048]]","[""torch.float16"", ""torch.float16"", ""torch.float16""]","[{""argument"": ""args[0]"", ""shape"": [4096, 2048], ""dtype"": ""torch.float16"", ""device"": ""cuda:1"", ""stride"": [2048, 1]}, {""argument"": ""args[1]"", ""shape"": [4096, 2048], ""dtype"": ""torch.float16"", ""device"": ""cuda:1"", ""stride"": [2048, 1]}, {""argument"": ""args[2]"", ""shape"": [2048], ""dtype"": ""torch.float16"", ""device"": ""cuda:1"", ""stride"": [1]}]",20869,139167,1
enterprise,1,9576,prefill,2b19945777114854b82d6cd44b40f27b,optrace:9576:249,aten.lift_fresh.default,"[{""request_id"": ""c4f28400bfd54f3bbb86f843f6fb61f5"", ""position"": 0, ""query_len"": 4096}]",[[1]],"[""torch.int64""]","[{""argument"": ""args[0]"", ""shape"": [1], ""dtype"": ""torch.int64"", ""device"": ""cpu"", ""stride"": [1]}]",5963,0,0
enterprise,1,9576,prefill,2b19945777114854b82d6cd44b40f27b,optrace:9576:250,aten.to.device,"[{""request_id"": ""c4f28400bfd54f3bbb86f843f6fb61f5"", ""position"": 0, ""query_len"": 4096}]",[[1]],"[""torch.int64""]","[{""argument"": ""args[0]"", ""shape"": [1], ""dtype"": ""torch.int64"", ""device"": ""cpu"", ""stride"": [1]}]",26931356,0,0
enterprise,1,9576,prefill,2b19945777114854b82d6cd44b40f27b,optrace:9576:251,aten.detach_.default,"[{""request_id"": ""c4f28400bfd54f3bbb86f843f6fb61f5"", ""position"": 0, ""query_len"": 4096}]",[[1]],"[""torch.int64""]","[{""argument"": ""args[0]"", ""shape"": [1], ""dtype"": ""torch.int64"", ""device"": ""cuda:1"", ""stride"": [1]}]",19806,0,0
enterprise,1,9576,prefill,2b19945777114854b82d6cd44b40f27b,optrace:9576:252,aten.index_select.default,"[{""request_id"": ""c4f28400bfd54f3bbb86f843f6fb61f5"", ""position"": 0, ""query_len"": 4096}]","[[4096, 2048], [1]]","[""torch.float16"", ""torch.int64""]","[{""argument"": ""args[0]"", ""shape"": [4096, 2048], ""dtype"": ""torch.float16"", ""device"": ""cuda:1"", ""stride"": [2048, 1]}, {""argument"": ""args[2]"", ""shape"": [1], ""dtype"": ""torch.int64"", ""device"": ""cuda:1"", ""stride"": [1]}]",54924,2880,1
enterprise,1,9576,prefill,2b19945777114854b82d6cd44b40f27b,optrace:9576:253,aten.linear.default,"[{""request_id"": ""c4f28400bfd54f3bbb86f843f6fb61f5"", ""position"": 0, ""query_len"": 4096}]","[[1, 2048], [75968, 2048]]","[""torch.float16"", ""torch.float16""]","[{""argument"": ""args[0]"", ""shape"": [1, 2048], ""dtype"": ""torch.float16"", ""device"": ""cuda:1"", ""stride"": [2048, 1]}, {""argument"": ""args[1]"", ""shape"": [75968, 2048], ""dtype"": ""torch.float16"", ""device"": ""cuda:1"", ""stride"": [2048, 1]}]",62924,643068,1
enterprise,1,9576,prefill,2b19945777114854b82d6cd44b40f27b,optrace:9576:254,c10d.gather_.default,"[{""request_id"": ""c4f28400bfd54f3bbb86f843f6fb61f5"", ""position"": 0, ""query_len"": 4096}]","[[1, 75968]]","[""torch.float16""]","[{""argument"": ""args[1][0]"", ""shape"": [1, 75968], ""dtype"": ""torch.float16"", ""device"": ""cuda:1"", ""stride"": [75968, 1]}]",260644,23328,1
